staycz_white_male_p1
0.74707586
0.5928914
0.62187332
0.69854045
0.56418639
0.64922065
0.73645467
0.7651819
0.66109776
0.71651208
0.70529133
0.72262579
0.76958829
0.63190478
0.79218024
0.73152846
0.61743981
0.77387279
0.75621468
0.63014907
0.64154553
0.58915848
0.6606189
0.7574929
0.72500038
0.7167148
0.7499187
0.74208295
0.67711771
0.77310044
0.58414638
0.54929453
0.75554276
0.7711581
0.66385949
0.53946191
0.74501973
0.64207101
0.64079285
0.75328392
0.70165628
0.74512726
0.56406051
0.47652307
0.59703696
0.362573
0.57208186
0.5259794
0.57127607
0.53456044
0.36951143
0.56036782
0.75649667
0.67546797
0.6997785
0.78587079
0.80773389
0.72527719
0.79006672
0.71659267
0.71101677
0.80197859
0.8013249
0.76592451
0.78352034
""
0.41544577
0.61368406
0.54036117
0.66715938
0.53265244
0.67183328
0.75422287
0.61234409
0.67105508
0.70879
0.66939956
0.5540182
0.78856891
0.66479069
0.76461685
0.4954592
0.60276359
0.69503355
0.57113612
0.52047938
0.54175639
0.69560367
0.7413336
0.71606976
0.71033412
0.65636015
0.6488623
0.59431762
0.60725534
0.74427766
0.7245236
0.39143956
0.61112654
0.72886288
0.76282966
0.67888349
0.68135941
0.58777815
0.72216046
""
0.64917874
0.55686635
0.62571514
0.63137597
0.60591078
0.92337406
0.69477403
0.67107874
0.55907685
0.68014097
0.79051811
0.61550182
0.60763389
0.59163451
0.67560357
0.79060543
0.7443555
0.82945585
0.72537029
0.77649891
0.74220979
0.76538557
0.77316213
0.8038584
""
0.64786303
0.6067372
0.54377937
0.7714777
0.67912483
0.59492725
0.75603002
0.80442977
0.75776941
0.75041133
0.55876017
0.75652409
0.67688662
0.57789463
0.67911005
0.72750759
0.75304246
0.70260727
0.69919991
0.83447117
0.68436301
0.61071336
0.70071995
0.64799708
0.58941084
0.56326348
0.63329238
0.67099512
0.60776246
0.6648792
0.59712672
0.48372009
0.44533303
0.51428777
0.73275995
0.76503986
0.74087828
0.66214663
0.8486867
0.63225716
0.71557409
0.67863756
0.72993678
0.7535935
0.7772097
0.74380451
0.73492306
0.75866032
0.6137194
0.61504096
0.57350343
0.65137893
0.54912776
0.64060694
0.60839415
0.48753852
0.675129
0.59418148
0.69073308
0.59823686
0.48892498
0.73888707
0.66114342
0.61491203
0.58299243
0.65471148
0.56660706
0.57889473
0.65366566
0.57352871
0.7675162
0.64590484
0.6797874
0.76565772
0.54622853
0.69587207
0.70106745
0.75708359
0.71940202
0.80234343
0.79315674
0.77200127
0.75456768
0.69808441
0.67433363
0.72518575
0.6976617
0.69914818
0.72641081
0.7820276
0.77564788
0.79152906
0.73290032
0.75346202
0.44819409
0.65710318
0.71586239
0.61958146
0.58510524
0.67596519
0.63157475
0.58951116
0.59477288
0.57449776
0.5573594
0.6410073
0.68615735
0.73402089
0.56549883
0.48102644
0.48006615
0.40379348
""
""
0.60250711
0.37736923
0.34502763
0.55750936
""
0.5204252
0.55791599
""
0.52442855
0.71408147
0.77057064
0.75200444
0.76672584
0.76945215
0.76978928
0.77714109
0.7346946
0.69836479
0.74816847
0.64008832
0.52597278
0.70235217
0.63190001
0.71528023
0.69105709
0.63086683
0.68012196
0.73642105
0.68241704
0.62351859
0.59345829
0.59486133
0.59312081
0.74106419
0.61677551
0.6497789
0.77955598
0.71227306
0.64073044
0.65939152
0.53229916
0.58553529
0.70000947
0.61247939
0.55043137
0.61971849
0.50998825
0.68351871
0.5906899
0.6790328
0.8022123
0.78302133
0.78867406
0.64255321
0.72498167
0.20631237
0.58199197
0.62009186
0.75580114
0.71546686
0.61917812
0.71929693
0.73474312
0.78436118
0.5979746
0.62388951
0.6034022
0.6975283
0.69158858
0.69314778
0.69316006
0.7350027
0.79311466
0.76702982
0.74988532
0.67409307
0.5919022
0.83933109
0.68957371
0.53563923
0.59711331
0.7130608
0.79504728
0.6736148
0.72375435
0.7862699
0.74506545
0.59582764
0.58457738
0.5796327
0.73301882
0.69763088
0.79286104
0.64452261
0.717673
0.72116029
0.70896435
""
0.42158234
0.60038704
0.71294522
0.78015918
0.77922314
""
0.48980886
""
0.69608045
0.63983864
0.5781951
0.64312494
0.72500229
0.6314792
0.79327792
0.56327558
0.48422754
0.45015472
0.63554305
0.45125595
0.59109449
0.57982361
0.57460696
0.6684882
0.6278832
0.63154626
0.62959492
0.57020909
0.76375341
0.64314735
0.7077806
0.75537908
0.79515487
0.75211179
0.75979877
0.68673587
0.64642429
0.74454731
0.74281514
0.72914267
0.69216788
0.73327649
0.71138757
0.57414162
0.59800804
0.76023841
0.78682482
0.75755501
1.0591042
0.85626429
""
""
""
0.53106731
""
""
""
0.67148638
0.82181597
0.81335855
0.75401783
0.88278359
""
0.52489746
0.6582889
0.73655903
0.68634462
""
""
""
""
""
""
""
0.65347141
0.67202717
0.85965174
0.61697042
""
""
""
""
0.82353181
0.55866742
0.64492321
0.7247889
0.64685988
0.66415673
0.68691981
""
""
0.67046517
""
0.68982786
0.75583398
0.66962987
""
""
0.56103063
0.74811178
0.76003832
0.81827784
0.7949003
0.68113089
0.76216298
0.74715543
0.76530015
""
0.71665514
0.61305004
""
0.68601966
0.75943977
0.83450246
0.6803844
""
0.6133619
0.62000799
0.73018181
0.56643355
0.54012024
0.71948487
0.69980079
0.54018974
0.69566029
0.63340086
0.6465807
0.77534509
0.82187188
0.77459127
0.75713056
0.74842244
0.66844016
0.76495367
0.75656646
0.75565702
0.78060555
0.78422707
0.77081555
0.76062292
0.75171584
0.77105147
0.87083232
0.79137272
0.83453786
0.73420703
0.82381475
0.79376006
0.83126563
0.80258471
0.85811424
0.73787141
0.77405208
0.70839685
0.75917232
0.8255592
0.78106481
0.79574376
0.74028921
0.77448678
0.67439759
0.78230071
0.69030315
0.68823659
0.79615563
0.69903541
0.78466201
0.7266466
0.793832
0.68536657
0.72740895
0.76258737
0.66557282
0.69313425
0.67564392
0.63212544
0.77846557
0.78012609
0.58546281
0.66611594
0.53400582
0.6009993
0.84649003
0.59871578
""
""
0.70504534
0.56691122
0.7205897
0.77800822
0.54751605
0.72503173
0.78532529
0.84420162
0.74712515
0.73371053
0.77198821
0.70714939
0.68342829
0.73509467
0.73078215
0.83672899
0.57317173
0.5845775
0.60985029
0.55632466
0.61550093
0.64796913
0.6818378
0.65862268
0.69227618
0.62416017
0.6540792
0.70379776
0.78239948
""
0.715051
0.58585829
0.78595537
0.69827199
0.63497359
0.62032038
0.61745018
0.60842353
0.80042058
0.81915575
0.74843377
0.62540895
0.73259121
0.69012082
0.70176047
0.73771054
0.75656748
0.71211576
0.65924144
0.90064615
0.6433562
0.70043457
0.7650798
0.82866275
0.80913204
0.84803236
0.80606139
0.79586118
0.42887112
0.44944203
0.42084813
0.39601788
0.21246026
""
0.53228647
""
""
0.42375022
0.42819032
0.46032524
0.55300117
0.5999558
0.51723439
0.49691692
0.49223208
0.62125409
0.66712576
0.65420645
0.52063847
0.648763
0.63496697
0.64793998
0.66042161
0.71179867
0.60724545
0.8109917
0.80592757
0.83029842
0.79165679
0.82599998
0.76759392
0.74268919
0.65217358
0.72665024
0.82276797
0.7546944
0.77575344
0.69674271
0.7299962
0.79442608
0.72495776
0.86839825
0.5867008
""
0.57248479
0.71782535
0.66255027
""
""
""
""
""
""
""
""
""
""
""
0.68568558
0.64066327
0.55391592
0.7888065
0.77221221
0.90504241
0.71511656
0.73816919
0.59879839
0.59664381
0.93616021
0.77632159
0.61619198
0.70792145
""
0.79357368
0.70428056
0.52726048
0.66921008
0.65903831
0.66735524
0.66064876
0.51195091
0.27354372
0.37711218
0.72957367
0.78055996
0.65057606
0.73367006
0.76349533
0.74256688
0.67013836
0.64820039
0.62322545
0.56573647
0.4298133
0.6025632
0.69407916
0.62362474
0.55384398
0.63831514
0.68646771
0.81025845
0.86667496
0.78037411
0.74531436
0.78207368
0.83711529
0.79119247
0.78493452
0.61375004
0.72857004
0.53157812
0.71388054
0.6431393
0.51445448
0.64016157
0.74333572
0.84557366
0.78607357
0.66033971
0.80258089
0.64590234
0.57499099
0.68654823
0.68687117
0.56231833
0.60322911
0.5716995
0.61872149
0.75908554
0.78459102
0.45001459
0.52122885
0.71603072
0.46650302
0.64242536
0.46824184
0.70864308
0.61848372
0.63354748
0.68797278
0.64300573
0.66733044
0.73514432
0.6016522
0.69240731
0.67452806
0.6656583
0.61885053
0.56453562
0.68423343
0.65684712
0.68687421
0.70027059
0.76522863
0.67648101
0.75703502
0.55483758
0.62203068
0.7143653
0.72279066
0.74187052
0.73152107
0.58879036
""
""
""
""
""
""
""
0.55928904
0.52778172
0.6141988
0.71782094
0.64255077
""
""
""
""
""
""
0.69828129
0.76911706
0.69112694
0.78474414
0.57640153
0.71343613
0.8056829
""
0.70112777
0.67279631
0.6109907
0.72354048
0.76612282
0.68582749
0.7930429
0.63743615
0.59445947
0.75899142
0.67837244
0.48438767
0.63237298
0.54902339
0.56172848
0.76451844
0.7076174
0.62938195
0.73290318
0.81851554
0.70954585
0.66277653
0.58001906
0.7321229
""
0.63305932
0.67517781
0.39343125
0.74815601
0.65482277
0.67408079
0.70046383
0.7825923
0.58135468
0.71116143
0.63402706
0.86820191
""
""
""
""
1.0991794
0.93957317
0.69949681
0.81537002
0.78792876
0.81520396
0.72363842
0.81439698
0.77305657
0.85309952
0.81078094
0.82657796
0.78259069
0.8852331
0.83763051
0.83472931
0.83909291
0.7643528
0.79938972
0.79355794
0.76412749
0.76451361
0.75139165
0.63987023
0.7220515
0.82362056
0.77794975
0.77900386
0.69658518
0.84961045
0.84138113
0.71041399
0.66604871
0.81409639
0.71498019
0.82795733
0.75703651
0.7059803
0.68816298
0.81308901
0.78203017
0.82832497
0.78914183
""
""
""
""
0.44685543
""
0.45173985
0.54316753
0.55807793
0.68717903
""
""
0.56252611
0.71695876
0.62223667
""
""
0.27632272
0.61694765
""
""
0.44754672
0.36469904
0.54088712
0.69084501
0.68447137
0.60128361
0.5723471
0.46879169
0.61739153
0.7514407
""
""
""
0.7453509
0.5950585
0.54087716
0.48706141
0.53906995
0.68822479
0.67621237
0.57385987
0.6289078
0.50914484
0.60794669
0.6859194
0.48901916
0.70307988
0.55900246
0.4952482
0.44060749
0.4614737
0.53967255
0.47902414
0.45733175
""
""
0.40930781
""
0.70552927
0.69249237
0.56751245
0.58788526
0.34251451
0.39747822
0.48890436
0.58200258
0.34989074
0.53750789
0.48478827
0.5211705
0.67309076
""
0.70219976
""
0.73807257
0.58634639
0.70392197
0.70418477
0.48217446
0.77587527
0.74858969
0.79343891
0.68347842
0.79054481
0.72513431
0.71861684
0.68020123
0.74102151
0.80483991
0.66513556
0.8089354
0.68863714
0.76577169
0.69693506
0.64864117
0.72336453
0.81314462
0.77590168
0.675237
0.76006442
0.72128952
0.51456016
0.66503441
""
0.55793333
0.65386337
0.68278021
0.57121557
0.56927323
0.64072585
0.6743207
0.59486014
0.49377045
0.50125861
0.44299859
0.72989446
0.55083346
0.80520427
0.77744645
0.72639543
0.69373351
0.66421378
0.61698669
0.61550272
0.59752363
0.6396721
0.54581761
0.53680491
0.6443575
0.53947055
""
0.59688777
0.58746481
0.59027183
0.46950862
0.61141986
0.78859538
0.83193147
0.75300181
0.77144736
0.78326041
0.66396761
0.66405714
0.74247032
0.74754107
0.67723471
0.67776483
0.76924145
0.75697732
0.75401729
0.53585416
0.83749253
0.5842818
0.76369059
0.75707781
0.8310976
0.6820218
0.56518006
0.6039927
0.66174197
0.79407954
0.70181602
0.58541727
0.68693477
0.71578395
0.65711379
0.7851932
0.69287735
0.71147066
0.79443079
0.67666435
0.67103601
0.68673849
0.68064636
0.72943568
0.64672506
0.73296833
0.63268602
0.75780326
0.66828114
0.78288341
0.81788319
0.88671172
0.79612827
0.76505524
0.84304243
0.75649226
0.82213181
0.74862218
0.75722337
0.73842853
0.81829357
0.79920113
0.8285917
0.78838491
0.82047457
""
0.46563038
""
0.56314421
""
0.39822841
0.7274211
0.60688955
0.62156409
0.47342956
0.62330002
0.70821971
0.65652049
0.64564562
""
0.56716466
0.64701849
0.71101671
0.68086827
0.63001478
0.69319147
0.7154395
0.57478154
0.70593977
0.4803718
0.62358415
0.54104477
0.71295017
0.67134559
0.45135465
0.57974529
0.59906524
0.68726891
0.60376513
0.57349157
""
0.48358902
0.59586859
0.68393403
0.76887578
0.82882935
0.63955331
0.84026331
0.6983847
0.80964047
0.67903769
0.7202574
0.62311441
0.64953279
0.59138751
0.50275695
0.36690077
0.80595297
0.71129537
0.72192639
0.73953855
0.7798298
0.83648193
0.62200344
0.73019582
0.7702105
""
0.48741835
0.46170953
0.57855111
""
""
""
0.52178037
0.48660138
0.60321814
0.57903457
0.55152953
0.68420571
0.66836315
0.58057898
0.67987585
0.69065517
0.56256431
0.64442909
0.67280996
0.54064626
0.707385
0.83125043
0.68204117
0.63406438
0.59159517
0.63524854
0.66165394
0.6734671
0.68389446
0.76529622
0.74694043
0.75275177
0.71572751
0.74381018
0.78676647
0.66512054
0.7334621
0.71061856
0.63729203
0.58596915
0.67624491
0.78173298
0.7782045
0.74565828
0.75185651
""
0.64702803
0.85341316
0.61538082
0.63885909
0.65100211
0.6686306
0.74693227
0.59563994
0.63845468
0.72716165
""
""
""
0.6875695
0.61118937
0.64510584
0.61637896
0.54490858
0.67565989
0.48561966
0.52350444
0.44810343
0.73173881
0.64094824
0.65343714
0.6199668
0.65814823
0.59942228
0.64862192
0.60847843
0.53930622
0.60750657
0.49326673
0.56791198
0.63916844
0.50461674
0.66001624
0.54551119
0.58662605
0.61578256
0.60540754
0.52712792
0.56418401
0.64401489
0.60403025
0.65338778
0.62297291
0.56176531
0.64243942
0.6424762
0.67449731
0.55338818
0.63921684
0.64204794
0.64933443
0.60582012
0.68693858
0.61834651
0.63224429
0.61789626
0.56132591
0.66397858
0.60499066
0.61878639
0.57894552
0.69829208
0.63464665
""
""
0.42483154
""
""
0.43867365
""
""
0.51273257
0.56927192
0.56643647
0.48023355
0.46554807
0.64553726
0.47682583
0.61041254
0.47411844
0.53739989
0.42931402
0.56660455
0.62134272
0.61606145
0.54858917
0.61089754
0.54114652
0.4609336
0.61845499
0.40860105
""
0.33464772
0.46606341
0.4161036
0.47943527
0.51013786
0.5067727
0.56167662
""
0.5548504
0.70744395
0.62491882
0.60460794
0.56491125
0.49720782
0.60544616
0.35823914
0.51812184
0.65705985
""
0.7551347
0.56945598
0.52609015
0.46745196
0.43426511
0.29948938
0.41907176
0.47626922
0.39652401
0.29271775
""
""
0.68298119
0.79577005
0.63699222
0.67882061
0.84275252
0.66241366
0.57893276
0.7736541
0.62727737
0.70532268
0.54968405
0.5486266
0.6315847
0.63444251
0.64143467
0.69654363
0.66952914
0.73744404
0.60677701
0.65386909
0.62349194
0.58570713
0.62164372
0.61828566
""
0.47259149
0.45458707
""
""
""
""
0.50200051
0.49369276
0.51709837
""
""
0.37988701
0.55872506
""
0.46775314
0.58408266
0.24191827
""
0.43739679
0.22939761
""
""
""
""
""
""
""
""
""
""
""
""
""
""
""
""
""
0.20413588
""
0.41107547
0.48572192
0.57508361
0.52708775
0.58627784
0.49166963
0.67266995
0.51525825
0.56893796
0.60343784
0.43980661
0.59484321
0.40932083
0.76453072
""
""
""
0.51902544
0.60011703
0.65310371
0.51761919
0.46500644
0.60013723
0.52274501
0.54741275
0.57944596
0.52717221
0.58822268
0.52100503
0.48879725
0.47181451
0.50303942
0.58783972
0.58912915
0.47663307
0.41219455
0.49241871
0.50917399
0.52297837
0.47677648
0.44727412
0.46267647
0.4537788
""
0.47976467
0.44635904
0.56469452
0.54410321
0.4971891
0.46403804
0.41358504
0.53999108
""
0.50026447
0.3429077
0.50002015
0.5077014
""
""
""
""
""
""
0.78140539
0.73346442
0.61579442
0.68681294
0.65298277
0.66066897
0.82095855
0.45553863
0.73964667
0.66454536
0.67373621
0.57700032
0.62274367
""
""
""
""
0.45035052
0.45596004
0.46086079
0.52882409
0.58751458
0.48861992
0.56729299
0.5004766
0.26147735
0.5200963
0.43408465
""
0.51370221
0.62093616
""
""
""
0.41274509
0.3689386
0.81136161
0.67144674
0.60309094
0.81760794
0.66087329
0.63676178
0.64115953
""
""
0.40873691
0.56025004
""
0.67574131
0.75259554
0.069438018
0.79752189
""
0.3596333
""
""
0.6181047
0.70752245
0.56042528
0.63078022
0.33068997
0.77017093
0.68611437
0.71077001
0.68372083
0.81087685
0.78047544
0.70432508
0.65302753
0.72885853
0.70743245
0.85234976
0.73504657
0.73560911
0.82421476
""
0.70150286
""
0.67908669
0.87831968
0.83179444
0.7001431
0.65937364
0.67240125
0.74374509
0.7047568
0.6991967
""
0.61495304
0.74150389
0.60272545
""
0.75588697
0.8219769
0.91653633
0.65427643
0.71074069
0.66341829
""
0.75311196
0.87103391
""
0.74851751
0.68510735
0.78708333
0.70770013
""
0.95278364
0.78034884
""
0.58515525
0.64761817
0.85978156
0.76513314
0.73146641
0.83343542
0.63165349
0.88783312
0.66820723
0.69932353
0.67924953
0.66275448
0.60440195
0.48303553
0.57648295
0.65235591
0.36555678
0.71320581
0.78279394
0.71735924
0.75577205
0.80920243
0.77151459
0.66858137
0.60944206
0.71384764
0.67790866
""
0.5429644
0.80844927
0.69147682
0.76046962
0.78932571
0.67461866
0.68330574
0.73531443
0.74656284
0.79272997
0.74967283
0.75445181
0.70466322
0.71187723
0.76149547
0.72616124
0.75438046
0.6595338
0.6939559
0.68331081
0.7172122
0.49772605
0.78852189
0.71142793
0.73582685
0.71180528
0.64516664
0.55103308
0.58705717
""
0.74543953
""
""
0.77099812
""
0.86022937
0.74893302
""
0.81078368
0.75029898
0.71152681
0.77131349
0.73657376
0.72345877
0.81156516
0.71788514
0.68875253
0.73228574
0.76744431
0.73998553
0.73836541
0.66503924
0.76252615
0.84034175
0.73944831
0.68005103
0.73132908
0.7703535
0.71956348
0.80507421
0.77950484
0.679802
0.70000249
0.75155914
0.59574676
1.028298
0.72921288
0.75985724
0.73537618
0.70085967
0.60694259
0.73697513
0.73288751
0.75633162
0.71240371
0.7317304
0.68047428
0.75172287
0.74366897
0.82144499
0.64589959
0.72113359
0.59910405
0.7329815
0.72452563
0.71337056
0.65791482
0.73998094
0.68942899
0.68297547
0.68206793
0.69964039
0.77289718
0.69901633
0.74543321
0.79984552
0.80260497
0.78332013
0.7898075
0.71870822
0.65197736
0.72451049
0.76387042
0.71722645
0.75541306
0.70588708
0.75130945
0.69486034
0.71604741
0.71045244
0.67205203
0.67330778
0.73271745
0.82257295
0.75874263
0.72410893
0.75780499
0.71224183
0.79715043
0.70646542
0.78828138
0.74417567
0.85653061
0.77203274
0.76117289
0.71546578
0.7103861
0.75356519
0.76853848
0.75201958
0.88566804
0.76233232
0.79016215
0.8217721
0.70793617
0.71804786
0.67677784
0.73607951
0.66055781
0.80327833
0.78611284
0.77114362
0.65259331
0.84700936
0.72169203
0.7210921
0.68289816
0.80685198
0.72837251
0.71685088
0.68432838
0.59055531
0.51789886
0.7433669
0.67184299
0.72527552
0.71981961
0.60746199
0.73171812
0.74651182
0.70866334
0.7334215
0.69542241
0.69237053
0.81514436
0.71893615
0.74520195
0.75677794
0.76772296
0.78709978
0.62786406
0.67915481
0.80462295
0.70603299
0.63874668
0.74878109
0.70725942
0.80980963
0.72073978
0.77087796
0.71585315
0.75441575
0.77949607
0.72838241
0.71140057
0.69769782
0.72296894
0.75841105
0.71231973
0.68927938
0.62849855
0.75829601
0.53062439
0.53728706
0.75350082
0.65497679
0.63525504
0.60067672
0.71092469
0.78910476
0.84171247
0.77375382
0.72043443
0.72062832
0.72444707
0.71997362
0.77700615
0.63349086
0.71764392
0.75474179
0.78441733
0.61227423
0.71589559
0.77866006
0.72641861
0.69670087
0.72186166
0.75917339
0.82833505
0.75948548
0.76913184
0.81139523
0.66853499
0.72836393
0.8304714
0.81738484
0.76180148
0.73018515
0.8009845
0.74202543
0.6738975
0.76508713
0.64973164
0.60391283
0.67216235
0.67924988
0.79781604
0.64098215
0.7316975
0.68578094
0.70102537
0.76503849
0.74665219
0.72604454
0.50642431
0.66360933
0.64393634
0.69745266
0.78617299
0.76593453
0.8163389
0.80873305
0.77309543
0.79012841
0.79528403
0.61605018
0.67595297
0.73591352
0.62754214
0.75302625
0.83323944
0.68701839
0.82305139
0.70746386
0.77148664
0.75855255
0.60599291
0.77275717
0.64920157
0.74447632
0.64816719
0.81424218
0.76814342
0.55037582
0.67082661
""
0.80050159
0.695871
0.91602021
0.69536781
0.66117579
0.63845086
""
""
0.66570252
0.63053721
0.6129809
""
0.91558284
0.69457769
0.73759919
0.73797244
""
""
0.6619935
""
""
""
""
""
""
0.8127386
""
""
""
""
0.63271189
""
0.95744842
0.76324713
""
0.7740137
0.73934394
0.95745242
0.83510917
""
""
0.75364858
0.65242064
0.75243199
0.62468135
0.95214885
0.64019632
0.76499808
0.7942369
0.71677828
""
""
0.71999192
""
""
0.5818544
0.61146963
0.63103074
0.74549133
0.6921224
0.78321725
0.75550884
0.53697598
0.71088266
0.70010316
0.64367682
0.72451133
0.62684268
0.7281841
0.71234214
0.62637198
0.6019128
0.63712054
0.68391317
0.6603204
0.67818648
0.7338863
0.7102741
0.74997175
0.72887069
0.68081021
0.85225147
0.7622565
0.7967099
""
0.76001793
0.77349973
0.80041474
0.57162005
""
0.46547082
0.60068846
0.55909389
0.57917541
0.63503873
0.82000923
0.67452013
0.64772058
0.61892188
0.65715939
0.77645731
0.46299675
0.70958221
0.80029279
0.65573871
0.73541188
0.55620068
0.73735505
0.57983804
0.82052058
0.72372383
0.66973245
0.73126602
0.72707647
0.59584272
0.52115154
0.80609035
0.83494216
0.62102968
0.68072176
0.68650132
0.61798054
0.66546726
0.70034468
0.56879348
0.69477606
0.68700606
0.64357042
0.73142415
0.73269159
0.56408322
0.75508946
0.71655679
0.70026141
0.60116267
0.65706331
0.60100877
0.76714784
0.55112654
0.67673028
0.7473014
0.68219453
0.73364949
0.75652426
0.70227033
0.73760653
0.77420509
0.75591606
0.72982883
0.72355753
0.75819844
""
0.78779536
0.74616003
0.5355677
0.60668772
0.50747836
0.71104097
0.7337746
0.63440281
0.75457644
0.66547549
0.75898749
0.75060314
0.72122353
0.69565463
0.72487622
0.77706355
0.74891043
0.7546497
0.71947199
0.72836047
0.7396574
0.6404534
0.71795553
0.74290174
0.700544
0.75398237
0.72374415
0.64476889
0.73859209
0.70022452
""
0.76469564
0.61241001
0.71192759
0.69576705
0.71725631
0.71257794
0.7096014
0.78546381
0.71592224
0.77437967
0.56899887
0.73350769
0.79462731
0.76356453
0.71755153
0.61338156
0.79127055
0.73278093
0.75717038
0.78463411
0.6658318
0.75626886
""
0.7425102
0.78200465
0.64482349
0.7378996
0.72947621
0.69828868
0.72885132
0.71100962
0.74905044
0.68251443
0.73840767
0.73038179
0.72929221
0.67795533
0.65753901
0.71071601
0.77503294
0.80086994
0.58823705
0.64461702
0.68599403
0.63449913
0.66494423
0.73924595
0.72821355
0.68343073
0.76703191
0.75887716
0.66803527
0.69116837
0.72607112
0.7094065
0.7549718
0.6312604
0.67817771
0.68020618
0.73900241
0.7373482
0.77936798
0.71477813
0.81318468
0.76256478
0.71285242
0.75293416
0.77618825
0.75733989
0.68929124
0.73554629
0.65807927
0.73164582
0.7791093
0.63663203
0.67153448
0.78457242
0.67819166
0.75583094
0.73513478
0.73797011
0.73748177
0.6908496
0.76228428
0.73871422
0.74198216
0.72007096
0.7957387
0.75007969
0.71030098
0.66101927
0.73210001
0.76453537
0.73354906
0.66192687
0.70491922
0.61807138
0.74098194
0.71578538
0.67054302
0.74165559
0.75376588
0.74905932
0.72943491
0.73214406
0.78941476
0.7570591
0.67393512
0.72777051
0.73312116
0.72132415
0.72740412
0.84893328
0.78172523
0.7497595
0.79504341
0.67671716
0.74635971
0.69747829
0.72502005
0.80888933
0.73683703
0.81171095
0.72622007
0.78046685
0.75606298
0.73989135
0.74847531
0.54790467
0.71671611
0.72063291
0.66809148
0.5975759
0.74206871
0.76640332
0.72523683
0.71120209
0.71217793
0.77782136
""
0.76954508
0.69758302
0.78168339
0.51754272
0.58462119
0.69579327
0.65849388
0.75966114
0.68822962
0.82910955
0.71514916
0.69713986
0.74517506
0.76289427
0.667346
0.75855589
0.79828298
0.72678339
0.62562168
0.71805668
0.83361745
0.66620737
0.87764806
0.74234957
0.723782
0.54995513
0.70499271
0.64080936
0.80255878
""
0.79913729
0.85855561
0.92739296
0.74078214
0.69751352
0.72344542
0.90757793
0.78232688
0.74021548
0.73861182
0.7369805
0.82198429
""
0.74393994
0.65656328
0.62109017
0.6505509
0.79793316
0.79852515
0.77207249
0.73850209
0.62937319
0.78738469
0.75955898
0.76426321
0.76431561
0.78519469
0.78954816
0.83593434
0.75489962
0.82818645
0.80890673
0.81963181
0.74635988
0.75834864
0.74238336
0.76831847
0.64253628
0.7827369
0.63183498
0.71075046
0.74333727
0.72111315
0.6708768
""
0.54505426
0.70641774
0.67761618
0.67530894
0.74930787
0.78696674
0.73761708
0.78387588
0.74066859
0.78063971
0.75012612
0.79848194
0.78576022
0.71828824
0.68456
0.74972337
0.83942425
0.78094327
0.66616255
0.66541415
0.71737278
0.76395333
0.69747162
0.75607997
0.72422117
0.76994646
0.72588992
0.80452186
0.7544136
0.72532988
0.77878308
0.7049157
0.77333081
0.7976619
0.72901398
0.74493176
0.71521467
0.70464641
0.67108542
0.82929593
0.79249316
0.71197188
0.72930241
0.60639
0.72433317
""
0.72065246
""
""
0.59478134
0.70644033
0.63312721
0.76726782
0.54442644
0.63792998
0.61911875
0.62534851
0.63167495
0.71001047
0.72442788
0.67736232
0.72158831
0.67529821
0.67376596
0.643094
0.82435042
0.58352613
0.61700636
0.69917458
0.49755028
0.63443017
0.73163378
0.61835587
0.73884559
0.51514053
0.83504665
0.86531246
0.66735226
0.63490033
0.6114983
0.73928022
0.60382628
0.53055036
0.72155058
0.66118246
0.68437785
0.58140773
0.81781244
0.6380949
0.6592766
0.72639132
0.53678906
0.73213655
0.72715861
0.80643409
0.76426476
0.68900245
0.61895949
0.7066071
0.78793228
0.79394388
0.71346152
0.70577663
0.74273318
0.75622249
0.66606635
0.76238781
0.76416981
0.72655559
""
0.91413999
0.60913581
0.75813907
0.68541843
0.80008525
0.71916723
0.67083228
0.70659482
0.80542749
0.5215987
0.71604604
0.80159444
0.91891289
0.76655298
0.69093692
0.34910855
0.48528144
""
""
""
""
""
0.75458115
""
""
""
0.51462543
0.50857621
""
0.43383592
""
0.55325121
0.59238827
0.45519516
0.58371943
0.56531888
0.54396385
0.52276373
0.62137538
0.44833806
0.56769347
0.63030779
0.54031235
0.51754427
0.5998956
0.47471645
0.60083586
0.66553396
0.5820055
0.59300756
0.5984574
0.50086075
0.48202983
0.53482038
0.43520442
0.53488785
0.43565956
0.49469337
0.41414952
0.53854066
0.59149194
0.57421279
0.54983783
0.54564577
0.49871454
0.49256271
0.5826298
0.49494466
""
""
""
""
""
""
""
""
""
""
""
""
""
0.34987032
0.40914556
0.41341016
0.49240735
0.36799523
0.48772764
0.44518584
0.45382273
0.37429127
0.28266928
""
0.5713371
""
0.53026569
0.46671721
0.42998409
0.41527295
0.41080767
""
0.47514853
0.53224558
0.63007975
0.30171353
0.50487459
0.61369753
0.68988061
0.59258789
""
""
0.25944579
0.746198
0.70762938
0.68807805
0.70341575
0.58889484
0.636388
0.64032012
0.60709584
0.51833534
0.40955102
0.57481557
0.58926702
0.75261587
""
0.85080177
0.69191641
""
0.72077388
0.55195504
0.64594811
0.68382329
0.59650302
0.51579928
0.52438718
0.53226441
0.63009024
0.5855515
0.83129716
0.60074472
0.5737682
0.56810796
0.53973645
0.65465498
0.63501483
0.66796023
0.59600538
0.61812252
0.63583648
0.64193785
0.68224198
0.67888677
0.69588661
0.5262298
0.64680302
0.70221066
0.7280187
0.73784918
0.62455904
0.54497474
0.66363013
0.7563225
0.69165158
0.57987791
0.71749616
0.82818913
0.77901953
""
0.73060566
""
0.68907839
0.65029365
0.63096684
0.58381486
0.58230859
0.6431697
0.67680824
0.48478347
0.5221464
0.70430928
0.66627723
0.63913304
0.65808052
0.7128188
0.6845932
0.65257674
0.57857114
0.48987043
0.61892033
0.54405963
0.58828741
0.54457247
0.67987895
0.75863713
0.64840221
0.57086736
0.4907468
0.66768056
0.46716893
0.57166266
0.69893837
0.7003485
0.70039517
0.72420168
0.61144638
0.59390444
0.65139669
0.70519078
0.56788248
0.50348979
0.52919114
0.6487928
0.69709229
0.65420806
0.75992781
0.61277241
0.53457117
0.65236038
0.61834407
0.79580903
0.70162821
0.75932491
0.66888171
0.74348611
0.69984692
0.43071932
0.74922395
0.68842858
0.45941383
0.58582062
0.72744465
0.75364292
0.73147297
0.80038643
0.79634196
0.62069863
0.47324017
0.72684884
""
0.24969906
0.9762857
0.62803143
0.50833023
""
0.30732587
""
0.53998393
0.79695284
0.56586719
0.68801731
0.54822242
0.6330623
0.73171234
0.49908143
0.69782817
0.56360036
0.72024804
0.46796381
0.70513701
0.70261413
0.60379851
0.6275456
0.7013315
0.58332694
0.51096672
0.60554832
0.64498138
0.46151435
0.61658263
0.68573409
0.65566456
0.67104822
0.68512672
0.58541042
0.63500977
0.61458313
0.64937657
0.65991455
0.70129257
0.68809074
0.69107974
0.74508917
0.68564326
0.52275246
0.575719
0.52547538
0.57150316
0.56580597
0.53236765
0.55557364
0.63630146
0.47542521
0.52775526
0.72407258
0.53626984
0.67698914
0.51627225
0.59252518
0.5472796
0.64901328
0.53441644
0.58937585
0.47939366
0.56208175
0.54507011
0.500745
0.57110941
0.44487065
0.67683023
0.56993377
0.62768143
0.6528461
0.61220038
0.47290826
0.47907773
0.43972787
0.50574225
0.67832428
0.632761
0.40898156
0.5535664
0.51713294
0.16844769
0.67864662
0.43626431
0.54414922
0.39972922
0.62218428
0.32532981
0.64763373
0.57965761
0.63156182
0.35594419
0.53322971
""
""
""
""
""
0.60389328
0.63699305
0.75444818
0.76732802
0.70057195
""
0.50115061
""
0.79916447
""
0.70223093
0.66978455
0.8652007
0.81898999
0.69703209
0.65264422
0.74801391
0.75656396
0.65118158
0.83345771
0.75266707
0.72487754
0.69594651
0.44671431
0.74849224
""
0.45487964
0.50155038
0.60901719
0.52054387
0.6666255
0.58248425
""
""
0.68573433
0.81475186
0.63535655
0.66414618
0.72499096
0.84374547
0.79535985
0.58752543
0.68528169
0.63272214
0.64731359
0.46860948
0.60460353
0.74905652
""
0.68887103
0.68600726
0.777888
""
""
""
0.72651953
0.94342697
""
""
""
""
""
0.77065057
0.57382804
""
0.72944301
""
""
""
0.4193449
0.67867762
""
""
""
0.68660414
0.6020956
""
""
0.51232582
0.53583634
0.42155534
0.57550001
""
""
""
0.52727026
0.53902531
0.52338034
0.54589605
0.52395076
0.43494612
0.62900096
0.52611983
0.53797066
0.57749778
0.53098679
0.5291701
0.49737072
0.45696503
0.48805514
0.50381094
0.34146696
0.59483588
0.53485322
0.48055524
0.52900022
0.46390742
0.53293711
0.44900134
0.66920209
0.43389022
0.63258117
0.61486477
0.56982321
0.55859929
0.41861063
0.59155422
0.63280171
0.45693174
0.46670285
0.4884629
0.54028136
0.4453603
0.53933692
0.55030376
0.50246245
0.35451105
0.60178131
0.530155
0.4295744
0.594154
0.41472948
0.36168501
0.60365665
0.50246918
0.65042335
0.47019297
0.62261146
0.38252807
0.35139653
0.52409256
0.36493528
0.50567269
0.61485118
0.74462289
0.53923553
0.58380938
0.44854188
0.4556905
0.49244121
0.45292071
0.31656268
0.34265336
0.54522985
0.46079013
""
0.67243356
0.62334049
0.34505731
0.48103368
0.55482727
0.45778963
0.53210586
0.48530865
0.74612218
0.51192611
0.49246994
""
""
""
""
0.54804885
""
""
""
""
0.49056873
0.16312407
0.4126415
0.50795496
0.52629691
0.5217309
0.64031655
0.56219327
0.5248552
0.59042609
0.53281444
0.51202607
0.55012763
0.5023796
0.52272272
0.53315717
0.52241576
0.71567041
0.51502186
0.50299382
0.56819499
0.51489758
0.70909935
0.54713047
0.54792196
0.59932643
0.55784476
0.77727866
0.74501032
0.71225965
0.72729689
0.76406521
0.5397644
0.74439943
0.72826582
0.74718392
0.66582108
0.69817573
0.70176452
0.66771579
0.75408196
0.76607603
0.60140824
0.80327779
0.66514212
0.76125866
0.74165225
0.75185418
0.8036105
0.62229466
0.64983755
0.64428461
0.66905248
0.58256131
0.70221221
0.69412535
0.73689926
0.76896858
0.73970228
0.74259448
0.72048068
0.68303949
0.64251757
0.73956054
0.7466355
0.69013435
0.73464727
0.62884802
0.69008332
0.70663756
0.70860213
0.75699908
0.71771425
0.71157581
0.78995365
0.68481994
0.59916615
0.67295623
0.61559433
0.5820474
0.55144554
0.64287978
0.58888549
0.57067418
0.61403126
0.69951653
0.54447162
0.57198942
0.47958705
0.52885234
0.37269464
0.4820691
0.51205164
0.56969488
0.57927853
0.54696381
0.54601842
0.35238075
0.45254347
0.42735916
0.54022986
0.59539402
0.43547785
0.60289228
0.70771539
0.80651432
0.64801723
0.69943833
0.71298116
0.63829577
0.58474404
0.52654731
0.56715298
0.46609181
0.46784028
0.39107862
0.60607541
0.66763854
0.63828868
0.56268317
0.61381888
0.62355304
0.55046624
0.5790841
0.72736114
0.75626171
0.70635712
0.71197593
0.66730571
0.77424353
0.67574942
0.64931011
0.61376429
0.55402178
0.69237268
0.65463185
0.69418287
0.70314503
0.69445831
0.6714648
0.76647997
0.58810449
0.60832721
0.75957519
0.78810316
0.78846103
0.77927208
0.70563239
0.67798293
0.67531139
0.72961277
0.69295126
0.70743835
0.7629745
0.69403464
0.72862536
0.63119084
0.6555264
0.64099383
0.51972336
0.58326632
0.57138246
0.61733323
0.6205411
""
""
0.5959093
0.54008424
0.59192216
0.60460317
0.46327356
0.55411571
0.46343169
0.44098613
0.66735995
0.72313648
0.65240163
""
0.64473152
0.60401845
0.71073347
0.58962661
0.61856925
0.5492205
0.39877164
0.45502323
0.38743231
0.62395918
0.69426405
""
0.57258636
0.44583493
0.74316531
0.75625509
0.53317952
0.66111171
0.69338685
0.72879708
0.76504701
0.66572589
0.78363836
0.74350041
0.74775195
0.7556572
0.73626369
0.74023914
0.7250613
0.73995382
0.78117609
0.70188349
0.7452991
0.68652081
0.72537142
0.58743954
0.70012903
0.61906481
0.69695932
0.69531107
0.67249185
0.71963173
0.7946071
0.75540638
0.60605562
0.58516264
0.61610961
0.42676988
0.59787744
0.68863374
0.63932824
0.65694636
0.72733295
0.59804744
0.55320746
0.71691447
0.6485486
0.66454631
0.59134978
0.65959102
0.66534138
0.6493094
0.63335139
0.62920135
0.58285725
0.56378758
0.64370638
0.62795186
0.53418022
0.72420192
0.78278315
0.73730081
0.71697944
0.82371372
0.85396677
0.77149963
0.63895589
0.73123932
0.75137705
0.74896657
0.75766671
0.66957331
0.51108444
0.69361043
0.54700249
0.56184965
0.52910304
0.68178159
0.70169061
0.56600171
0.70570129
0.73513269
0.76881039
0.62274808
0.69478023
0.6395722
0.49454746
0.62777978
0.54071003
0.58365154
0.63750219
0.40961275
0.60038877
0.61436617
0.61558187
0.5808807
0.54996949
0.50837821
0.51510084
0.55586785
0.67005086
0.56664592
0.70263821
0.58109003
""
0.58254117
0.53268951
0.58846396
""
0.63347751
0.56058693
0.23065405
""
0.45560461
0.65625054
0.50362372
0.32917118
0.47866973
0.63789433
0.36322525
0.58405948
0.59336454
0.47325182
0.59499794
0.54344565
0.51465815
0.57767898
0.5987612
0.66001153
0.77011287
0.677926
0.5978561
0.61002362
0.67586231
0.5094263
0.50480217
0.87202477
0.77347243
0.55980831
0.80964422
0.68428344
0.71176827
0.53986758
0.63629943
0.3057223
0.49386528
0.72436643
0.73507017
0.61152774
0.34284559
0.64629072
0.54773003
0.7449618
0.61330765
0.66995448
0.69369107
0.58412623
0.57979405
0.58097696
0.56235665
0.65193421
0.72711962
0.64846987
0.7066955
0.61828375
0.68389452
0.66601807
0.6512509
0.69656897
0.81812376
0.81297189
0.77457678
0.78732723
0.67430973
0.68818778
0.76276881
0.75900823
0.72871989
0.78364831
0.66400117
0.51405638
0.59540498
0.6033237
0.52573377
0.67186612
0.62779403
0.85271841
0.7430563
""
0.60809189
0.60202366
0.70393622
0.68670774
0.660523
0.78980207
""
0.49393043
0.58158046
0.53667974
0.53787923
0.5850873
0.58203703
0.49710363
0.56906849
0.5148676
0.49696153
0.46598732
0.65640682
0.50546503
0.42390472
0.46845731
0.54933882
0.62158817
0.54959852
0.43743134
0.63391602
0.44316265
0.57702678
0.62317181
0.5887388
0.51865143
0.6197772
0.47927168
0.44826791
0.61545765
0.78905022
0.66284585
0.65970826
0.40148696
0.59389883
0.3917042
0.34795058
0.45247459
""
0.62300766
0.65790796
0.7059173
0.71593821
0.70919091
0.77117312
0.69759923
0.7333408
0.60855329
0.70742983
0.55286139
0.50821871
0.46437845
0.41593814
0.56417274
0.63453388
0.74136823
0.63632667
0.64312905
0.77676916
0.65626991
0.67747468
0.63120461
0.52267599
0.49616545
0.53504258
0.55900306
0.5544911
0.5462932
0.46678087
0.72416353
""
""
""
""
0.66985428
0.59003323
0.66796017
0.427578
0.59592026
0.66894072
0.78589982
0.61829031
0.6560629
0.70576495
0.52867347
0.70176888
0.5606215
0.52839494
0.60630733
0.61742008
0.73315084
0.85700792
0.59083802
0.65699065
0.68507308
0.54626852
0.81393337
""
0.70770669
0.72170144
0.65939486
""
0.68922126
0.79904747
0.76482093
0.64706296
0.59846497
0.59886581
0.57106632
0.69854981
0.77466971
0.722139
0.4768478
0.67575574
0.70056492
0.7610774
0.67439109
0.65873957
0.7324158
0.70881313
0.70222658
0.76364994
0.56131202
0.70621747
0.681472
0.70863193
0.80782247
0.76252711
0.78014398
0.81748343
0.80583006
0.91404456
0.81235814
0.78908974
0.73421705
0.75944054
0.72900873
0.72461468
0.62779677
0.77398312
0.74301392
0.76094657
0.74331415
0.73069376
0.55296916
0.78370291
0.76604718
0.63009608
0.54508728
0.69593394
0.6787079
0.63778013
0.87111562
0.81875616
0.62855762
0.71099323
0.7461555
0.57116061
""
0.77154368
0.48836187
0.60100114
0.62614244
0.80382317
0.70799571
0.69144559
0.69446218
0.51411772
0.60870904
0.68657559
0.34820718
0.49519318
0.43848726
0.67809188
0.73883873
0.78169078
0.79825872
0.63715762
0.68213087
0.68867022
0.75324869
0.7914058
0.79837376
0.83457679
0.77773631
0.81407821
0.65361613
0.7847603
0.79007834
0.7611717
0.68361014
0.75987256
0.88936591
0.78152919
0.72186732
0.76955599
0.6997788
0.67298806
0.55012542
0.49835068
0.72680819
0.72284168
0.62725049
0.78793365
0.77055556
0.65400708
0.59405524
0.64409745
0.66526824
0.70254844
0.51487124
0.5527432
0.56358725
0.6085915
0.74519151
0.54949814
0.64567196
0.64429963
0.58101243
0.54588151
0.68230748
0.67677689
0.67905587
0.62775058
0.69026953
0.66152042
0.51032931
0.53897291
0.38714588
0.48187643
0.36138666
0.37666577
0.45010665
0.66925836
0.53491014
0.59361416
0.58288431
0.62443691
0.62789863
0.62898141
0.6286788
0.61390465
0.52018535
0.45372817
0.53267485
0.57002872
0.61429274
0.60762209
0.47328687
0.53069353
0.56356418
0.55096281
0.76681417
0.78458589
0.65994495
0.7764191
0.6499483
0.61795449
0.75111371
0.71497262
0.65590769
0.71963519
0.70303911
0.65214485
0.75961143
0.67217547
0.75796074
0.73799706
0.62807155
0.74347198
0.74591088
0.77544844
0.61643422
0.68519282
0.65320963
0.76736957
0.7065782
0.77132946
0.72070366
0.72284925
0.74721569
0.79616976
0.77674937
0.50951558
0.66582811
0.7083993
0.56448686
0.60092998
0.55703753
0.64945889
0.6228357
0.44523606
0.47740966
0.51596504
0.64479154
0.72499734
0.52923739
0.61135787
0.68856066
0.76811069
0.73382151
0.73183376
0.77191609
0.6688264
0.76214838
0.66548973
0.48192528
0.71118301
0.51064134
0.27359292
""
""
""
""
""
0.74231797
0.65803266
""
""
""
""
""
""
""
""
""
""
""
""
""
""
""
""
""
0.74721152
""
0.71291137
""
""
0.63294905
0.49161023
0.50470996
0.66304553
""
0.68996239
0.7329036
0.7580986
0.83364868
0.86977959
0.72951812
0.64528072
0.69372529
0.71960586
0.59778088
0.65520638
0.40127054
0.39277929
""
0.50854045
""
""
""
""
""
""
""
""
0.4779138
""
""
""
""
""
""
""
0.74303746
0.54542887
0.75016922
0.45339233
""
""
""
""
""
""
""
""
""
0.75110614
0.60056007
0.69952923
0.60275948
0.69656777
""
""
""
""
""
""
""
""
""
""
""
""
""
""
""
0.63670909
0.38722709
""
""
""
""
""
0.76615506
0.69226396
0.6000815
0.42640024
0.68765593
0.71896803
0.44484839
0.62144655
0.72847784
0.44997931
0.6730321
0.54651332
0.683424
0.6421802
0.72333664
0.45062828
0.72062886
0.51264155
0.64937943
0.5793578
0.62180495
""
""
""
""
0.66572189
0.57968903
""
0.77854586
0.79505247
0.78969455
0.55994594
0.75267148
0.55287665
0.68719262
0.4377749
0.57055593
""
""
""
""
""
0.80558091
0.55078542
0.6517387
0.69184518
0.66050625
0.54984653
0.7011736
0.66868281
0.66059589
0.69881713
0.73217762
0.57767528
0.69693261
0.759579
0.7291708
0.6502611
0.75019479
0.7132321
0.50078785
0.70591056
0.57362664
0.77041364
0.7671631
0.62625593
0.6713891
0.69272178
0.60276449
0.63587314
0.71243739
0.75208288
0.55681318
0.625956
0.70384836
0.68310666
0.47002003
0.63924897
0.69960785
0.65684605
0.64385784
0.67191446
0.70630193
0.67379898
0.69359154
0.62816089
0.64733523
0.59628856
0.66194445
0.76823062
0.7765829
0.69421399
0.83416092
0.61787856
0.55076087
0.65953046
0.73341316
0.36296168
0.59991252
0.75289196
0.62261122
0.60157096
0.454247
0.73912722
0.59494513
0.77969611
0.75693733
0.68222642
0.74212378
0.69731224
0.59924251
0.67072099
0.58197522
0.46110454
0.56464797
0.68126309
0.51211596
0.58034247
0.69999963
0.60777754
0.59355158
0.63485616
0.76642489
0.52784109
0.6251775
0.66440547
0.42581606
0.76021343
0.5224964
0.57438993
0.49431023
0.64370507
0.65846598
0.58372623
0.57327211
0.61218011
0.66615707
0.7249884
0.6482504
0.51239884
0.6123479
0.59234101
0.51108217
0.57727814
0.66257524
0.56040442
0.538131
0.6321882
""
0.45799696
0.58161175
0.59525728
0.63248587
0.61765683
0.60205531
0.53448063
0.64571089
0.5527038
0.69237745
0.63681644
0.57911152
0.58749264
0.69938439
0.74093539
0.6770218
0.60302979
0.62114352
0.68636489
0.5736481
0.59688127
0.60458505
0.55151618
0.45303285
0.58187985
0.38077059
0.7422536
0.53999847
0.55579543
0.68394476
0.55672812
0.50582504
0.66963387
0.61602366
0.58506578
0.56400186
0.58593047
0.6176942
0.63575184
0.49321133
0.45456699
0.45341823
0.57763827
0.78070837
0.26911312
0.5401426
0.29786155
0.6322149
0.57163519
0.56831688
0.66313815
0.61878699
0.57204002
0.53832603
0.58932161
0.50242198
0.64145517
0.41752428
0.59572291
0.59548086
0.67116326
0.67223859
0.5631144
0.5463953
0.50129354
0.71395892
0.60198581
0.59180659
0.65721977
0.40188605
0.50746113
0.70067805
0.5603016
0.50049466
0.56256431
0.48563719
0.50141793
""
""
0.71235454
0.39473033
0.64213371
0.6257692
0.49605656
0.59056836
0.55579621
0.44636443
0.59164387
0.51261026
0.59822983
0.73166603
0.63922453
0.62015808
0.63636011
0.60420048
0.51427716
0.53128105
0.68928337
""
""
""
0.17189473
0.55916482
0.62915343
0.62384492
0.83816475
0.63903201
0.69609988
0.67541897
0.67427385
0.69617027
0.59160668
0.49539298
0.6026985
0.62820441
0.71019137
0.6143778
0.60156566
0.57017237
0.52915102
0.53994536
0.64211679
0.58859557
0.53074002
0.64875454
0.50797802
0.53238547
0.4643147
0.56485713
0.55861461
0.5408839
0.45231944
0.61382669
0.6660105
0.58175647
0.61803013
0.58776766
0.6904012
0.70018679
0.62185192
0.58304596
0.60745502
0.57953662
0.60968691
0.5540908
0.53164786
0.65108627
0.61387771
0.60451233
0.61485094
0.62777632
0.72101748
0.72658879
0.63352561
0.69567382
0.69847155
0.5729996
0.65018767
0.60829854
0.60866493
0.6381765
0.67687488
0.62906313
0.54469621
0.47932634
0.64711261
0.57324421
0.65795958
0.52111197
0.47679338
""
""
0.52548659
0.61630309
0.75327933
0.51445299
0.46556965
0.79823762
0.67451084
0.74698859
0.66780543
0.63629425
0.79079622
0.62976849
0.7330184
0.60190016
0.62237519
0.58968616
0.84477669
0.58913028
0.62180632
0.60547584
0.43430245
0.54303604
0.65636712
0.56564546
0.65614909
0.7276572
0.60455036
0.59509701
0.53590864
0.66238528
0.77612323
0.69121885
0.71617538
0.6713075
0.69640285
0.65870768
0.7001192
0.62383431
0.78174645
""
0.70250541
0.70796692
0.68185645
0.637299
0.72070998
0.75071675
0.79155016
0.72087812
0.56530547
0.59990698
0.74099004
0.71928966
0.78180659
0.62812352
0.74054605
0.72817582
0.69914544
0.79697615
0.71923625
0.67999858
0.60596663
0.54740125
0.67867899
0.66698164
0.69637853
0.60396606
0.66843122
0.64419478
0.64753634
0.68584663
0.58577383
0.65601957
0.6701268
0.72647262
0.68573236
0.72741312
0.68640679
0.75005466
0.68036962
0.65301591
0.5957458
0.70996565
0.65303797
0.59115613
0.64015549
0.7097047
0.73563051
0.77852637
0.6848945
0.5659498
0.70480478
0.56412297
0.51863092
0.7504102
0.65119803
0.64872694
0.56378764
0.69088483
0.70432276
0.7396
0.61550093
0.59973395
0.62942719
0.67064673
0.64252275
0.57698095
0.68003386
0.69390422
0.63196808
0.75522953
0.65770048
0.51477706
0.6208542
0.56141561
0.68582565
0.47373831
0.59097248
0.67037523
0.64468485
0.66049474
0.75733095
0.5880962
0.56303209
0.64139938
0.57723939
0.66336846
0.6592682
0.54049939
""
0.66045159
""
0.69786221
0.84172237
0.48302659
0.65651572
0.59410274
0.79589045
0.66854256
0.51808584
0.70281166
0.6967631
0.52134645
0.54808289
0.64589107
0.65152383
0.54319733
0.49492252
0.69542056
""
""
""
0.70375514
0.57110626
0.66784751
0.68558979
0.72824454
0.84109044
0.74371469
0.67210174
0.70016509
0.6487084
0.69003874
0.86337101
0.71237671
0.76130795
0.72447264
0.81209469
0.73835772
0.74003935
0.72343242
0.60220069
0.6027562
0.69636917
0.66982555
""
0.75753844
0.63047159
0.79175961
0.60522401
0.72461146
0.47725773
0.85477191
0.70805651
0.62684709
0.64955038
0.83336526
0.57661438
""
0.79278815
""
""
""
0.76842302
""
0.54930633
""
0.68998212
0.67546123
0.41556856
0.62104976
0.76723683
0.53373814
0.68675536
0.74734539
0.56737578
""
0.84780306
0.53849196
0.77533698
0.51821333
0.66279835
""
0.50338477
0.5202049
0.46897933
0.50987458
0.57410502
0.52519768
""
0.49418277
0.32632378
0.4999499
0.47501945
0.60723102
0.48007748
0.53914893
0.61555409
0.64120072
0.73823303
0.71180612
0.64182609
0.80860245
0.56155127
0.60174644
0.53363252
0.70184422
0.68093872
0.70241719
0.63912803
0.63898492
0.69230622
0.69798207
0.78461492
0.76998371
0.73532236
0.70414901
0.7097677
0.62257427
0.66981196
0.57837111
0.78726774
0.7142396
0.66078436
0.6676358
0.65741426
0.69832772
0.15049359
0.33819932
0.65106291
""
""
""
""
""
0.78532249
""
1.0363008
0.76523596
""
""
""
""
""
""
0.84411377
0.80570978
0.75791538
""
0.76629841
0.51226026
0.54509157
0.81275463
0.68081212
0.71586925
0.72209918
0.83633584
0.76478791
0.82653195
0.59788054
0.73150373
0.75739306
0.76343668
0.66974854
0.68321949
0.66003948
0.7279858
0.78628731
0.71999466
0.46470892
0.6753217
0.42495838
0.73379493
0.72679096
0.74554354
0.64737207
0.7069698
0.65253103
0.74713367
0.76804131
0.64802831
0.6987403
0.6791454
0.70924121
0.6973449
0.65509462
0.64729047
0.5557856
0.68661779
0.7609188
0.64246196
0.56190848
0.68613774
0.65003896
0.81275356
0.64056295
0.66340989
0.68754613
0.70908684
0.62798357
0.75327986
0.84357154
0.82015806
0.8379572
0.84635013
0.72995311
0.69758528
0.65295899
0.48813638
0.76392579
0.66022098
0.69304556
0.68401235
0.8314268
0.83043975
0.71968305
0.55764276
0.48568696
0.77307469
0.58063829
0.57939053
0.5207842
0.64524782
0.58685112
0.70717162
0.64891082
0.69480598
0.59063554
0.57775712
0.70884144
0.76495719
0.81083274
0.65742928
0.63821566
0.5568797
0.70769918
0.62565237
0.72320634
0.73618692
0.83315533
0.70994085
0.70310545
0.73934662
0.70121938
0.62627882
0.82516301
0.66115838
0.61655188
0.70198965
0.61405623
0.73089886
0.5282073
0.59430987
0.77720231
0.72058594
0.57805526
0.64826256
0.58487296
0.6762495
0.6522755
0.47199681
0.5824452
0.54797769
0.69096863
""
0.60693115
0.76079923
0.62906909
0.63632762
0.6675939
0.69338822
0.54223114
0.6843102
0.64479417
0.63577557
0.6789757
0.61213624
0.70319486
0.67672271
0.75460333
0.66760486
0.92670321
0.74487174
0.69627309
0.74285048
0.63986671
0.54009104
0.2730619
0.81037027
0.73356462
0.71807212
""
0.52227736
0.71949679
0.64461362
0.63543642
0.72100848
0.64943832
0.74758643
0.87525463
0.60596311
0.588938
0.59903365
0.63567811
0.63352907
0.59704453
0.70581567
0.6731934
0.67244041
0.78735679
0.72751915
0.68179393
0.71714592
0.71271592
0.83508933
0.84779412
0.56348515
""
""
0.54992169
0.58959484
0.57015026
""
""
0.56604284
0.71163207
0.44142559
0.59805781
""
0.57994884
0.61492866
0.75357509
0.60348582
0.70470405
0.6887902
0.60653371
0.57172859
0.48906207
0.5688827
0.59110528
0.57151979
0.57944369
0.59322047
0.50726533
0.53289443
0.55042064
0.51505172
0.71347064
0.34249562
0.57582718
0.55622971
0.49000719
0.52676857
0.55796969
0.6693719
0.51937199
0.55305123
0.58979744
0.53719431
0.54104608
0.6054492
0.62105739
0.63080609
0.54168701
""
""
""
""
0.52794927
0.45658949
0.43600422
0.44593573
""
0.5956291
0.64633566
0.47945264
0.56808782
0.44280416
0.68364233
0.49399489
""
0.61278647
0.48994908
0.62742543
0.42522427
0.41273642
0.55880553
""
""
""
0.38344073
""
""
0.584355
""
0.80032527
0.456808
0.48243997
0.39594662
0.37437385
0.38530976
0.46720141
0.72415841
0.7171939
0.76049399
0.68225574
0.69842023
0.6365853
0.60780871
0.65931231
0.72984529
0.71036983
0.66679424
0.70412362
0.72444749
0.66245121
0.6824947
0.6172623
0.5837909
0.77002126
0.75017303
0.64165425
0.66877925
0.61063886
0.66412604
0.74515969
0.74250972
0.84617519
0.58263826
0.89100403
0.80178303
0.69433099
0.81166643
0.67153186
0.60287338
0.70504349
0.6464687
0.66644579
0.57129651
0.60078716
""
""
0.67550188
""
0.80477828
0.85382682
0.7410419
0.7500385
0.50503701
0.53521168
0.56746984
0.56962407
0.59329867
0.64818925
0.5953868
0.67424124
0.68509907
0.70334476
0.65860993
0.63529998
0.61697716
0.66519672
0.63749075
0.65889835
0.66760409
0.65756059
0.67323959
0.62760586
0.67657334
0.67101997
0.7084775
0.66513646
0.52222824
0.62804663
0.73801559
0.65473527
0.71081316
0.57304657
0.72544885
0.73250121
0.64768958
0.63910848
0.63781083
0.7590813
0.66123295
0.73979139
0.75284833
0.75802183
0.75764644
0.60021079
0.57492107
0.64736837
0.65063488
0.73531592
0.65620494
0.75080097
0.700764
0.57182294
0.47616246
0.64217401
0.70653814
0.75534457
0.66265345
0.71497118
0.61560845
0.69208127
0.56265652
0.59987974
0.78286254
""
0.80385524
0.47802335
0.73731565
""
0.64439863
0.62057024
0.67464089
0.59844553
0.51739031
0.62346536
0.47306329
0.40649858
0.51783907
0.48868886
0.45277041
0.4755576
0.51368994
0.41126379
0.3851729
0.3643285
0.44863686
0.50893831
0.57790917
0.58942592
0.57224756
0.60603583
0.58318228
0.57246643
0.55012697
0.55347645
0.6671586
0.63729054
0.54405451
0.85600394
0.79726374
0.83109516
0.73929513
0.59118927
0.38613072
0.76808727
0.58450437
0.45686862
0.57770109
0.61096895
0.55561393
0.5917632
0.62779325
0.61551547
0.63220876
0.79467273
0.63537246
0.70746392
0.61258745
0.66810691
0.57586735
0.72623068
0.74758577
0.75764716
0.71231651
0.71987724
0.51880407
0.57264346
0.75207621
0.69212145
0.68509865
0.53868204
0.56876421
0.46233711
0.54488045
0.53665692
0.5826956
0.30646679
0.51431584
0.57037491
0.50136232
0.4450722
0.67417836
0.69193625
0.55765885
0.51163942
0.3902221
0.36494461
0.37143728
0.53612918
0.315907
0.24777366
0.39916188
0.27362233
0.80294907
0.82866007
0.74968773
0.81317568
0.87115538
0.84709769
0.94546491
0.88986802
0.64326394
0.80792117
0.73235458
0.74191332
0.76290256
0.78523785
0.83662015
0.67022097
0.66398293
0.7615338
0.6612922
""
""
""
""
""
""
""
""
""
""
""
""
""
0.65394551
""
""
""
0.7592755
0.80129236
0.67612904
0.79620159
0.79626769
0.83905154
0.72537827
0.70137101
0.69306743
""
0.73933095
0.76572615
0.73432946
0.74542528
0.75003791
0.88213062
0.75268859
0.72507381
0.78562552
0.79267347
0.50099671
""
0.84778035
0.7456407
0.85585433
0.73432708
0.86297411
0.74533427
0.79174262
0.54974699
0.69245839
0.85486561
0.90651327
0.58017993
""
0.61149901
0.61879969
0.6671508
0.73662823
0.63231796
0.75123167
0.82860714
0.84043884
0.82811338
0.79759526
0.76047826
0.74329638
0.73620176
0.7093603
0.7626707
0.76411468
0.76973969
0.71052742
0.84346741
0.80871224
0.72713375
0.64933383
0.82273906
0.8074432
0.76475716
0.7955963
0.7585026
0.69193465
0.68359083
0.81661844
0.68544739
0.66724902
0.80311048
""
0.77437568
0.77782971
0.69395244
0.69930369
0.6456899
0.7018671
0.69552439
0.66779995
0.67112368
0.79119617
0.71034724
0.69001174
0.80033809
0.80027813
0.83168107
0.72739756
""
""
""
""
""
0.68342102
0.72993439
0.75049514
0.53273684
0.85748947
0.7040751
""
""
""
0.82567185
0.68275332
0.82014716
0.84518903
0.70305514
0.87035942
0.49148309
""
""
""
0.48188871
""
""
0.84498048
0.79386377
0.66283011
0.6842556
0.80937409
0.61734164
0.83344954
""
0.66335994
0.79603332
0.81661046
0.6499908
0.64902592
0.73599088
0.90776825
0.88183874
1.0377779
""
0.78786689
""
0.89591724
0.75210446
""
0.82815683
0.79185796
0.89306009
0.87653202
""
""
0.82019562
0.82860106
0.84793627
0.9199245
0.94204861
0.85004878
0.88605845
0.77783751
0.81775337
0.8667798
0.82919854
0.709001
0.81099099
0.66674298
0.87001258
1.0870314
0.87752223
0.74025869
0.81784427
""
0.89232427
0.71871841
0.70126188
0.7657457
0.74084657
0.75876319
0.83388793
0.68827647
0.70305741
0.62020707
0.78770739
0.80775303
0.59838843
0.7212885
0.72153056
0.8132959
0.81926411
0.688389
""
0.84296709
0.82727504
0.91137177
0.62045234
0.56963605
""
0.8179099
0.64077842
0.67725301
0.68480432
0.53899014
0.71684939
0.80479538
0.80107069
0.58014834
0.87081647
0.88683915
0.86971438
0.90754461
0.7758953
0.86191297
0.95656961
0.75548983
""
0.73446786
0.90875471
0.82192379
0.80829078
0.81922436
0.74539846
0.85618961
0.94856143
0.75556821
0.70321327
0.77085286
0.78492695
0.71781093
0.7428754
0.84370023
0.68255174
0.70625508
0.70833457
0.76927984
0.74946237
0.84044695
0.67484295
0.76891345
0.75626427
0.83012742
0.89955884
0.87644392
0.79181385
0.66844022
0.84934443
0.56658578
0.64650244
0.83687282
0.87095898
0.68066198
0.88880378
0.7901141
0.78859878
0.7447179
0.93937194
0.73870325
0.80702126
0.74341863
0.8668378
0.83872378
0.68824935
""
0.76420158
0.71822828
0.72342283
0.71725619
0.83244193
0.68827283
0.83973914
0.7386418
0.84421855
0.83621526
0.66075027
0.73381519
0.81874824
0.80538565
0.70506805
0.79367089
0.8772887
0.69102627
0.62272972
0.67969209
0.74547917
0.77305573
0.7341308
0.74342662
0.82517523
0.74637675
0.86494678
0.80248666
0.77282333
0.78935122
0.82718635
0.75716096
0.79953146
0.79004985
0.85624862
0.7766102
0.81234425
0.72839415
0.88147587
0.87539178
0.8394022
0.8280775
0.69294703
0.84272212
0.77937216
0.86143231
0.79275483
0.78706932
0.82007837
0.79569107
0.91731453
0.67609245
0.94480836
0.61942625
0.82451022
0.74128723
0.77441216
0.83561909
0.74525058
0.64223284
0.67951143
0.70325512
0.75836027
0.68990684
0.64381039
0.72838622
0.87781954
0.79532301
0.73090845
0.70414329
0.89575094
""
""
""
""
0.74116719
""
""
""
""
""
""
""
""
""
""
""
0.73350728
0.74352425
""
""
""
""
0.84572089
0.67960054
""
0.7225585
""
0.65491247
""
""
""
""
0.56222856
""
0.73092908
0.76283544
0.828866
0.87361664
0.78841829
0.95100385
0.79781467
0.83258146
0.98616302
0.90590459
0.79941422
0.89522713
0.92174333
0.74704498
""
0.73574418
0.81917572
0.91744405
0.78930664
0.84737283
0.85512245
0.79727858
""
0.88567388
0.93716371
0.95934683
0.97243559
0.91212589
""
""
""
0.88058591
0.94717038
0.91649842
0.60016292
1.0178589
0.91306734
0.89904213
0.88562816
""
""
""
""
0.97460407
0.91554987
0.88314283
""
""
""
""
0.78839093
0.59138954
0.49541479
0.90092134
0.70005691
0.79948723
""
""
""
0.99107957
""
""
0.81827331
0.78901052
0.58793068
0.54786921
0.71261209
0.86889571
0.77032542
0.80022323
0.84015882
0.98062092
0.86075121
""
0.86832482
""
""
""
""
""
""
""
""
""
""
""
0.62582105
""
""
""
""
""
""
""
""
""
0.81940895
""
""
""
""
""
""
""
""
0.76478642
""
""
""
""
""
""
""
""
""
""
""
""
""
""
""
""
""
""
""
""
""
""
""
""
""
""
""
""
""
""
""
""
""
""
""
""
""
""
""
""
""
0.61637193
""
""
""
0.71162224
0.87591767
0.85771674
""
""
""
""
""
""
""
""
""
""
""
""
""
""
""
""
""
""
""
""
""
""
""
""
""
""
""
""
""
0.54705107
""
""
""
""
""
""
""
""
""
0.9755829
0.61735672
""
""
""
""
""
""
""
""
""
""
""
""
""
""
""
""
""
""
""
""
""
""
""
""
0.78814906
""
""
""
""
""
""
""
""
""
0.45806232
0.51157385
0.49590304
""
0.50859463
0.72284251
0.85993671
0.81527036
0.71777946
0.88207823
0.67814243
0.74016017
""
""
0.81134206
0.80094117
0.81475002
0.76899505
0.92250389
0.63235277
0.52384919
0.78167313
0.77267718
""
""
""
""
""
""
""
""
""
""
""
""
""
""
""
""
""
""
""
""
""
""
""
""
""
""
""
""
""
""
""
""
""
""
""
""
""
""
""
""
""
""
""
""
""
""
""
""
""
""
""
""
""
""
""
""
""
""
""
""
""
""
""
""
""
""
""
""
""
""
""
""
""
""
""
""
""
""
""
""
""
""
""
""
""
""
""
""
""
""
""
""
""
""
""
""
""
""
""
""
""
""
""
""
""
""
""
""
""
""
""
""
""
""
""
""
""
""
""
""
""
""
""
""
""
""
""
""
""
""
""
""
""
""
""
""
""
""
""
""
""
""
""
""
""
""
""
""
""
""
""
""
""
""
""
""
""
""
""
""
""
""
""
""
""
""
""
""
""
""
""
""
""
""
""
""
""
""
""
0.81003386
0.83631241
0.68480468
0.84948182
0.81304246
0.90409535
0.99363393
0.72018099
0.78121382
0.83357316
0.83563018
0.766819
0.74541068
0.8075363
0.77850765
0.92948323
0.7811209
0.72927964
0.87370259
0.84498256
0.75882745
0.87306762
0.65187353
""
""
""
""
0.82002431
0.65209568
0.69654781
0.75655067
0.59667033
0.95097131
0.8271364
0.67374289
0.69401795
0.89200109
0.71258837
0.74406427
0.77118784
0.65470672
0.80006945
0.62674212
0.85204178
0.81017703
0.62111628
0.78795207
0.88540184
0.73719078
0.62108892
0.63934702
""
""
0.81593245
0.68829298
0.82980424
0.68727076
0.80759507
0.66539693
0.76429677
0.75146204
0.64763045
""
0.76193076
""
0.74824876
0.72506583
0.73763883
0.63097292
0.89064008
0.88591415
0.66644496
0.8607924
0.80121869
0.63443023
0.72453296
0.93908972
0.76979661
0.65547335
0.78133166
0.71796024
""
0.80537242
0.81663066
0.60119563
0.83654565
0.74151528
0.72037715
0.73322928
0.67043638
0.73059809
0.85226429
0.75508368
0.64026856
0.82901675
0.82655853
0.65348887
0.85443264
""
0.93200928
0.64861381
0.85964733
0.76840234
0.74052101
0.73051226
0.73445314
0.76995236
0.60370362
0.70311368
0.54942477
0.6818977
0.70493817
0.59092206
""
""
""
0.86149138
""
0.55474693
0.72665298
0.75074875
0.75267446
0.59801561
0.91620761
0.82530218
0.68415457
0.53521842
0.86356318
""
0.70846611
""
0.7540127
0.82193738
""
""
""
""
""
""
""
""
""
""
0.74305475
""
""
0.81779206
0.73193604
0.65758789
0.56584793
0.75237489
0.84199154
0.83727372
0.79068869
0.66481119
0.78793681
0.69751251
0.79850179
0.73950207
0.80926162
0.770881
0.67658103
0.51284486
0.77952111
0.78645855
0.82008243
0.72717088
0.79951143
0.73142332
0.76128054
0.80760992
0.88498694
0.84678793
0.88436401
0.83713609
0.82613218
0.86556804
0.83038533
0.86149651
0.79236853
0.92521876
0.84368324
0.86980623
0.90365565
0.91372263
0.95298612
0.71756083
0.79984117
0.89562565
0.78847712
0.93323642
0.91566175
0.8957001
0.88606322
0.89938748
0.88072652
0.89003623
0.87360072
0.89042956
0.96016043
0.91278297
0.9243567
0.86803758
0.98440456
0.97474134
0.90361106
0.92844397
0.89633209
0.83295083
0.88856846
0.84890294
0.86559612
0.79380435
0.73974741
0.74658197
0.8253696
0.77630997
0.910083
0.75630558
0.79175508
0.70231336
0.80587661
0.76555496
0.67908549
0.86641043
0.79792714
0.78483015
0.6679346
0.73369414
0.78319627
""
0.87744224
""
0.62087822
""
0.72977358
0.60615361
0.57265395
0.69207597
0.68325746
0.69105953
0.83556241
0.80763042
0.78724378
0.52238315
0.70330203
0.8618257
0.77296257
0.7846294
0.78358543
0.7313143
0.65200704
0.74465281
0.71220773
0.78982937
0.75167805
0.77064216
0.86359191
0.82559335
0.68632317
0.76848155
0.72373301
0.71858925
0.7610997
0.83879465
0.68971831
0.77972233
0.56191361
0.67862588
""
0.71905732
0.6849035
0.70256287
""
0.79636616
0.56654131
0.8131997
0.73408771
""
0.80322713
0.69052523
""
""
0.80332899
""
0.73510069
0.72467512
0.68256503
0.74733293
0.75662577
0.74427992
""
""
""
0.66878235
0.6525287
0.76442915
0.44219401
""
0.82311022
0.67622054
0.96034586
0.82368249
0.80878317
0.75859952
0.78408343
0.56926918
0.78025597
0.68079096
0.78762621
0.69354647
0.74933004
0.76679724
0.80937266
0.71028584
0.50521618
1.0021923
""
0.82236165
""
0.73867923
0.65179521
0.71726471
0.77785176
0.77383024
0.74504369
0.73545074
0.69151014
0.77811205
0.78574634
0.76243442
0.80667859
0.65530562
0.65556592
0.90503722
0.51235777
0.4091031
0.5222491
0.84799147
0.8207776
0.8142556
0.73502272
""
0.74341816
0.87384087
""
0.82050878
0.94481516
""
""
""
""
0.8128711
""
0.54541546
""
0.8012929
0.59470278
""
0.73309904
0.8331573
0.61140686
0.78117901
0.7734105
0.77000308
0.76577771
0.78545594
0.81271529
0.79460078
0.70529675
0.8523317
0.71632165
0.88770115
0.51745045
0.55678159
0.8456319
0.84318012
0.85369927
0.81893325
0.86429405
0.67831862
0.71754062
0.75189364
0.80647796
0.62611854
""
""
""
0.7514686
0.82284367
""
0.64508712
0.77242994
0.44551763
""
0.74265701
""
0.81530178
0.60336572
""
0.79825985
0.7746349
0.91196197
0.80762142
0.69545275
0.5772422
0.70684284
0.70798361
0.7917344
0.95429474
0.7697776
""
""
""
0.69850862
0.87166005
0.67128688
0.77697015
0.77071369
0.91909844
0.90050882
0.7776615
0.74082714
0.8603372
0.6858927
0.64164788
0.65313709
0.52572179
0.67969984
0.78132933
0.88577694
0.79459703
0.78517038
0.3632414
0.74852133
0.89512134
0.90808034
0.66436362
0.76908231
0.88987517
0.88193691
0.61729127
0.78266966
0.80057377
0.75404882
0.56814826
0.88595003
""
0.75311065
0.72651863
0.68138999
0.74840081
0.70788753
0.95619404
0.66788018
0.56571698
0.64648056
0.48396716
0.75116175
0.81529278
0.75283426
0.62188786
0.808963
0.75137866
0.84817797
0.74518543
0.79208553
0.72193158
0.78076017
0.78876925
0.76891774
0.60455501
0.83073044
0.70992357
0.70761889
0.7892704
0.8232466
0.74083388
""
0.88509542
0.65664726
0.6455819
0.78712946
0.69235516
0.68417287
0.81113726
""
""
0.51915962
0.68534058
0.87951195
""
""
0.86647171
""
""
""
""
""
""
""
""
""
""
""
""
""
""
""
""
""
""
""
""
""
0.78127718
0.51203769
0.74360049
0.66878414
0.55727202
""
0.74266046
0.64052707
0.76177078
0.5792439
0.49564847
0.48254541
0.72003138
0.68217361
0.63731819
0.81354648
0.66723222
0.60993028
0.73322988
""
0.4482623
""
0.5753811
""
""
0.71960455
0.49976498
0.5183866
0.60908455
0.9332366
0.86985528
0.81234938
0.73570269
0.90664738
0.77419305
0.68624538
0.56192815
0.83861041
0.83842897
0.72855943
0.80264425
0.81659991
0.77367008
0.67248493
0.56926745
0.71514928
0.66993421
0.56724441
0.74417913
0.5475446
0.65209037
0.56845832
0.76507753
0.74899971
0.87177569
0.85896426
0.78983355
0.69725609
0.81195813
""
0.71017224
0.755337
0.78454465
0.58373916
0.70801514
0.75273055
0.68404615
""
0.89492452
0.65672666
0.80797201
""
""
""
0.91024613
0.63149709
0.61402071
""
0.75614953
0.94149691
0.65498239
0.86036432
0.76805341
0.63703316
""
0.86331606
""
""
""
""
""
""
""
0.79112935
""
""
""
""
""
""
""
""
""
""
""
""
""
""
""
""
0.72983247
""
""
""
0.82244813
0.76994926
0.74972963
0.67986053
""
""
0.95144022
""
""
0.55495375
""
""
""
0.81641364
0.91187119
0.82402557
0.64902091
0.59019631
0.70348626
0.71732706
0.8027879
0.73250157
0.7885192
0.72940248
0.92167705
0.85978937
0.71259528
0.91508287
0.76892614
0.80101222
0.75520468
0.91441017
""
0.66880304
0.96089339
0.79068089
0.90735155
0.78421158
0.82260108
0.75157893
""
0.66469479
0.76296824
0.68638325
0.6339038
0.69876617
0.74998283
0.65327692
0.71167451
0.68871832
0.82055777
0.80178684
0.74698615
0.68997514
0.68588316
0.79239058
0.7957989
0.926292
0.73990285
0.80162781
0.80415559
0.79880244
0.79099441
0.84011739
0.84206569
0.76245356
0.70153689
0.79481906
""
0.86318088
0.97746968
0.71664363
0.60436922
0.8531664
0.8407343
""
0.88483971
""
""
""
""
""
""
""
""
""
""
""
""
""
""
""
""
""
""
""
""
""
""
""
""
""
""
""
""
""
""
""
""
""
""
""
""
""
""
""
""
""
""
""
""
""
""
""
""
""
""
""
""
""
""
""
""
""
""
""
""
""
""
""
""
""
""
0.79278868
""
""
""
""
""
""
""
0.80151373
""
""
0.77831775
""
0.6513288
""
""
""
""
""
""
0.72326273
""
""
""
""
""
""
""
""
""
""
""
""
""
""
""
""
""
""
""
""
""
""
""
""
""
""
0.89875877
""
""
0.75979578
0.84802097
""
0.83583587
""
""
0.70589316
""
""
""
""
""
""
""
""
""
""
""
""
""
""
""
""
0.56639147
""
""
""
""
""
""
""
""
""
""
""
""
""
""
""
""
""
""
""
""
""
""
""
""
""
""
""
""
""
""
""
""
0.41850096
0.62539792
""
""
0.67242515
0.72469676
0.78373653
0.49359295
0.63681054
0.73446327
0.89109844
0.74064845
0.74986356
0.75058043
0.72742206
0.87872493
0.75061226
0.73872691
""
0.71894926
0.78897309
""
0.7390607
0.75743508
0.7204923
0.68661302
0.73313093
0.78327721
0.73308682
0.82691079
0.73872119
0.83005297
0.90105194
0.87978023
0.77759683
0.75848353
0.64962327
0.75240827
0.8001554
0.84746927
0.83949119
0.76144332
0.9358592
0.71079725
""
0.8060174
0.7457208
0.81191695
0.5174368
0.70773584
0.71928895
0.65727812
0.77582151
0.58851361
0.9762122
0.69045413
0.73944074
0.80949473
0.61511302
0.67834866
0.77323025
0.63139206
0.79558605
0.67919713
0.92610264
""
""
0.5626359
0.41489178
0.65832883
""
""
""
0.64221889
0.75663096
0.74424803
0.85817331
0.65333825
0.89848673
0.80432355
0.81097901
0.81414729
0.83448738
0.82643694
0.70124763
0.73232603
0.67793965
0.72614205
0.67782694
0.69448715
0.77973634
0.69825214
0.74966729
""
0.54545707
0.89754051
0.79617387
0.93606287
0.71505648
0.80993164
0.72672063
0.85308176
0.84604084
0.87481683
""
0.76486522
0.82274508
0.72413146
0.72477943
0.71243799
0.74220335
0.82263297
0.63893628
0.72872281
0.77810955
0.69939935
0.86852568
0.71746475
0.5805769
0.69775987
0.72523153
0.89252388
0.60357994
0.65888667
0.48436594
0.70882356
""
""
0.54624063
0.74384832
0.65494448
0.77304
0.68210858
0.66575092
0.84788042
0.69352257
0.84148103
0.75908947
0.78419787
0.76595473
0.84719187
0.75773573
0.76122463
0.71320379
0.64638758
0.70037919
0.79675871
""
0.56138736
0.69614708
0.68497705
0.74426568
0.72819662
0.69866055
0.80215448
0.98234928
0.67186761
0.72793096
""
0.94221675
""
0.47197977
0.76537716
""
0.54635894
""
""
0.80100375
0.73954904
0.77930003
""
""
""
""
0.59754777
0.48879284
0.82777894
0.82586634
0.71493775
0.74438506
0.75799608
0.6702894
0.79484475
0.62559283
0.72698176
0.81420988
0.7179718
""
0.6843574
""
0.6469124
0.80509305
0.70135015
0.705926
0.72078127
0.88219178
""
0.47200876
""
""
""
""
""
""
""
""
""
0.72229683
0.8204968
0.66171724
0.54268914
0.77945745
""
""
""
""
0.67303628
0.56072855
0.84518164
0.73016053
0.46890157
0.69717693
0.62366831
0.60638237
0.34165433
0.78139234
0.77181053
0.59121871
0.75407547
0.73643166
0.70176244
0.70226508
0.77332711
0.57529449
0.63796324
0.79180199
0.66819602
0.76668662
""
""
""
""
""
""
""
""
""
""
""
""
""
""
""
""
""
""
""
""
""
""
""
""
""
""
""
0.5569157
""
""
0.6751892
""
""
""
""
""
""
""
0.43419331
""
""
""
""
""
0.73001659
0.71078378
0.76098019
0.71826607
0.68737125
0.77863657
0.63989782
0.84118038
""
0.67069072
0.69084638
0.71514404
0.63658035
""
""
""
""
""
0.82705295
""
0.67118019
""
0.78488135
""
0.87591434
0.76088381
0.66822928
0.59869683
0.84781826
0.7152859
0.72471422
1.0098064
0.4874368
0.77163935
0.82344544
0.66548222
0.71081102
0.69973153
0.73186404
0.84481204
0.6522724
0.69862145
0.75144202
0.8169241
0.57821685
0.78739369
0.6784544
0.80742991
0.63772345
0.68649352
0.6029253
0.60481912
0.65695149
0.77756441
0.71836436
0.81968176
0.75192952
0.89657122
0.76490241
0.54635322
0.70876437
0.70297867
0.75499195
0.56789994
0.73823029
0.62751371
0.71975815
0.53036177
0.7275033
0.64927828
0.76041114
0.82096094
0.76581281
0.73373193
0.85405183
0.78245306
0.72407365
0.7226249
0.82728416
0.68289065
0.65781087
0.80193615
0.73937809
0.78975505
0.7032668
0.66386735
0.78700411
0.75654256
0.70326865
0.72120321
0.77424794
0.66079712
0.69304341
0.73538262
0.77871883
0.73931605
0.67314076
0.69461918
0.76709926
0.70387262
0.77792698
0.76526278
0.65985137
0.71458012
0.78000933
0.82851291
0.54417408
0.49004099
0.69283837
0.71705264
0.77650052
0.75936013
0.71422166
0.67671633
0.56709754
0.79733425
0.75303829
0.66111684
0.76609927
0.84399164
0.72113848
0.82148343
0.84039146
0.87814629
0.77513313
0.47227642
0.92128533
0.94202948
0.92486829
0.90757936
0.79106718
0.83598745
0.77783465
0.7873168
""
0.67944497
0.66716152
0.76440454
0.7953651
0.89693636
0.74107391
0.73481834
0.85860151
0.75581849
0.74233788
0.72030813
0.86842775
0.64882773
0.6437276
0.62585104
0.71469164
0.79063535
0.66182613
0.86102551
0.84990531
0.68641651
0.62541771
0.7649951
0.91842818
0.71830332
0.69568604
0.74575293
0.62669247
0.65907091
0.88381636
""
""
0.73377424
0.66761708
0.85681713
0.77023828
0.77781612
0.75793123
0.72556514
0.70320606
0.63940281
0.79335016
0.70960516
0.6511876
0.79669499
0.69268477
0.81650025
0.66244864
0.54160565
0.73056257
0.77531958
0.55363852
0.65417814
0.63951582
0.54838616
0.4706724
0.59774131
0.57933688
0.5169223
0.53788716
0.58830535
0.7859363
0.55302221
0.53744781
0.69679344
0.65198886
0.56876189
0.66837782
0.63236618
0.56902039
0.64121532
0.65496117
0.61226118
0.63637161
0.60877717
0.55312663
0.45708364
""
0.58972842
0.67971218
0.42510971
0.65854335
0.66578805
0.6780771
0.65369993
0.53964031
0.58502835
0.46604127
0.74057758
0.65261161
0.60695916
0.6388886
0.72820753
0.57355499
0.74212921
0.75596243
""
0.59626585
0.60047209
0.64816213
0.64874518
0.6315366
0.61691296
0.64468896
0.56511641
0.55174202
0.65519565
0.5965538
0.63991475
0.69778126
0.65084434
0.66610169
0.55820537
0.61498559
0.63572252
0.70576847
0.75500971
0.59769231
0.60891789
0.52925372
0.55963147
0.60803336
0.71985686
0.55271322
0.57851142
0.55522621
0.65165108
0.67682892
0.66611058
0.66970581
0.92977089
0.90440655
""
""
0.76311445
0.62315452
""
0.7224009
0.68785709
0.73311555
0.87396121
0.70837808
0.73496276
0.70421052
0.6567468
""
0.75603503
0.7308284
0.76894325
0.74996996
0.83666652
""
0.70011449
0.83280212
0.75597709
0.58550668
0.70973742
0.85012895
0.7437951
0.63224363
0.61763698
0.87566847
0.63036054
0.73745161
0.66565758
0.81038344
0.62612873
0.54327178
0.58460808
0.61136085
0.9351927
0.68838173
0.73412997
0.74163204
0.73429394
0.75949305
0.76796246
0.86140233
0.49846867
0.68229771
0.67761993
0.81283396
0.60608816
0.68792915
0.81028467
0.71491534
0.60790122
0.78261429
0.69218993
0.60777676
0.70753902
0.63261181
0.90339154
0.80932605
""
0.58187509
""
0.74060619
""
""
""
""
""
""
""
""
""
""
""
""
""
""
""
""
""
0.7723704
""
""
""
""
""
""
0.73028737
0.66561419
0.56069261
0.61800897
0.65068924
0.61996937
0.69172037
0.54438019
0.60906422
0.72803468
0.63871723
0.70891994
0.68550569
0.68002725
0.58679336
0.66139549
0.65048653
0.84070581
0.79994053
0.68995583
0.61562216
0.29389945
0.570665
0.6227296
0.51770413
0.44481733
0.62560135
0.61931616
0.61700106
0.59514827
0.47307801
0.43618977
0.59916651
0.53279066
0.47586283
0.54856586
0.56824493
0.63597828
0.68153578
0.77002537
0.68538934
0.7424193
0.68637466
0.7412799
0.59302056
0.58459944
0.49720216
0.85334176
0.92621666
0.55866623
0.69757324
0.57334185
0.74334121
0.65339619
1.0019419
0.54150903
0.43892017
0.664801
0.64545202
0.71921444
0.52846843
0.42260137
0.76811391
0.6642921
0.57552928
0.64897686
0.66470915
0.57062614
0.62930387
0.72404945
0.39558452
0.67821854
0.66412234
0.72926193
""
0.89658517
0.5169282
0.50623333
0.49217102
0.61321592
0.46513984
0.38073251
""
0.64619309
0.74156946
0.53243065
0.66644442
0.61052459
0.57412529
0.5524345
0.56254262
0.60704011
0.48389459
0.45769346
0.55457008
0.59085107
0.4229621
0.53685474
0.5881573
0.58484781
0.58663046
0.58509862
0.53831148
0.67185849
0.71408844
0.67725241
0.63219345
0.90438259
0.80505139
0.80394506
0.75159228
0.76940757
0.66021991
0.71063411
0.57758695
0.60393292
0.64765084
0.67219967
0.60731071
0.61143267
0.49866027
0.7068243
0.64327931
0.51619941
0.5349471
0.55999207
0.47855204
0.56696826
0.51766109
0.55606538
0.58463931
0.50978506
0.61228478
0.66540414
""
""
""
0.72739732
0.62511909
0.45563492
0.72142071
0.72564578
0.64084786
0.55716228
0.6324504
0.54047221
0.52735811
0.5146383
0.82455879
0.55561054
0.67533541
0.40656596
0.40822393
0.50711954
0.54993373
0.17695862
0.40365273
0.35374972
0.28341165
0.50442874
0.55079627
0.53373015
0.51330125
0.60621679
0.54561341
0.48493358
""
0.44734871
0.63688302
0.57189554
""
0.44780287
0.73836815
0.47983724
0.6625253
0.36102265
0.49526265
0.59030533
0.58961666
0.49743396
0.50774044
0.66127199
0.77065706
0.66855592
0.59039009
0.8690331
0.48606631
0.57307428
0.40284163
0.5814001
0.41662899
0.47001326
0.68813258
0.56622142
0.72679752
""
""
0.53349859
0.57867283
""
0.48676369
0.45891413
0.48621473
0.47001413
0.52192724
0.45593444
0.55046636
0.58476549
0.38530883
0.4358952
""
0.52613521
0.66942596
0.51104373
""
""
0.52844661
0.57934147
0.66877383
0.45024562
0.49664998
0.61481857
0.61947775
0.63347995
0.53155994
0.61091346
0.51571023
0.38313004
0.43180561
0.72740233
0.65299511
0.63631809
0.57459831
0.55524713
0.45255432
0.6699757
0.58737272
0.65865093
0.51627034
""
0.56708896
0.49371374
0.53628856
0.6109075
0.68865854
0.51448917
0.37931666
0.64289463
0.61744922
0.61099577
""
0.58896613
0.57055157
0.6705817
0.59660113
0.73462385
0.55390835
0.71626264
0.61243486
0.64513612
0.62941974
0.59369624
0.67997473
0.67727536
0.655559
0.57715869
0.56709921
0.60473126
0.64519936
0.54435843
0.60348439
""
0.6808852
0.57971442
0.69187105
0.72017586
0.61335319
0.72697812
0.76719683
0.58749521
0.66208249
0.69218183
0.70777315
0.65755111
0.55153614
0.77304816
0.64280486
0.53778613
0.50670922
0.5273574
0.38296592
0.60420066
0.6082986
0.66071069
0.61523861
0.59440351
0.59652096
0.63643336
0.64423549
0.65463483
0.64033031
0.67205644
0.60425812
0.59209925
0.486586
0.585087
0.64109892
0.44991329
0.389956
0.51364928
0.4134461
0.80587184
0.69465899
0.6063236
0.69144225
0.54237837
0.71999896
0.79305702
0.84312707
0.81173885
0.73937362
0.67514139
0.72547358
0.72232836
0.73292929
0.70936972
0.71155262
0.81334263
0.62658268
0.76455998
0.69454741
0.65288949
0.74106431
0.7208305
0.67333347
0.72465056
0.76343608
0.68094933
0.85451925
0.76155239
0.55895442
0.71780479
0.69649893
0.64288771
0.8287937
0.71015704
0.70566744
0.88973349
0.76145804
0.66525155
0.5752598
0.77082086
0.72606969
0.73665893
0.72404039
0.70037472
0.72815198
0.63456577
0.75044537
0.73266971
0.64304113
0.77896821
0.68639427
0.87483233
0.72915453
0.55412138
0.53242487
0.79437906
0.71540219
0.68783778
0.77363163
0.72096926
0.69519627
0.81647336
0.74474835
0.82926744
0.68942851
0.72693777
0.80577624
0.75921893
0.74038768
0.74135154
0.78814805
0.92186326
0.64216763
0.82969451
0.81751996
0.73047048
0.81466013
0.76203644
0.82058179
0.71975076
0.62844276
0.7987287
0.63056827
0.66766745
0.74817818
0.7107746
0.59889144
0.71187758
0.72288185
0.77416271
0.73137939
0.7514109
0.70215702
0.68738526
0.70431244
0.67389089
0.7181074
0.67693943
0.68741095
0.71934628
0.78302318
0.83422369
0.6799776
0.73015785
0.72264439
0.72501099
0.68237561
0.73432416
0.71161413
0.64151829
0.70473969
0.6183061
0.79392314
0.69131815
0.70340121
0.52945465
""
0.70584106
0.74803424
0.80186582
0.73903668
0.75602609
0.59120476
0.77630508
0.75079399
0.67420459
0.60548663
0.69353491
0.7300427
0.74114758
0.72196174
0.68719286
0.95127916
0.84909475
0.75121123
0.77385896
0.65288955
0.6748749
0.72446007
0.82138509
0.65533966
0.73967499
0.7034753
0.71472889
0.68521535
0.65883517
0.73595428
0.74558032
0.80784225
0.68396246
0.68198341
0.71033394
0.69932544
0.62697738
0.67735684
0.80906123
0.71791595
0.64625657
0.70450133
0.70235711
0.78387892
0.78795326
0.71070093
0.81670266
0.75460148
0.67727697
0.71459639
0.62426519
0.74740535
0.75818986
0.7018227
0.74220085
0.76354146
0.67841208
0.66848284
""
0.80185324
0.77643913
0.6837163
0.60399562
0.656331
0.75945604
0.84652513
0.81595951
0.65410334
0.75327742
0.69390523
0.66651005
0.69729465
0.73451287
0.52407122
0.69926369
0.79143155
0.67947114
0.66782236
0.58093542
0.70782524
0.83468235
0.66808546
0.76345712
0.76928777
""
0.67251438
0.75577587
0.74323291
0.75054747
0.61962092
0.59572244
0.76955199
0.7884782
0.66545892
0.73421264
0.66866833
0.69787538
0.74844652
0.752464
0.73991305
0.9504419
0.62240535
0.63799381
0.67335087
0.64313275
0.58045292
0.82548046
0.78057063
0.83576179
0.70450443
0.93213284
0.66895503
0.72835308
0.74133182
0.63504452
0.76508182
0.5745281
0.69815212
0.67338222
0.64736503
0.66129369
0.72290856
0.7664656
0.68617719
0.75352782
0.82006329
""
0.66167212
""
0.71232188
0.78755152
0.63532329
0.58311373
0.53382766
0.75273854
0.64718229
0.75463307
0.63262045
0.7539444
0.70757467
0.80121082
0.69165492
0.64928597
0.67251545
0.74876362
0.84306753
0.72556663
0.73564309
0.79363203
0.65986609
0.76357532
0.65060359
0.58665746
0.76341701
0.84815955
0.75483239
0.72085506
0.71481532
0.70839405
0.74901038
0.66319394
0.69725513
0.76818275
0.68822396
0.74603021
0.63802123
0.71274477
0.8035661
0.7352615
""
0.77133453
0.75181639
0.70108128
0.60556716
0.91015041
0.76794136
0.55457461
0.75028586
""
0.75533676
0.77186501
0.70737046
""
0.53582096
""
0.58451372
""
0.6562382
""
""
0.63142645
0.73140275
0.76033866
0.63611984
""
0.63131708
0.68739605
""
""
""
""
0.79258335
0.70692533
""
0.62842417
""
0.9289971
0.76698607
0.76168638
0.93198657
0.7934078
0.6507116
0.70970666
0.77826303
0.67159992
0.66534489
0.6832357
0.71600717
0.6453321
0.70812517
""
0.64910036
0.69835502
0.71909821
0.68366665
0.78557992
0.62524515
0.71988726
0.75426757
0.70599526
0.73181808
0.76721001
0.69012004
0.68514025
0.87605262
0.49934167
0.72659004
0.77220392
0.78480464
0.66976708
0.74432528
0.71407914
0.72864556
0.740219
0.75995713
0.79920447
0.83470708
0.72927618
0.7810812
0.72489184
0.68118489
0.72114366
0.82451928
0.70276994
0.62645
0.78140032
0.69577426
0.67077827
0.73796719
0.82330728
0.87729692
0.76321977
0.79423362
0.74545914
0.7341218
0.55619317
0.60595262
0.86999619
0.68945807
0.69175076
0.75423276
0.66756892
0.72655416
0.73094618
0.58648401
0.76044929
0.80579191
0.71335459
0.8044793
0.76762658
0.72174853
0.78211594
0.68917453
0.82921797
0.63622248
0.71672046
0.59952313
0.40344441
0.49837124
0.68143237
0.5276916
0.65958649
0.76122272
0.71432978
0.68797535
0.68486297
0.73098022
0.7368117
0.71241128
0.80347228
0.70983326
0.78855652
0.74042898
0.75267774
0.80504829
0.85018927
0.68547219
0.63706636
0.79131025
0.72297746
0.88318545
0.77648789
0.79150605
0.72378534
0.75209165
0.7850768
0.74098009
0.89542013
0.70412982
0.7267732
0.83674854
0.68751109
0.70989424
0.77459151
0.6679076
0.6961785
0.69071478
0.60686529
0.85571277
0.80878574
0.72130638
0.86515749
0.71885127
""
0.76549345
0.62995929
0.82723755
""
0.79455447
0.78684407
0.70021045
0.85596395
0.81202346
0.70958799
0.71062016
0.72308177
0.71881533
0.75574225
0.72340524
0.61378926
0.69112873
0.62720072
0.71956372
0.731745
0.72725409
0.65568089
0.76471394
0.70795947
0.70515561
0.7869035
0.85328072
0.68565303
0.78681415
0.7106328
0.7052623
0.74216777
0.75688297
0.70244616
0.63002497
0.78244793
0.63236678
0.70357162
0.76721054
0.79369462
""
0.62127674
0.6491878
0.67854297
0.61558729
0.60448617
0.7293579
0.74232858
0.69423825
0.82889754
0.68821424
0.63563913
0.72439075
0.72631186
0.83161777
0.74555856
0.73666453
0.69273901
0.8256824
0.72521341
0.69629639
0.70730138
0.68255866
""
0.72992605
""
0.67660218
""
""
0.86042827
0.75024289
0.62326843
0.84985524
0.58716804
0.73020256
0.75650549
0.76933205
0.74774188
0.67922765
0.68424636
0.71340764
0.72865051
0.68948203
0.69468701
0.73343623
0.68358403
0.80961198
0.76380378
0.68803567
0.82479811
0.84732908
0.69343942
0.7886973
0.78381038
0.74271685
0.65908414
0.7905705
0.60172206
0.75707799
0.72015536
0.6769765
0.78555077
0.76280069
0.71021724
0.55116272
0.70280796
0.7363593
0.73871392
0.87094408
0.74780118
0.70832151
0.75547618
0.75637406
0.52773857
0.77961129
0.77198613
0.79396898
0.68011177
0.7727139
0.71354932
0.71075839
0.77739722
0.74802554
0.69457006
0.67917913
0.70920819
0.63277501
0.67711979
0.69710916
""
""
""
""
""
0.70078826
0.69988602
0.66125375
0.69172084
0.70598358
0.68197513
0.57824653
0.65365893
0.65286249
0.59631246
0.67776328
0.71037382
0.67827946
0.6577211
0.5867871
0.75153244
0.6528101
0.58685189
0.6810897
0.71670485
0.74017912
0.71131247
0.7122221
0.67492968
0.71888018
0.83484882
0.72630459
""
0.5363909
0.71068311
0.76058465
0.78467071
0.64974946
0.66136187
0.71742302
0.64193642
0.64437872
0.58311749
0.61665237
0.63869005
0.67818141
0.81997615
0.60205162
0.71762413
0.60228503
0.57288128
0.65877569
0.62214285
0.69367188
0.68746829
0.74062866
0.65522331
0.66901511
0.63522363
0.64287668
0.66794878
0.7191937
0.73526901
0.65492022
0.4697279
0.58574378
""
""
""
""
0.44121772
0.75564587
0.67372471
0.81033492
0.55806625
0.61706984
0.82471257
""
0.73951519
0.59102708
0.59751421
0.6258691
0.54343945
0.7734865
0.64409351
0.45395783
""
0.44251785
0.44819576
0.26384923
""
0.38777173
0.58861017
0.62570822
0.68143082
0.73913783
0.63875908
0.66977364
0.64481658
""
0.50464886
0.68633223
0.79535699
0.71242684
0.65475947
0.77347726
0.68389356
0.73171037
0.66805393
0.7009936
0.70678836
0.57598215
0.72110659
0.73733681
0.72241962
0.77573377
0.71208197
0.72921765
0.88775235
0.77863717
0.69120455
0.8352322
0.69054335
0.7093513
0.72251523
0.58274424
0.80209649
0.60096973
0.73368281
0.79168016
0.66316622
0.76034397
0.67926162
0.71068913
0.79234296
0.70745099
0.67082691
0.77058583
0.51727676
0.61744452
0.62487519
0.69249326
0.7085579
0.82243347
0.65987009
0.74228662
0.72073978
0.90264016
0.64235663
0.81484193
0.68017292
0.72490007
0.71855491
0.7737835
0.77667165
0.65340102
0.78439182
0.66439784
0.67548507
0.75301665
0.70020151
0.77113122
0.76473027
0.76756048
0.82849902
0.76470917
0.76971823
0.73937762
0.77121061
0.68018842
0.68620449
0.80765569
0.74294728
0.74206185
0.79605269
0.78101981
0.74091363
0.68129617
0.74731356
0.71341407
0.68247408
0.58880335
0.71657115
""
0.59659791
0.63823599
""
0.6817413
0.85173237
0.45747727
0.634354
0.81765866
0.66374618
0.7138955
0.68400449
0.5869894
0.59690768
0.71998084
0.71004617
0.66385746
0.69575167
0.68646401
0.63882428
0.74588585
0.70301718
0.63528514
0.69291937
0.80546325
0.72081923
0.69064838
0.7799902
0.72002143
0.74611104
0.72954625
0.66027153
0.67741334
0.68072277
0.6922152
0.80646211
0.71392745
0.78113896
0.67059797
0.73242021
0.60271263
0.67306077
0.54741001
0.72504455
0.74297249
0.77502048
0.83169752
0.76157278
0.67339236
0.61266404
0.76511586
0.75843012
0.73584312
0.78476763
0.72266042
0.69973987
0.74090219
0.70099443
0.69584739
0.74658585
0.66562665
0.66637629
0.75956184
0.74366039
0.6862604
0.74849182
0.74524993
0.48074877
0.65455651
0.81354564
0.62104875
0.57039756
0.67236543
0.73276639
0.76047629
0.67778939
0.72637933
0.68905431
0.61962527
0.75505853
0.61252719
0.68797827
0.80702484
0.74483103
0.73580897
0.74076462
0.5116052
0.83873641
0.65536398
0.72357148
0.6006633
0.68430042
0.69103998
0.69127929
0.567092
0.66415483
0.75615484
0.64932895
0.73914981
0.69456035
0.56868231
0.69191337
0.8458252
0.67991513
0.74252397
0.31113443
0.7689904
0.67423928
0.68042064
0.66838962
0.66256863
0.74953514
0.71969646
0.73490781
0.66955566
0.63704389
0.68996555
0.66327244
0.73679096
0.69635618
0.59616876
0.61240345
0.68530732
0.64014941
0.60934728
0.72599465
0.71230954
0.75920159
0.6894443
0.69153821
0.71977597
0.61916947
0.70123011
0.68518996
0.78490353
0.78223151
0.64719284
0.60456288
0.65922642
0.68929458
0.77414656
0.61235821
0.59929699
0.67030728
0.66370815
0.57827389
0.72979718
0.66260183
0.54146039
0.66075164
0.67766744
0.64554697
0.69209528
0.68616319
0.71549863
0.6136204
0.85003072
0.54797149
0.67522198
0.67493391
0.69682586
0.60516673
0.63590556
0.72115135
0.65637082
0.67735499
0.63993245
0.71561188
0.58061463
0.67654765
0.67494309
0.73278773
0.57538974
0.59983015
0.73926824
0.73114508
0.58937091
0.56382334
0.64963591
0.67151034
0.68585968
0.68199229
0.70797777
0.62171137
0.62760609
0.59441614
0.43197843
0.69216245
0.60992175
0.63992929
0.59391189
0.71459848
0.73211497
0.71002746
0.73212177
0.60837203
0.65182942
0.40274891
0.59170008
""
0.43976632
""
0.70657372
0.76721317
0.61688715
0.74145412
0.62589812
0.7008875
0.61489081
0.6329447
0.80061978
0.59016895
0.73443431
0.51087791
0.64456671
""
0.88800949
0.70021212
0.66526937
0.7208063
0.76779443
0.46701449
0.70086992
0.70028627
0.56206471
0.71411109
0.51607621
0.7541889
0.69491732
0.67968136
0.54641169
0.58243138
0.57303518
0.78960073
0.71600521
0.71617436
0.57384777
0.81276292
0.69090694
0.62963319
0.71352035
0.82478273
0.63169283
0.75380576
0.7702409
0.63414854
1.0429004
0.64428109
0.7296347
0.73548746
0.61445385
0.76174343
0.62961859
0.72601861
0.63815719
0.63671464
0.63836992
0.77584684
0.65424585
0.62476164
0.78988737
0.62909198
0.68292171
0.80981004
0.50230002
0.83448559
0.64046019
0.71339965
0.68653637
0.70453012
0.71979648
0.98068416
0.51321799
0.72673738
0.67747903
0.54052216
0.57654673
""
0.66111058
0.70849919
0.60803056
""
0.63876325
""
0.73417073
""
""
0.6538679
0.50393718
""
0.65597069
0.52430588
0.79897922
""
""
""
0.60867584
""
""
""
""
""
""
0.5694344
0.52538729
0.45451525
0.62509018
0.47337881
0.73471278
0.74538326
0.66284436
0.68425965
0.71845186
0.70194954
""
0.7360934
0.76679313
0.714773
0.37332356
0.55526721
0.55656081
0.7450704
0.74688971
0.68561769
0.75688821
0.42935097
0.66967374
0.63671702
0.68779808
0.68739974
0.79583186
0.65554243
""
0.74997491
0.55338854
0.6285823
0.69389933
0.65017825
0.64872688
0.65446895
0.68446881
0.82701868
0.63153654
0.62735409
0.62187785
0.71623266
0.83894545
""
""
0.84274882
0.76226747
0.5419395
0.64495981
0.64592075
0.66119194
0.67033499
0.77676123
0.77173752
0.66304731
0.77397513
""
0.60386282
0.71799046
0.68826765
0.47887427
0.66834557
0.71071613
""
0.41569605
0.34498096
0.66734207
0.72841167
0.60869747
0.7047922
0.72622609
0.69373626
0.67929512
0.70982635
""
0.74160874
0.63521022
0.70272243
0.56536931
0.54926515
0.59201151
0.78764659
0.68373787
0.73607445
0.72599953
0.8121714
0.58931065
0.78910118
0.72575432
0.8984158
0.69695318
0.71031362
0.84373945
0.75729781
0.62331992
0.89961678
0.60023689
0.86014336
0.75480032
0.58975661
0.68946081
0.57078618
0.75907969
0.65052736
0.71248335
0.80020356
0.75044268
0.7478593
0.67991394
0.70133543
0.7199946
0.82715309
0.77420324
0.86685854
0.49248052
0.5700798
0.74579757
0.65268809
0.63270825
0.79977912
0.70074046
0.6654678
0.52359033
0.60491455
0.80918849
0.67821354
0.7127009
0.7439009
0.6782189
0.73759758
0.81004536
0.65873241
0.7905249
0.69530141
""
0.57333899
0.64733654
0.64446115
0.7493276
0.69157106
0.59543383
0.56234425
0.72337842
0.65583813
0.67901862
0.75625533
0.71877229
0.65245175
0.58859736
0.66963571
0.60222811
0.66834646
0.58108485
0.72053188
0.70549273
0.69908279
0.74438125
0.63567096
0.65163761
0.69492817
0.75256473
0.76691854
0.73914522
0.71076137
0.75487745
0.6975264
0.77186412
0.57358015
0.76274621
0.65730911
0.85463905
0.75709659
0.78000963
0.58033222
0.61113036
0.67187726
0.80194032
0.69624847
0.50398821
0.55574304
1.008113
0.67561972
""
0.78293961
""
0.51658249
""
0.63216752
0.76202947
0.75214648
0.67383373
0.71807241
0.69384605
0.69876969
0.73869818
0.74325681
0.71612
0.7403
0.71244776
0.73666263
0.71343338
0.7211585
0.79126072
0.68404144
0.68099338
0.82851958
0.77431518
0.868343
0.66516197
0.72315896
0.7852968
0.69976401
0.78394967
0.68778318
0.76210898
0.7499913
0.69486833
0.66954941
0.74131417
0.77320051
0.67839593
0.68770164
0.76843113
0.70288634
0.64616096
0.70854491
0.6525507
0.66379124
0.75827289
0.59997672
0.61667562
0.61286384
0.65717173
0.64270568
0.58775252
0.69118398
0.69172162
0.73558444
0.77896267
0.74015188
0.66635734
0.7657122
0.59297466
0.69060111
0.71699637
0.70211768
0.78252029
0.71497327
0.72417915
0.72686404
0.65763962
0.77454394
0.63536358
0.68224204
0.70150828
0.61471915
0.709786
0.67657125
0.737073
0.75497305
0.80747038
0.72897303
0.7034623
0.7213003
0.73799664
0.76235938
0.73226088
0.68491405
0.68285185
0.64961571
0.69042379
0.80248529
0.69802499
0.55962408
0.74026299
0.64545685
0.73935795
0.80034387
0.71102226
0.55730927
0.69414586
0.68504554
0.68736511
0.70532417
""
0.67592078
0.64586538
0.63562685
""
0.59390116
0.59575683
0.72711629
0.71611661
0.71965009
0.67392123
0.77519673
0.62770593
0.7102679
0.65942073
0.7501421
0.71016377
0.63304484
0.66980749
0.76958561
0.53776878
0.80951226
0.58154672
0.73966622
0.6777904
0.69045937
0.69034421
0.67363691
0.432601
0.62905157
0.66772562
0.71936572
0.65200412
0.72276974
0.727063
0.73147744
0.73318386
0.7582553
0.72995937
0.66253889
0.71367031
0.81170595
0.72101551
0.73964936
0.71988821
0.75462162
0.82833374
0.79438663
0.80424362
0.79245383
0.59173846
0.47897881
0.60148072
0.7835294
0.48705915
0.76180935
0.67356074
0.69508427
0.66655701
0.91575885
0.71761072
0.65965492
0.62402087
0.67710489
0.68867165
0.68281806
0.75145704
0.63008147
0.77936691
0.59338617
0.63373572
0.50707269
0.60345966
0.65379393
0.63147819
0.85331953
0.69744414
0.6218527
0.68323088
0.78970486
0.78506035
0.74279273
0.72487241
0.78982842
""
0.88227469
0.74980593
0.51933253
0.84422404
""
0.56448603
0.5881843
0.40178767
0.59172583
0.63490468
0.63779032
0.58613902
0.53091055
0.62540996
0.49013767
0.62915605
0.65964168
0.6913113
0.6510973
0.68238074
0.72746295
0.7398622
0.7651515
0.68405986
0.58279109
0.75806719
0.68608487
0.6025641
0.84122694
0.63333315
0.69903558
0.80862617
0.7189272
0.77536094
0.76912653
0.67761445
0.67154992
0.64940876
0.84284824
0.69916642
0.74772418
0.72452849
0.66346687
0.78755206
0.84729987
0.68934274
0.65484381
0.71471244
0.69977427
0.79931879
0.76254112
0.72598869
0.64904916
0.65525115
0.70160383
0.65693879
0.70204818
0.63371813
0.73843825
0.71124488
0.69652903
0.78302151
0.72579807
0.65043283
0.84003979
0.84255368
0.70638913
0.65820336
0.64914405
0.77623284
0.76265705
0.80436391
0.72426355
0.72871828
0.77602643
0.73828781
0.75397408
0.73329031
0.76191497
0.66611302
0.71140647
0.73053288
0.64373142
0.74029046
0.75759333
0.78487104
0.67872751
0.77043378
0.59264642
0.7949366
0.67615342
0.82594895
0.76511061
0.73836929
0.75039405
0.84613001
0.70762783
0.66448265
0.77918231
0.73049277
0.72259539
0.72337025
0.75975204
0.71484751
0.74640566
0.74669874
0.8160845
0.73778248
0.68232691
0.66386074
0.78881168
0.71778899
0.76545709
0.78227389
0.73778397
0.76052254
0.77109873
0.73147279
0.77496356
0.844015
0.63697481
0.73085284
0.64975989
0.69220787
0.55766106
0.74073821
0.69265938
0.7252503
0.75982958
0.7893005
0.68714601
0.7323401
0.68420053
0.71180588
0.67192543
0.69167453
0.57727069
0.78031683
0.7714389
0.69258732
0.69716597
0.6830042
0.77709538
0.74440306
0.72613192
0.78240013
0.77685779
0.67904592
0.61064702
0.72569114
0.80567229
0.72875381
0.78594589
0.78390944
0.82390153
0.7516681
0.65136576
0.88056225
0.77636433
0.84810358
0.71038514
0.70637327
0.78940797
0.75260866
0.81317121
0.70921701
0.53933942
0.65901709
0.75867748
0.70269328
0.77004629
0.68737972
0.72580034
0.56062376
0.76257515
0.72596574
0.74737334
0.81845099
0.78131336
0.61491436
0.77691752
0.56974691
0.76996863
0.72105724
0.8424862
0.72857875
0.73481828
0.81451863
0.69615072
0.77497989
""
0.74951136
""
0.78978175
0.66918224
0.83096808
0.75880271
0.70784813
0.70579493
0.68362641
0.63428259
0.66217381
0.66965455
0.70511526
0.70198542
""
""
0.73892879
0.74464029
0.68585658
0.64857
0.75193554
0.699947
0.62764406
0.61290574
0.74264711
0.74053973
0.61862427
0.74053341
0.71489543
0.68244022
0.63170403
0.75572914
0.65518904
0.69986784
0.84284824
0.63486183
0.49931294
0.67659831
0.71175134
0.70765555
0.69975561
0.79806632
0.61267823
0.74922854
0.64494967
0.81537139
0.66571796
0.64706022
0.68120009
0.73964757
0.65806895
0.70509672
0.74739915
0.65897554
0.76743835
0.73695713
0.76354885
0.71222043
0.71367413
0.72011185
0.7229411
0.80420673
0.75337887
0.67979407
0.69498885
0.71769285
0.74797487
0.66254675
0.62244719
0.73904473
0.75453055
0.70725751
0.62219244
0.62296838
0.74075878
0.64263189
0.65440607
0.71316433
0.72264385
0.74346286
0.67539197
0.72782314
0.71435237
0.66899979
0.72964066
0.45967615
0.79874629
0.60462546
0.62701327
0.67268544
0.70219922
0.70500392
0.59961814
0.67278528
0.66309506
0.71537966
0.52283931
0.75764817
0.73052979
0.55644614
0.51304752
0.77814132
0.62786514
0.62939262
0.68255126
0.6300109
0.63786876
0.64583063
0.65191764
0.6646291
0.60428083
0.65661556
0.61939245
0.70792878
0.67554122
0.65939093
0.65917343
0.6174317
0.7235055
0.71093643
0.66229141
0.53709495
0.68986714
0.64105231
0.60827655
0.59862596
0.69523269
0.74282181
0.6237787
0.71464497
0.62440318
0.7434743
0.65273041
0.63388664
0.65112251
0.67750841
0.65783006
0.67099649
0.74464464
0.60882002
0.57420874
0.34843302
0.55854499
0.67751157
0.56202358
0.53933775
0.61345643
0.56284022
0.56893069
0.58766001
0.64255524
0.62859613
0.48389253
0.50452596
0.70027143
0.73503381
0.49720028
0.7732181
0.62343323
""
0.51286548
0.59953183
""
0.92307961
0.62951428
""
""
""
""
""
0.56607682
0.76937115
0.93804169
0.74044245
0.64815038
0.54222643
0.63014072
0.56803513
0.51604414
0.50672674
0.56532729
0.68207091
0.72020489
0.59592724
""
0.74166322
0.64878803
0.78382802
0.39024162
0.50980735
""
""
0.46359164
0.55353707
0.82023627
0.64915627
0.35324693
0.68170273
0.55517626
0.62893021
0.54988068
0.6750716
0.63564622
0.59405911
0.50354207
0.5751676
0.68905228
0.68564284
0.71527946
0.57947749
0.71029848
0.68151331
0.75436759
0.69734287
0.60315764
0.62204224
0.74351877
0.87909198
0.55313075
0.59941739
0.63849044
0.42867628
0.64184338
0.585352
0.687971
0.49472445
0.58592975
0.66590846
0.76142991
0.46571258
0.56532097
""
0.51765722
0.71643472
0.85168314
0.58861321
0.69773221
0.67114747
0.70343876
0.5772652
0.53465128
0.6782437
0.69244045
0.73009139
0.76508242
""
0.40378657
0.72295153
0.65071738
0.60274512
0.70231581
""
0.79048985
0.71293253
0.56705296
0.53962654
0.65928572
0.66793323
0.66982949
0.66274065
0.81745827
0.73361933
0.63058233
0.6665324
0.75648814
0.54506367
""
""
""
""
0.50355655
""
""
""
""
""
""
""
""
""
""
0.70442766
0.77498025
0.59357125
0.66737634
0.86660594
""
""
""
""
""
0.36094764
0.54293722
0.52000254
0.46547645
""
0.26444799
0.60002011
0.8049714
0.71919936
0.64254236
0.87106186
""
""
0.68230462
0.63021815
0.68168032
0.58368284
0.72930145
0.69734454
0.64248198
0.70724034
0.64101177
0.56867045
0.6625458
0.5240128
0.72975576
0.69564992
0.73772895
0.75791699
0.598405
0.57332009
0.51745629
0.72819263
0.70422208
0.56943882
0.80310464
0.7343657
0.74778306
0.63669789
0.58449286
0.68562716
0.50306612
0.54837716
0.51254022
0.61794108
0.56319261
0.75603592
0.69860184
0.786367
0.61848336
0.58970338
0.56357336
0.49919423
0.53832918
0.55495322
0.53049093
0.60370755
0.65410179
0.64610845
0.61087888
0.77178633
0.53474635
0.62756884
0.64551383
0.63632345
0.69679493
0.72602654
0.52691263
0.62048012
0.57345217
0.67069072
0.77801561
0.56864923
0.59160197
0.51130962
0.59877408
0.50583094
0.70955956
0.51344323
0.52018297
0.68693316
0.63805032
0.67218482
0.62891489
0.63091856
0.59673274
0.61135793
0.69636458
0.7306416
0.67866594
0.77296567
0.58362812
0.67487067
0.66412234
0.64589167
0.65913844
0.71559817
0.56620395
0.62403119
0.74029905
0.59885693
0.69071883
0.74000245
0.69821268
0.70886523
0.57862031
0.72008204
0.6720525
0.78702521
0.67728549
0.73589069
0.68418866
0.59949476
0.69791162
0.58770245
0.5924623
0.77323931
0.6744836
0.59904176
0.61982721
0.52308172
0.68041307
0.65095872
0.65202576
0.63668394
0.52504367
0.55984712
0.66644549
0.62005585
0.7456131
0.75947553
0.63450611
0.62448514
0.7047112
0.61605453
0.7356624
0.69467646
0.69637764
""
0.73356777
0.555758
0.60238636
""
""
0.68847769
0.60821658
""
""
0.80509317
""
0.53449827
0.57333934
0.53683329
0.3907899
0.65551996
0.61444253
""
0.64969748
0.6784457
0.57291114
0.70143515
0.73323572
0.75503761
0.59928769
0.62922978
0.62435663
0.5117144
0.58176285
0.62134814
""
0.73066807
""
0.57478714
""
0.41395476
0.82394487
""
0.77216285
""
0.57386339
0.58066577
0.51874071
0.75784451
0.79811513
0.73361301
0.68784654
0.62673384
0.59017938
0.65675783
0.63222414
0.66775352
0.74086982
0.66039354
0.71577424
0.47007644
0.65485555
0.63020939
0.61199099
0.70850867
0.80241984
0.72791851
0.62738174
0.53679657
0.69943231
0.85740298
0.86583108
0.75092006
0.56110704
0.50287634
0.79388112
""
0.6632539
0.69404763
0.68054605
0.69325358
0.63988131
0.69483989
0.56053257
0.59035301
0.64615375
0.91287941
0.60404676
0.8043865
0.73038101
0.44668162
0.65959668
0.63755131
0.69337398
0.69754833
0.69041401
0.73316282
0.71137071
0.72144759
0.6399464
0.72536582
0.57183129
0.65500772
0.54285288
0.58238471
0.63924652
0.78115296
0.6855005
0.72882062
0.69777191
0.62025464
0.85594821
0.66487086
0.74007815
0.67232597
0.42118251
0.70893633
0.73973781
0.62489879
0.72886765
0.67299592
0.63246971
0.75815809
0.56088734
0.68215805
0.65543562
0.72204965
0.7403422
0.69363958
0.65881664
0.72677368
0.75913405
0.71476573
0.7221204
0.74401617
0.72747415
0.67165101
0.64715326
0.71148968
0.62643212
0.68663198
0.69880068
0.73863566
0.68856585
0.79927009
0.69196862
0.70908308
0.67745566
0.70896196
0.70256186
0.72437531
0.68542218
0.71383011
0.67049617
0.73353714
0.64238638
0.61434251
0.69498301
0.7015239
0.67497391
0.78963578
0.75205159
0.68923467
0.67965859
0.67628044
0.63484031
0.69396484
0.57368594
0.70907348
0.67544007
0.6603533
0.67876524
0.67089486
0.69364274
0.74637592
0.71156687
0.74229205
0.69799519
0.68478632
0.608293
0.66410762
0.66955984
0.7361725
0.56591362
0.62650579
0.6173619
0.56259292
0.62902451
0.58873558
0.6114372
0.57674927
0.69690835
0.60699868
0.54221022
0.63197398
0.62496698
0.63442069
0.68045485
0.57988983
0.57124949
0.65951258
0.71582019
0.53580463
0.46975586
0.59362078
0.44083238
0.59614253
0.62238526
0.62889045
0.52892339
0.65896887
0.5316304
0.57512939
0.64429826
0.60548091
0.57112205
0.53905493
0.56999487
0.55205727
0.58797842
0.64968151
0.52608848
0.71196544
0.43311551
0.64464384
0.5703159
0.4578501
0.58601701
0.72673255
0.63048375
0.61982453
0.6829986
0.80900174
0.73295867
0.69334465
0.560265
0.62089759
0.79352802
0.57367665
0.56347317
0.62065917
0.63672942
0.65877616
0.65070158
0.60204595
0.6267454
0.65114766
0.7075749
0.6743595
0.6579082
0.63464779
0.64582199
0.57201213
0.81963301
0.51689255
0.50810248
0.56320882
0.66386336
0.60515642
0.61197048
0.460917
0.67693281
0.6605348
0.62957644
0.80586392
0.57605964
0.61066782
0.49289769
0.55796659
0.5765968
0.56611216
0.5972501
0.46487045
0.6190998
0.56716317
0.54810756
0.48143283
0.61854494
0.52461606
0.49362218
0.48450854
0.64030498
0.67029095
0.55077928
0.65578657
0.67780918
0.53029788
0.65231878
0.60191059
0.58944571
0.63867575
0.51029229
0.63495278
0.6129905
0.62895107
0.56281108
0.58906144
0.60159194
0.60484791
0.65592158
0.64478284
0.53032684
0.55870479
0.63755143
0.58125919
0.61321193
0.65139377
0.63758844
0.56095898
0.64266443
0.57551825
0.63863492
0.67212397
0.72716421
0.51416969
0.6341629
0.5882538
0.55973858
0.59021318
0.59263498
0.58309156
0.47674832
0.5873512
0.62475026
0.64460808
0.62157792
0.68084782
0.56591958
0.58381104
0.56890315
0.55126423
0.4472909
0.76238483
0.55933887
0.63299334
0.49550971
0.62740213
0.5798859
0.57349259
0.64349431
0.60201901
0.55067044
0.52351308
0.51994538
0.56202269
0.59370714
0.63146275
0.62280971
0.63691318
0.62997144
0.6080904
0.5425998
0.50042284
0.63024634
0.76207352
0.64337331
0.65845805
0.6063773
0.63124508
0.55123699
0.54465264
0.56805491
0.54178792
0.61797374
0.63489163
0.62797678
0.67118961
0.63434571
0.63979816
0.6681397
0.59993392
0.64738518
0.60502464
0.53401256
0.76160157
0.59652436
0.61111796
0.81316417
0.68066895
0.59645212
0.67536068
0.69328439
0.71884269
0.7245
0.78604764
0.74420822
0.6903888
0.67697144
0.55918723
0.71471095
""
0.57162589
0.5853802
0.6314041
0.54911244
0.79112118
0.65770531
0.77052653
""
""
0.5350619
0.83749604
""
0.73433495
0.65495837
""
0.54952061
""
""
""
0.81261224
""
0.44654593
""
""
""
0.5939036
0.71645701
""
""
""
0.69711888
0.6534515
0.5540604
0.34500659
0.94529676
0.67790347
0.83175117
0.46676624
0.53063565
0.54388553
0.89764518
0.73094016
""
0.67705351
0.78360581
0.53429025
""
0.32628053
0.61432445
0.76883358
""
0.80996275
1.0217993
""
""
0.91112173
""
0.78308767
0.71549726
0.70155734
""
""
""
0.67450744
0.640957
0.75312793
0.61033159
""
""
""
0.64776558
""
""
0.62217098
""
""
0.77065933
0.80628777
0.51737988
0.71888477
""
""
0.75113487
0.47426125
0.75198311
0.68872935
0.81453216
0.67557514
0.61738271
0.64983219
0.5684734
""
""
0.68878382
0.82630515
""
0.98520511
""
""
""
""
""
""
""
""
""
""
0.81006145
0.70484602
0.69569188
0.76531947
""
0.51378924
0.85199928
0.91767234
0.8979187
0.71884644
""
0.80696797
0.70595437
0.77392107
0.81856185
1.0033642
0.63787806
0.80262017
""
0.69922346
0.74155307
""
""
""
""
0.89743036
0.58689213
0.64999777
0.72061008
0.74916464
0.78385216
0.85261691
0.6144793
0.66193002
0.79909885
0.79861462
0.7912671
0.78603715
0.61793315
0.80674088
""
0.75096685
0.47187027
0.7981143
0.73849809
0.60055685
0.87015986
0.88002568
0.59245014
0.7054432
0.66236657
0.85593915
0.93269664
""
0.80871516
0.83134025
0.74229747
0.80942649
0.809421
0.63179934
0.7482295
0.71172708
0.70444947
0.77685702
0.73375523
0.63936281
0.69469875
0.79828262
0.659374
0.78112859
0.87852228
0.78458786
0.79544723
0.79872382
0.74747634
0.75651801
0.48507479
0.72849208
""
0.4830679
""
""
""
0.62792653
0.67768186
""
""
""
""
""
0.76765025
0.72961593
0.71938431
0.5572058
0.56038815
""
""
0.68175799
0.61333853
0.63255262
0.63271612
0.66967863
0.55221623
0.69612557
0.68443781
0.68418711
0.5147332
0.72479427
0.70667654
0.62995011
0.86148477
0.75759751
""
0.84853518
""
""
""
""
0.59280843
0.65699661
0.66567063
0.64406168
0.58484364
0.45237985
0.70062202
0.69910741
0.47609219
0.7450639
0.62994766
0.67726952
0.59925616
0.68326586
0.65076429
0.58815026
0.65327317
0.64215654
0.5878433
0.50236392
0.64649624
0.75532305
0.70837361
0.56633151
0.64934099
0.7063359
0.64335287
0.77620018
0.53261858
0.4511019
0.62604493
0.74945813
0.61292225
0.52057076
0.58950585
0.60821939
0.6023286
0.70518392
0.65757912
0.81300837
0.73803586
0.55557913
0.46752968
0.4736366
0.53053284
0.68642884
0.58998084
0.66058987
0.58166814
0.71263891
0.65625441
0.68273026
0.55808598
0.65300447
0.72320575
0.65315896
0.71457505
0.71173382
0.65064907
0.7272501
0.6720767
0.64118391
0.70631784
0.71968603
0.57074982
0.6976909
0.78255934
0.72489792
0.69620591
0.75376505
0.58019269
0.61008179
0.52685845
0.55867082
0.59320605
0.63456774
0.49930686
0.5280593
0.5944981
0.5533849
0.66546422
0.64978349
0.49645787
0.51826614
0.57477725
0.62251949
0.65001458
0.36776948
0.68233669
0.5585174
0.66184407
0.55777842
0.75166905
0.58424336
0.65116644
0.56836134
0.5662775
0.68174243
0.46253684
0.77744633
0.56314921
0.60920352
0.57490891
0.57691658
0.5623945
0.61681044
0.62662446
0.61687118
0.54683375
0.37056899
0.7660501
0.67763072
0.59933072
0.59735876
0.6216855
0.57083148
0.6493271
0.62037164
0.60793525
0.59102297
0.48659277
0.72628313
0.66961884
0.63930559
0.54010254
0.56433541
0.64243555
0.600972
0.54174149
""
0.51214916
0.43226373
0.45549819
0.70683056
0.6363405
0.5876593
0.60979521
0.5938881
0.62978315
0.39659679
0.46844032
0.51454002
0.66591656
0.58044738
0.64986694
0.52418315
0.64639026
0.59155798
0.58563155
0.69060796
0.61524159
0.58448827
0.68658209
0.58868551
0.6358332
0.56150937
0.67470717
0.59434682
0.66553086
0.65642715
""
0.62728369
0.75491536
0.55771679
""
0.72804576
1.0080861
""
0.51495361
0.51007152
0.43799242
0.75594562
0.82127339
0.66231567
0.80382586
0.73151398
0.62341911
0.66851187
0.64417851
0.75718701
0.44459492
0.62121582
0.72416711
0.45540711
0.7172839
0.85624635
0.80908418
0.66509902
0.74241227
1.0088441
0.65329438
0.78374833
0.61344838
0.63177246
0.75862247
0.74656963
0.7545768
0.66847724
0.66048813
0.67101276
0.74583566
0.81577641
0.62628716
0.76069176
0.65848786
0.7346732
0.71774286
0.78802168
0.69068259
0.60540217
0.53175747
0.66375923
0.68080837
0.65688682
0.71245521
0.49778783
0.81148487
0.55817223
0.59791744
0.61103874
0.85854971
0.64232284
0.66770935
0.78160667
0.43247837
0.52490538
0.68635631
0.72981876
0.61505109
0.53942567
0.76623183
0.71354163
0.78763044
0.57781088
0.82497472
0.67819333
0.51533049
0.63358665
0.6312896
0.578933
0.71073014
0.66991854
0.81785005
0.62842494
0.68290359
0.5951885
0.69198585
0.59465605
0.80641049
0.48553732
0.73308611
0.60561913
0.74404848
0.67958796
0.84597242
0.54064733
0.63482106
0.57011282
0.5752933
0.64266139
0.62106651
0.70010859
0.6034264
0.64365852
0.55423087
0.6229912
0.67834467
0.68440211
0.77159107
0.61051655
0.82253331
0.25918677
0.55651015
0.63842839
0.62593007
0.4557313
0.64045531
0.74037147
0.78224212
0.8558774
0.77116603
0.39911011
0.60353088
0.67011529
0.60578853
0.71555966
0.5462746
0.57773477
0.56646222
0.57137859
0.56881422
0.65813744
0.59677213
0.58289069
0.61488098
0.56716061
0.66097409
0.77888411
""
""
0.35053569
""
0.69862318
0.57803953
0.62455416
0.78350097
0.54328495
0.53372061
0.33865556
0.46714008
0.56075799
0.43558517
0.7040692
0.49345613
0.50694865
0.61455286
0.58704644
0.45191348
0.81746304
0.43759748
0.5244962
0.52933919
0.51782709
0.4481191
0.56482381
0.45420319
0.48810971
0.42522925
0.42635882
0.5151996
0.82575607
0.70659518
0.44232222
0.39416897
0.56486189
0.53799945
0.49134985
0.63532871
0.54931855
0.46685597
0.5537194
0.43376705
0.53871417
0.43659732
0.53702867
0.53847599
0.60867262
""
0.52134722
0.5454821
0.38669688
0.49639055
0.58281112
0.62163872
0.64481992
0.5602634
0.59840328
0.53083938
0.53480452
0.61371028
0.62380862
0.61222655
0.64418429
0.47729552
0.57860589
0.70712215
0.54116023
0.48738414
0.57835007
0.69699836
0.75528747
0.55967081
0.59245086
0.53264874
""
0.28817007
0.67064935
0.54874593
0.48137432
0.59230191
0.63569313
0.60804623
0.47838369
0.66416889
0.55917031
0.57013929
0.59899431
0.48359832
0.45783085
0.54595155
0.53283131
0.55491471
0.43774205
0.38020521
""
0.30179182
""
""
0.57629681
0.51865315
0.50007105
0.63382047
0.48965761
0.61197811
0.60283148
0.63204449
""
0.6091916
0.66367155
0.4570953
0.37811217
0.5105446
0.53948748
0.47161135
0.56868595
""
0.62153506
0.44057006
0.80648124
0.82158583
0.66509366
0.45754394
0.57089847
""
""
0.6255793
0.7601189
0.59495544
0.53993225
0.69162852
0.65220046
0.6235916
0.54943383
0.5830462
0.53473002
0.6495353
0.67140704
0.61353612
0.50388151
0.68578416
0.61653137
0.61704779
0.56647491
0.55635417
0.67282224
0.6598469
0.71037877
0.60065013
0.57180971
0.63176847
0.63608783
0.60101461
0.49653205
0.71075779
0.55196071
0.67083353
""
0.715271
""
0.59790015
0.64876336
0.6869297
0.35508522
0.51822507
""
0.45660225
0.488148
0.29740873
0.47066677
0.72050267
0.67650658
0.39915052
0.26957929
0.71476638
0.77768731
0.68125618
0.45766187
0.65056497
0.77807099
0.64496303
0.58761883
0.66564864
0.69679391
0.54045337
0.53333467
0.53232652
0.6950317
0.56811607
0.41117603
0.30263475
0.63617784
0.7184853
0.55250138
0.43514538
0.4043878
0.77499187
0.79530483
0.84542
0.53121901
0.93236011
0.55620879
""
0.67106247
0.57777244
""
0.58651108
0.76040584
0.71505409
0.76385868
0.69670761
0.67915916
""
0.68088067
""
0.7823962
""
""
""
0.76668853
0.51673585
0.48470005
0.48707798
0.75414193
0.7685318
0.69669956
0.85147595
0.72554767
0.74825037
0.65801269
0.66016728
0.47135335
0.47901183
0.56999052
0.6627872
0.57430893
0.62643915
0.6996603
0.70036262
0.5305447
0.52850914
0.53787959
0.47006199
0.51475805
0.68373537
0.7126959
0.48252949
0.72875875
0.73144305
0.43932155
0.53478718
""
0.67958993
0.50818968
0.56018239
0.46523628
0.60514259
0.40444636
0.5970822
0.49078101
0.54454523
0.50000232
""
0.20397936
0.63952118
0.7149213
0.58444935
0.61784029
0.56614393
0.6882093
0.69441605
0.54725307
""
0.61806029
0.69147402
0.73286206
0.37245777
0.57442063
0.73559624
0.6186288
0.70429164
0.66866362
0.62181985
0.61304933
0.4837231
0.82151246
0.67390448
0.55918849
0.53244644
0.54572487
0.60025907
0.66407198
0.59721464
0.46847579
0.67638814
0.52001178
0.60732013
0.53878784
0.73039395
0.53840095
0.70533192
0.51237512
0.59199357
0.6531139
0.49147019
0.55887401
0.7215206
0.50245404
0.60047793
0.49166578
0.72543812
0.65195143
0.69594425
0.57540995
0.65129775
0.62890172
0.59144467
0.67082238
0.54253739
0.60739076
0.84327549
0.57075846
0.61524308
0.64463109
0.73706114
0.61018789
0.61156684
0.58044541
0.49335006
0.46731898
0.59281409
0.43704093
0.58475697
0.57715648
0.56534052
0.60695916
0.66567189
0.5861311
0.55097789
0.60962552
0.61813045
0.59881657
0.65604436
0.55084276
0.51181048
0.66694003
0.53543347
0.62074965
0.44233552
0.46422097
0.5538578
0.525105
0.5623576
0.62593746
0.36494055
0.68151242
0.51901978
0.57553399
0.67250782
0.64715475
0.55893046
0.66329002
0.50810587
0.72554868
0.58342665
0.61311436
0.48153675
0.50708103
0.72879535
0.43364736
0.44581646
0.45227569
0.54708564
0.2894966
0.5440017
0.51166975
0.33877972
0.63177252
0.51831043
0.37245876
0.60783076
0.4800258
0.66104251
0.50160062
0.43354559
0.68541229
0.46050769
0.47396028
0.41491881
0.22668067
0.69291252
0.53190905
0.61437058
0.44755322
0.56888378
0.37233055
0.59517932
0.49331561
0.48927888
0.46247602
0.63067192
0.35979161
0.55678457
0.46784905
0.38622117
0.50422698
0.33724362
0.34739
0.46506745
""
0.35254183
0.38756406
0.16006346
0.60864282
0.3690252
0.49926335
0.70491278
0.49353996
0.61537248
0.5797531
0.77497828
0.68068963
0.48712152
0.63539124
0.62150383
0.6347357
0.55187231
0.57357115
0.53127009
0.74066085
0.59852451
0.57763159
0.61660302
0.65933579
0.56537324
0.58702505
0.37937409
0.63575739
0.60062402
0.56373316
0.4544349
0.74739748
0.71380448
0.5232023
0.47379923
0.66796321
0.48718068
0.48993945
0.6388039
0.49750137
0.78441978
0.56914657
0.58681834
0.64033175
0.59603596
0.6638546
0.52695948
0.70343828
0.57721049
0.48311391
0.6257776
0.60780168
0.61328048
0.47133598
0.54904777
0.66951936
0.64639753
0.6770426
0.64639878
0.6465981
0.53932142
0.58611208
0.54408729
0.60158926
0.62696582
0.75829369
0.55353427
0.83159584
0.49347919
0.53619367
0.57001811
0.57057226
0.59089029
""
0.55702317
0.5469892
0.39764902
0.61612552
0.65508056
0.66905624
0.5620237
0.8214857
0.76054406
0.65771723
0.56793505
0.78519809
0.70121926
0.61770403
0.64913881
0.76330966
0.51644588
0.56698495
0.64777106
0.60377955
0.54684556
0.64484733
0.66056114
0.65014857
0.62386453
0.61934733
0.68952334
0.608567
0.46255681
0.45041966
0.66220146
0.50889677
0.59152222
0.62833452
0.60660422
0.64251393
0.61978072
0.65250105
0.67646474
0.50272709
0.60174292
0.62295085
0.57657093
0.6335243
0.57582164
0.59741455
0.59744531
0.78285611
0.63412547
0.58393753
0.52503747
0.49246329
0.4784984
0.40422955
0.47286415
0.48587444
0.48823428
0.53557771
0.62471551
0.50252533
0.57652134
0.5704174
0.66386801
0.55820006
0.52758288
0.64980876
0.57500726
0.4953768
0.54192024
0.63408566
0.57088959
0.52770084
0.60473573
0.63568175
0.54468107
0.56636453
0.65671688
0.71834755
0.56971931
0.58271301
0.63017124
0.5550071
0.56737232
0.64232558
0.67405176
0.63093984
0.61753988
0.6667375
0.57956475
0.56681621
0.41354701
0.57771015
0.56656146
0.60309643
0.56557673
0.41070265
0.41969797
0.52903342
0.55847168
0.43445194
""
0.4346728
0.48531753
0.38361168
0.4831734
0.43398425
0.45824209
0.48871318
0.45258421
0.5035494
0.21106079
0.58674347
0.79545337
0.50638586
0.56944823
0.62591076
0.72446495
0.6733222
0.74507517
0.75278503
0.76778412
0.81311864
0.62847638
0.67585218
0.54844785
0.86666971
0.67130375
0.58199197
0.58540738
0.78768164
0.74197119
0.43941173
0.58243161
0.54335368
0.62594718
0.63828343
0.68782306
0.54743445
0.6559158
0.46298379
0.52766109
0.68187594
0.62536293
0.76817095
0.54182291
0.51289213
0.54975641
0.58380979
0.63278717
0.66983306
0.64812547
0.67954266
0.7257607
0.69587266
0.74308497
0.61813384
0.59513044
0.56093591
0.63774008
0.57609582
0.52866966
0.56042838
0.6592741
0.63828427
0.50133812
0.56968689
0.67223477
0.60331738
0.56564951
0.59363258
0.54351521
0.45680022
0.73735166
0.62587082
0.67285812
0.56911325
0.58970946
0.569529
0.4709782
0.52181047
0.5587371
0.58969647
0.57205397
0.58301097
0.62949955
0.5766468
0.55683011
0.60477793
0.55839509
0.56384206
0.68323231
0.59413695
0.59267366
0.54106861
0.51407164
0.58133453
0.66743487
0.66426688
0.60667062
0.60833985
0.53712147
0.52022249
0.4649646
0.57440823
0.56883895
""
0.70350289
0.55861479
0.61991453
0.47598219
0.45270473
0.6328873
0.63462365
0.5980047
0.53468913
0.6564374
0.68994468
0.66441476
0.61398971
0.51699471
0.68834764
0.72301519
0.64216793
0.51611543
0.5765692
0.6186586
0.63373435
0.58979261
0.6876334
0.64827901
0.64379525
0.65703076
0.71464324
0.70956469
0.75142628
0.62461811
0.56403589
0.69145256
0.66747952
0.71574092
0.62266827
0.7123971
0.64410484
0.60279024
0.58798409
0.53448051
0.61819172
0.684237
0.70859885
0.60904509
0.627276
0.61401951
0.64025384
0.64553827
0.68598086
0.65281266
0.51070452
0.50333655
0.63404381
0.67569643
0.57133305
0.56154287
0.62390655
0.68012708
0.71761793
0.7008974
0.69806737
0.57510662
0.75652629
0.74435931
0.70882034
0.63549417
0.66735113
0.6569975
0.73631704
0.69699436
0.6757068
0.68419331
0.64747649
0.61941743
0.63648039
0.62762678
0.69909918
0.69387591
0.64897484
0.65341133
0.6498394
0.72010642
0.7002424
0.71868551
0.71711057
0.60339165
0.62166387
0.69102788
0.59579974
0.56682086
0.59407353
0.65707922
0.67696518
0.66422105
0.62875015
0.60317355
0.6167537
""
0.66399914
0.63391286
0.68637371
0.62067485
0.63136697
0.62327647
0.65102184
0.75325322
0.57351935
0.61018151
0.57739139
0.48752457
0.64837223
0.65908241
0.57255709
0.59672463
0.58077425
0.60980219
0.62857389
0.62742078
0.55983669
0.60667378
0.5971294
0.58330762
0.62618005
0.69991565
0.60485297
0.60246712
0.55412596
0.59488386
0.6665405
0.67982548
0.54220647
0.53051478
0.55668861
0.62653804
0.64181113
0.61806595
0.5846886
0.68140322
0.63648021
0.68022597
0.58070958
0.5692969
0.93227905
0.64728469
0.61875963
0.78278059
0.67577201
0.65529293
0.65926987
0.53739798
0.82085919
0.73046297
0.58275783
0.47905439
0.66470003
0.58515275
0.6212247
0.63939196
0.7191357
0.72887433
0.68291736
0.72363204
0.5728634
0.62856483
0.61013842
0.73405468
0.48712459
0.61287874
0.7907843
0.72300363
0.80119121
0.66082352
0.59398812
0.55824482
0.71383971
0.78103024
0.50187993
0.74012178
0.64876562
0.61562711
0.6550808
0.72041565
0.75209427
0.70963567
0.67662019
0.71625525
0.64194643
0.59500694
0.67135084
0.58150005
0.68186903
0.66970754
0.67152041
0.47999752
0.58081096
0.58139926
0.46784323
0.52494311
0.59999031
0.53454614
0.58647287
0.64429808
0.64207786
0.62451833
0.65134019
0.65087736
0.60706317
0.4825834
0.66325456
0.73691726
0.58484155
0.53431374
0.67053938
0.64159465
0.60431385
0.61751497
0.60894442
0.55261803
0.51784933
0.56596988
0.61478293
0.48527855
0.45910314
0.51464826
0.53433067
0.31714734
0.41072088
0.33003587
0.30669212
""
0.49539888
0.64283395
0.70493644
0.73235422
0.6971488
0.66770709
0.63278234
0.70447546
0.49559912
0.78423411
0.79376143
0.62047589
0.54865491
0.75315791
0.66782147
0.70808321
0.59604734
0.59972203
0.6106497
0.66637969
0.64061689
0.63663262
0.68453097
0.68321264
0.66727322
0.64770192
0.7723549
0.72959733
0.67646116
0.66250503
0.58005065
0.55765128
0.71906936
0.68544245
0.65788323
0.58258545
0.5606029
0.72718877
0.54999
0.63513446
0.80424637
0.74778581
0.51284736
0.71937168
0.6824742
0.72327715
0.66468292
0.74090314
0.61200279
0.70720273
0.57915968
0.57798064
0.46422988
0.65765429
0.68686187
0.77978635
0.75673115
0.64812547
0.6610958
0.76770037
0.68460667
0.57939333
0.58992696
0.52281255
0.62118173
0.60492802
0.59555298
0.59587437
0.54219431
0.64214349
0.57058662
""
0.62439924
0.6470893
0.669505
0.50139338
""
0.76694626
0.54388064
0.57930243
0.60577691
0.49494925
0.53281361
0.5245707
0.58507931
0.47461215
0.59754103
0.65386337
0.40444183
""
0.67420888
0.69968551
0.68945283
0.62489599
0.84548503
0.68455899
0.696163
0.68055689
0.71909451
0.55594867
0.66848719
0.5711081
0.69816637
0.61750096
0.58276564
0.66509092
0.66100633
0.64167082
0.6741851
0.50497621
0.63731092
0.66590351
0.66098517
0.69693112
0.63530248
0.65364909
0.66154093
0.7257697
0.53000706
0.59568822
0.6456449
0.70003843
0.58519274
0.70359302
0.69817209
0.55638736
0.61741936
0.73225373
0.66809195
0.57420141
0.57389528
0.66853613
0.61477286
0.68642145
0.68979704
0.74278498
""
0.71547061
0.70572126
""
0.60508853
0.69755101
0.76121581
0.60998589
0.67506254
0.49883375
0.40379021
""
0.73458993
0.77984303
0.60871881
0.67479539
0.59997374
0.43328673
0.67030019
""
0.55801523
0.54440379
0.56001258
0.40847817
0.72979063
0.38377202
0.51216286
0.72630155
0.62478346
0.61765832
0.68368977
""
""
0.87316465
""
0.72749984
0.71952671
0.61780345
0.74459165
0.60960448
0.68901801
0.59695411
0.68996698
0.51320612
0.64097154
0.59873319
0.69789052
0.56163073
0.59661371
0.70332426
0.53962535
""
0.68097556
0.66230303
0.65626198
0.7082544
0.70232528
0.72611076
0.60520273
0.81686842
0.6945976
0.7053746
0.69973248
0.76755911
0.75339758
0.74042583
0.73157799
0.77263469
0.74369699
0.65001422
0.71926373
0.76440316
0.72796285
0.6837467
0.60516584
0.77950561
0.4942978
0.66209811
0.78782088
0.65252739
0.55724692
0.66334432
0.68031454
0.61582005
0.69319707
0.64972436
0.70731318
0.69996029
0.7732808
0.6279254
0.75998485
0.62883037
0.69354618
0.70114774
0.67288178
0.6492542
0.66041297
0.55228901
0.60127169
0.6673243
0.72026771
0.77518702
0.72514945
0.7738896
0.75974745
0.71855462
0.69782454
0.70707911
0.60056096
0.68345642
0.70773053
0.68801856
0.68352026
0.74293745
0.81486779
0.70498437
0.71710145
0.79043514
0.6948781
0.70573866
0.63995755
0.65976948
0.55628282
""
0.64291012
0.78868067
0.70937854
0.72342241
0.74122578
0.7266593
0.63337582
0.6883682
0.50645548
0.87118918
0.66433871
0.66447389
0.65671605
0.58097911
0.49550772
0.59584135
0.33185259
0.59007198
0.59842193
0.61509979
0.59643906
0.51001102
0.63890606
0.57266992
0.47624955
0.35483858
0.59606022
0.72979867
0.70656234
0.59800535
0.58572227
0.58648962
0.68312538
0.51077533
0.60752875
0.66948134
0.58605766
0.58977079
0.63514394
0.54891986
0.73119664
0.61717749
0.62996954
0.59781295
0.68052
0.68206447
0.71515691
0.58335024
0.66554183
0.67325515
0.62453985
0.53369713
0.42169914
0.55720282
0.58214414
0.68955505
0.60361195
0.77850038
0.7187205
0.65491533
0.68987882
0.76741004
0.77414721
0.71194917
0.72275609
0.60817993
0.75978065
0.75980705
0.77725232
0.71892697
0.70085776
0.75718838
0.69111657
0.6576218
0.74562603
0.66372597
0.83689451
0.40541825
0.64288282
0.72685027
0.7297641
0.64888966
0.70873308
0.52068138
0.66326982
0.65872478
0.79101884
0.61928052
0.75128609
""
0.65838516
0.75516468
""
0.68854761
0.67091119
0.56894565
0.69001985
0.77862561
0.76875812
0.7278527
0.84168148
0.69348317
0.7470265
0.84707892
0.73266309
0.66321695
0.72042572
0.70544243
0.77763075
0.76668996
0.69674188
0.69427985
0.76104885
0.7771076
0.7641533
0.69117188
0.83500415
0.75513893
0.76345783
0.72787392
0.72018927
0.71153426
0.78448266
0.75831145
0.71527874
0.70557648
0.67780948
0.52609152
0.75012469
0.73352361
0.74215478
0.73780167
0.55195099
0.70966262
0.69059199
0.52096313
0.71737409
0.7860468
0.8143245
0.67427874
0.764081
0.70697832
0.83814025
0.78149194
0.70339775
0.73001665
0.79501736
0.74811345
0.67941785
0.67600703
0.52262717
0.46712604
0.45522144
0.41078788
0.53084856
0.67711174
0.66188061
0.72604036
0.75952125
0.77399623
0.65859139
0.8410542
0.66221994
0.79744989
0.73528653
0.68174642
0.64349395
0.70381135
0.56079918
0.70410854
0.59657043
0.71789479
0.7394467
0.70936298
0.71215302
0.78354418
0.73361784
0.43901834
0.60263622
0.79443598
0.78163505
0.76828575
0.69504708
0.70941293
0.6901195
0.78279543
0.7132256
0.77867675
0.74959809
0.80702817
0.76422119
0.77298766
0.69669718
0.70132208
0.77725965
0.6258269
0.63152105
0.61296201
0.75682729
0.63537729
0.61751521
0.67775357
0.61545116
0.64662582
0.64395392
0.5493412
0.71369028
0.6665954
0.62634146
0.57966387
0.58345193
0.60588855
0.77837235
0.78171867
0.72008592
0.55637628
""
0.72052604
0.7106964
0.72518396
0.73407865
0.75179482
0.66616493
0.68718785
0.71418822
0.6913467
0.70244437
0.65067947
""
""
0.66422647
0.69642687
0.69420487
0.63212079
0.7049219
0.55903107
0.69171447
0.70209569
0.73764044
0.64473701
0.59444433
0.57274026
0.70156151
0.69460672
0.71746516
0.83109164
0.74132025
0.65067595
0.72254479
0.72389418
0.66358048
0.65717566
0.68280309
0.76317191
0.7065984
0.77625459
0.70627773
0.72778165
0.77590966
0.76539266
""
0.66893375
0.76104707
0.73070061
0.68707079
0.77593148
0.71778327
0.71027499
0.67145467
0.72912365
0.71823341
0.70270908
0.67513108
0.6835342
0.78871161
0.72451091
0.73084271
0.73274511
0.75516248
0.56911498
0.75624335
0.78505164
0.76594979
0.67541623
0.70013648
0.71429998
0.77038002
0.69228697
0.81611979
0.77709758
0.77913028
0.67225075
0.64819628
0.74917537
0.72131795
0.6941402
0.83534342
0.76203769
0.69741267
0.64998537
0.52975368
0.72653961
0.61772054
0.75307423
0.55570537
0.43856138
0.46924588
0.50369978
0.33570614
0.22127822
0.4895272
0.57871455
0.64499599
0.49517962
0.60905206
0.56921607
0.54325819
0.58266157
0.62616664
0.6131621
0.47865841
0.55805612
0.66341323
0.67701632
0.55988699
0.71415496
0.61471677
0.52074587
0.47496662
0.68371147
0.57180744
0.51817894
0.64335299
0.66819829
0.54803306
0.587506
0.51530325
0.53421551
0.61134624
0.54103839
0.48751056
0.62370598
0.60819131
0.69180197
0.68522984
0.68171763
0.70984864
0.66363883
0.47208285
0.68012786
0.53381824
0.49548933
0.59057081
0.60452908
0.60747707
0.53872305
0.49360627
0.53649217
0.60109699
0.54106134
0.6430763
0.58514959
0.52501315
0.44375092
0.6207487
0.61476576
0.46487761
0.64903712
0.60617846
0.53938073
0.48810175
0.56931669
0.64624941
0.63848013
0.49547115
0.67807704
0.63692981
0.40015045
0.59327805
""
0.65844649
0.74123782
0.62763023
0.7834965
0.66877073
0.70242804
0.69862854
0.57777184
0.67487878
0.7171573
0.63108528
0.71512681
0.70441687
0.71875495
""
""
0.38914287
0.32596773
0.24040617
0.41839221
0.25587454
0.55232126
0.58790064
""
0.62214589
0.59704447
0.56569225
""
""
0.48536134
0.4573206
0.48792356
0.55484587
0.66041493
0.59449136
0.54618233
0.63184226
0.55496627
0.888282
0.80542302
0.83702874
0.75981855
0.66708821
0.64156902
0.92381084
0.70469236
0.58901912
0.67173201
0.67127097
0.4708662
0.91709596
""
0.8608489
0.82537407
0.69429743
0.84121746
0.71001613
0.74911106
0.80385911
0.77745569
0.78575838
0.79577971
0.76699406
0.72546107
0.85888833
0.84189302
0.44360971
0.62438256
0.70612949
0.75757247
""
0.62545633
0.68485421
0.76370615
""
0.68923497
0.44127032
0.6699006
0.48704982
0.57256395
0.73879153
0.573861
0.67939287
0.684192
0.72613764
0.57704699
0.81168914
0.80290806
0.80500543
0.66609615
""
0.70961672
0.64844745
0.41893595
0.4601292
0.61495483
0.68818456
0.73067558
0.70906025
0.56216955
0.77933019
""
0.64586627
0.66014004
0.70761687
0.6539951
0.60517335
0.78635776
0.6321727
0.78019303
0.78241014
0.49450192
0.54201949
0.68141359
0.58513635
0.55352318
0.72074097
""
""
0.65247053
0.85411447
0.62759066
0.78700858
0.64570808
0.66319442
0.62006789
0.74759454
0.70979416
0.59462094
0.7621659
0.80534244
0.87823617
0.89625174
0.75800359
0.81463689
0.75305432
0.77229351
0.78860176
0.69011843
0.60913622
0.80724329
0.78752625
0.74731624
0.57895076
0.64169079
0.76292348
0.83236396
0.55494463
0.67152876
0.72489882
0.65471917
0.75685549
0.79655224
0.77050436
0.69932544
0.57158262
0.73383659
0.88994837
0.61706787
0.82231385
0.53618515
0.71126944
0.51547152
0.59138978
0.80146289
0.69627517
0.54575789
0.63280654
0.68556684
0.67009079
0.64342862
0.76040894
0.77839857
0.73218483
0.68909234
0.67596769
0.79239219
0.77638185
0.70109218
0.74302155
""
""
""
""
0.69892186
0.79796743
0.65022242
0.60000992
0.70285684
0.64526141
0.63560945
0.72334391
0.73304683
0.6177088
0.70282048
0.68113804
0.64141428
0.66049474
0.63047945
""
0.61064196
0.60679281
0.77875626
0.6570521
0.85685879
0.69945133
0.62829083
0.64199364
0.68364567
0.60311526
0.42968535
0.61237812
0.65621048
0.67836279
0.66907573
0.72286636
0.82028043
0.59745204
0.67708272
0.72809637
0.57793564
0.73788565
0.71659005
0.42523009
0.74407303
0.64336342
0.73430783
0.63551825
0.71179837
0.76857948
0.72425812
0.73670238
0.7725262
0.36861229
0.71612155
0.69601661
0.61963272
0.66790485
0.66091311
0.61687362
0.58059955
0.65781754
0.58614224
0.58708692
0.86110532
0.57662058
0.58514643
0.43311802
0.52514005
""
0.3785708
0.20370944
""
""
""
""
""
0.41714069
0.47336125
0.54289359
0.65530509
0.58161527
0.72357661
0.63024801
0.64256644
0.52443159
0.57056832
0.65943646
0.52665478
0.62998015
0.73453534
0.54151714
0.60013682
0.54262686
0.56151378
0.6582098
0.59316802
0.5646227
0.52005661
0.64710248
0.56962627
0.59353143
0.55810457
0.6216436
0.55518126
0.54635072
0.56372929
0.52412927
0.6345157
0.60596287
0.67224669
0.67881817
0.64940751
0.54511487
0.58391386
0.42386529
0.50674254
0.61688769
0.65659118
0.72322786
0.65691894
0.42433953
0.65379083
0.4232794
0.56174123
0.53912979
0.52434796
0.48427716
0.4489437
0.5180732
0.4198043
0.54325974
0.55749261
0.50584096
0.4457643
0.42145437
""
0.58100563
0.58625251
0.47597536
0.60592484
0.52557242
0.80003506
0.6078887
0.69621986
0.56790531
0.3724781
""
""
0.69077897
0.60990632
0.60043895
0.58555722
0.60189497
0.62319714
0.52960491
0.60551822
0.58405495
0.63109571
0.6050629
0.50211167
0.54313982
0.57018119
0.49691641
0.59977406
0.54313105
0.59891737
0.47187173
0.62716377
0.5891856
0.54431313
0.50003117
0.58681256
0.52216828
0.49593106
0.59043896
0.62912071
0.52503741
0.45538476
0.6995365
0.60219455
0.55626535
0.56575364
0.54764217
0.55431306
0.61169285
0.57023388
0.58399761
0.6062718
0.69600219
0.6363672
0.55251473
0.59808946
0.62716407
0.6839779
0.65087742
0.65435559
0.56093013
0.55251366
0.46410751
0.42394093
0.46880156
0.5313524
""
0.51050651
0.41256541
0.39237618
0.56735909
0.42368829
0.50587451
0.52688539
0.47066662
0.5214867
0.58047301
0.51501501
0.53078371
0.51698774
0.58298105
0.58955163
0.55707836
0.54502636
0.54177564
0.52147293
0.54374635
0.60343224
0.58238244
0.55156195
0.49401695
0.41968191
0.56996423
0.50106245
0.61273444
0.50083786
0.5401485
0.53492486
0.57638538
0.49318212
0.45450196
0.7687484
0.34661022
0.21766031
0.31963107
0.38209802
0.33073264
""
0.41274717
""
0.42677492
0.38930178
0.25882399
0.62945592
0.5726791
0.65732145
0.70496958
0.68566209
0.7045278
0.68369389
0.73804897
0.75604945
0.75655657
0.53632689
0.80354619
0.78894258
0.72550583
0.66931701
0.79138893
0.79038101
0.58411032
0.65179247
0.69966424
0.72379333
0.71320063
0.7846781
0.66554248
0.63512254
0.60644943
0.66706145
0.72672296
0.62789124
0.68422437
0.71985316
0.67139196
0.66684258
0.73489404
0.74897301
0.73009342
0.68954903
0.75368583
0.74504429
0.77054793
0.74614066
0.7485953
0.78871459
0.80003494
0.69306678
0.7702083
0.73542595
0.80517817
0.72354627
0.82790047
0.78501999
0.77665651
0.7725271
0.72315913
0.70849741
0.7060501
0.79048014
0.73734242
0.68052024
0.60087603
0.7300359
0.83844018
0.78220218
0.74384409
0.75772792
0.73292595
0.79905641
0.6749717
0.68104458
0.76870275
0.72989422
0.74084777
0.75320017
0.76995713
0.71894079
0.70544577
0.68526471
0.71801966
0.68690151
0.83168614
0.76171744
0.77173084
0.6659593
0.68661034
0.72016823
0.73691219
0.70467472
0.69479626
0.74362981
0.64961743
0.70129937
0.79976863
0.78601557
0.63746375
0.73821664
0.82634157
0.80145264
0.732921
0.77505523
0.7762301
0.74133664
0.7182796
0.67693847
0.71928346
0.61002696
0.64055395
0.71360636
0.72941917
0.70589775
0.62448591
0.76752532
0.71255755
0.77990794
0.69483554
0.78541285
0.61820096
0.72227699
0.71414953
0.72830433
0.74827039
0.73913223
0.82385123
0.69922167
0.73272109
0.73304063
0.68734634
0.78930694
0.74376792
0.68484467
0.67325312
0.81327701
0.77688438
0.76679605
""
0.75708973
0.78457439
0.76442105
""
0.38999516
0.38223103
0.49040395
0.34718248
0.39085323
0.46130973
0.56295043
0.57342976
0.47360316
0.49407589
0.44425729
0.50081265
0.43308377
0.5535273
0.46526241
0.49490443
0.50559342
0.78071392
0.6274994
0.70879966
0.56544656
0.56752002
0.48228666
0.54574531
0.64575124
0.63396716
0.40303284
0.56077814
0.5249213
0.53470528
0.60804945
0.58556122
0.60583156
0.4553805
0.55656427
0.54418409
0.65523928
0.50219458
0.56531954
0.56115657
0.57124555
0.56309527
0.51558781
0.6036374
0.56105709
0.50871211
0.61014283
0.55947912
0.685947
0.61251801
0.72860008
0.60384959
0.58113402
0.76053876
0.5082258
0.61806774
0.88654763
0.45834625
0.51477659
0.68372232
0.73247617
0.64867508
0.68064094
0.55276495
0.66496098
0.64719641
0.65371782
0.62357688
0.71458423
0.6658954
0.65544981
0.6023218
0.44527644
0.69110608
0.65488362
0.67337805
0.65922278
0.66277039
0.63241214
0.588494
0.67053366
0.61867601
0.7025162
0.72542506
0.58899134
0.61580753
0.41310933
0.50270075
""
0.37224421
0.37322146
0.48196179
0.50017619
0.39899051
0.35887212
0.42357868
0.36088228
0.63636822
0.57187504
0.52439767
0.53204954
0.47536039
0.59119534
0.55630058
0.56962264
0.62535423
0.54088658
0.61366999
0.60965735
0.62601012
0.7106818
0.71692532
0.50662661
0.49157077
0.58135492
0.62890524
0.61727184
0.64789248
0.58954555
0.50691813
0.59837222
0.58650929
0.62771237
0.65972996
0.55129308
0.65825921
0.67044789
0.65816444
0.66585803
0.56705886
0.60215777
0.58250046
""
0.50502497
0.43045625
0.45009497
0.50552899
""
0.40681952
0.516554
0.50767255
0.44217262
0.54595369
0.50037426
0.44408461
0.64251566
0.64811528
0.51532751
0.50789112
0.55530536
0.48942679
0.59383082
0.55336463
0.60232532
0.59418905
0.65913373
0.76528066
0.64756954
0.63747668
0.62507701
0.56375271
0.59262872
0.49900475
0.40791622
0.41500816
0.50436056
0.59685832
0.5188489
0.45658508
0.50327098
0.65990955
0.67908484
""
0.50899583
0.5304063
0.44087115
0.35078642
0.48252091
0.46347383
0.54120064
0.38922846
0.39561161
0.40460736
0.46180874
0.33531594
0.34355092
0.6110571
0.53540999
""
0.71131623
0.51874363
0.59631014
0.60285598
0.50383759
0.54025638
0.59823322
0.67341751
0.61359549
0.65538788
0.67212051
0.62367076
0.54078841
0.60910726
0.58274031
0.57329124
0.61349201
0.81925619
0.68031657
0.66709352
0.58351672
0.50921774
0.62537104
0.68606532
0.65194958
0.62584525
0.55700225
0.51364142
0.56860054
0.60602862
0.58754271
0.5907346
0.60648018
0.51268667
0.42815202
0.51797456
0.59219658
0.50999445
0.60667402
0.68237698
0.59882349
0.68416005
0.64104623
0.57738668
0.51168919
0.48729259
0.4674429
0.65458131
0.63567889
0.64123565
0.51564449
0.40594992
0.36482918
0.52748996
0.43136284
0.57846332
0.50572944
0.3676132
0.43967757
0.48407367
0.43018556
0.37173539
0.25962633
0.29180706
0.54144329
""
""
0.30405307
""
0.31159419
0.37847021
0.41312727
0.38791284
""
0.41518328
0.64984185
0.55222249
0.54590875
0.57254034
0.64289427
0.47038996
""
0.54504514
0.53888851
0.71126521
0.58787137
0.59088266
0.6872915
0.55474198
0.59105974
""
0.76795882
0.5774852
""
0.77427006
0.70766485
0.67316228
0.67271858
0.66740805
0.67797446
0.74402869
0.47927162
0.6405611
0.63676035
0.63369322
0.65568781
0.59656429
0.48257595
0.74838102
0.55268586
0.66812879
0.52254188
0.62004292
0.70146585
0.62471086
0.67308837
0.65986109
0.51001006
0.59937286
0.54388541
0.64092451
0.63597023
0.64571071
0.63394368
0.60094136
0.55998701
0.55532968
0.66941482
0.68929303
""
""
0.50933063
0.61878878
0.55078113
0.5542596
""
0.8331762
0.71459633
0.68194938
0.57133907
0.64021724
""
0.45063668
0.7460438
0.60602307
0.61810297
0.70404923
0.64885288
0.70611715
0.57076901
0.62882489
0.63104278
0.73229825
0.55891055
0.81122494
0.61590928
""
0.54206902
0.64946383
0.55505353
""
0.47845069
0.45323285
0.63445127
0.61196131
0.40890852
0.89941037
0.60176337
0.73998076
0.72087556
0.63513392
0.71534085
0.62347341
0.70277637
0.50579876
0.69883937
0.82158989
0.6743387
0.64108258
0.65663165
0.68804437
0.72580934
0.69628036
0.80856746
0.72272182
0.85456908
0.76984358
0.80904818
0.79817837
0.78996336
0.60077906
0.76049751
0.85249269
0.60777807
0.66055161
0.57740414
0.80220038
0.78800458
0.77480626
0.7350266
0.94281632
0.45311391
0.72278666
0.48832282
0.59756035
0.35009715
0.67007643
0.75428087
0.63368624
0.6752255
0.62860399
0.54305524
0.69493771
0.66532016
0.68125451
0.72582465
0.54577911
0.77751023
0.66013533
0.89275897
0.83002645
0.67467678
0.87977701
0.7663402
0.77377975
0.77379614
0.77623469
0.75286275
0.78260815
0.57865161
0.74713683
0.63867879
""
0.61150771
0.55894434
0.65715265
0.33590695
0.54501873
0.59991342
0.59862077
0.49573693
0.50398326
0.63288337
0.50611073
0.5931766
0.67320794
0.32494068
0.61249101
0.56362689
0.81042737
0.41774699
0.90107411
0.48635784
0.71644819
0.73839587
0.80117249
0.68607736
0.64623672
0.7348277
0.75661439
0.63883662
0.71036035
0.77999389
0.71739954
0.6376555
""
""
""
""
""
0.64444858
0.67187822
0.88135177
0.97228086
0.8425411
""
0.89282125
0.73558146
0.75302821
0.74602258
0.71992224
0.9008739
0.90092307
0.78192645
0.75008136
0.53743619
0.80554336
0.72672236
0.74285626
0.86406803
0.87399691
0.80208886
""
""
0.78562438
""
""
""
""
""
0.79740483
0.84879994
0.77794898
0.71150875
0.79424661
0.89788514
0.81242961
0.76069963
0.84689885
0.89155161
0.83887374
0.80491388
0.66561311
0.79956305
0.67433691
0.78897595
0.81079233
0.57991737
0.70699704
0.8650372
0.78302377
0.70795029
0.70937639
0.69552994
0.75590742
0.85369802
0.82684869
0.83871794
0.73566031
0.79480392
0.87992859
0.77458608
0.83083415
0.63779593
0.77199543
0.75586921
0.69499528
0.65425766
0.75974631
0.79104751
0.86437947
0.77190739
0.77420127
0.68563461
0.80408448
0.67093605
0.77910203
0.66437656
0.73294425
0.73962396
""
0.71430284
0.81065351
0.71854943
0.68608111
0.74134666
0.73348194
0.55759501
0.49270868
0.54104763
0.58852315
0.71363705
0.65830112
0.49091902
0.62552452
0.47289005
0.55508024
0.54342693
0.58660215
0.80050451
0.50960797
0.68352777
0.78989315
0.80270952
0.8195771
0.81823117
0.83553284
0.79058701
0.79206818
0.80755985
0.75270355
0.83844435
0.82534474
0.77335382
0.80342191
0.78749669
0.74133724
0.76734847
0.76871192
0.72562402
0.76885033
0.72109276
0.8725487
0.75184941
0.7687431
0.7748934
0.84722412
0.6008926
0.83712906
0.90340763
0.81871605
0.78582418
0.9116174
0.75574249
0.85267675
0.81721437
0.84217888
0.68932968
""
0.92699653
""
0.82079929
0.89934373
0.73560923
0.85796332
0.87337238
0.86488283
0.72920686
0.84961307
0.88260758
0.74329549
0.75808233
0.71450764
0.80760401
0.74667746
0.81315958
0.7925685
0.66700798
0.63729286
0.53058469
0.6263389
0.86897498
0.68351847
0.56202251
0.5650419
0.60445589
0.64611143
0.6452021
0.68958545
0.54355621
0.55460238
0.64042729
0.489099
0.61121565
0.62075347
0.62468207
0.66233116
0.62897503
0.78547478
0.64440268
0.50125343
0.53625619
0.34091818
0.68275899
0.79250014
0.68652618
0.69167644
0.74845237
0.54506147
0.78566623
0.56932676
0.74803376
0.7811895
0.75545901
0.64374167
0.62666315
0.85414606
0.82532215
0.75186461
0.7514931
0.76557082
0.80452943
0.73694289
0.82945687
0.68886054
0.73978132
0.7359277
0.76369864
0.69097823
0.71220124
0.75956261
0.70706522
0.69298232
0.7576077
0.7801621
0.7173298
0.78155333
0.80781877
0.74877226
0.80846614
0.83323753
0.78437608
0.63357985
0.8103466
0.72493845
0.82635045
0.75877959
0.75841027
0.79224116
0.81859362
0.78856623
0.64157206
0.80357736
0.71250123
0.64304942
0.51806134
0.65344203
0.67119455
0.74260712
0.58627909
0.52953249
0.50674641
0.36650774
0.43495774
0.46773115
0.60869753
0.65767169
0.52581018
0.80257374
""
""
""
""
""
""
""
""
""
""
""
""
0.85678619
0.8103171
0.76816714
0.67671067
0.72649074
0.82981843
""
""
""
0.75074583
""
""
""
""
""
""
""
0.58175421
0.80869937
0.81441844
0.88019359
0.79297298
0.63204348
0.69089645
0.86946011
0.81416577
0.70432991
0.80675006
0.82689911
0.77867872
0.87839758
0.82369345
0.78843951
0.84956974
0.80773228
0.87184536
0.72306931
0.62984812
0.76712376
0.78901464
0.7844469
0.7872265
0.77403438
0.76908195
0.84196168
0.79117477
0.83707333
0.79098582
0.6404621
0.6527099
0.52335483
0.67491603
0.63359958
0.73296958
0.70818293
0.6373142
0.71063614
0.71284956
0.74859935
0.79375309
""
0.66114104
0.55384344
""
0.88973016
0.49968141
0.6147247
0.69822663
0.6131556
0.69552195
0.68613672
0.73779148
0.61740685
0.48635089
0.59268248
0.64319414
0.73830199
0.61491543
0.71686256
0.73276621
0.77633536
0.75962996
0.76337808
0.84821975
0.7455793
0.61453694
0.62268037
0.72558188
0.79050416
0.70359689
0.74267006
0.83408606
0.6672762
0.80769199
0.7355001
0.70940882
0.81067204
0.72524935
0.80157274
0.78890067
0.72643536
0.77283376
0.76976711
0.71764374
0.72635007
0.73917031
0.75189018
0.81614858
0.77050549
0.81128687
0.657655
0.69860834
0.80693763
0.7940495
0.75472641
0.5887835
0.88049495
0.78466296
0.77884179
0.78995156
0.76483959
0.5618971
0.833938
0.7591266
0.72753769
0.89573485
0.57976216
0.77346039
0.83418304
0.8482706
0.66826463
0.78059739
0.67530036
0.85934305
0.78907472
0.67303789
0.72136277
0.81464052
0.77881986
0.72803885
0.78714436
0.83978033
0.70090634
0.77001351
0.78049302
0.67041922
0.56790966
0.69765538
0.72259158
0.69424456
0.73099428
0.82829714
0.77039963
0.79279941
0.82190579
0.84389704
0.81211805
0.73095572
0.76101178
0.80012596
0.79382509
0.6620757
""
""
0.77868104
""
""
""
""
0.68458492
0.45379704
0.5246163
0.73333597
0.87077111
0.45246083
""
""
0.42488772
0.62341201
0.45600814
""
""
0.83268493
0.94098902
0.85082787
0.80120045
0.82981938
0.71492958
0.8454172
0.8341924
0.82909524
0.81517309
0.90189159
0.77583772
0.82330441
0.80886996
0.80950671
0.7855801
0.82211167
0.71513736
0.74612546
0.83613229
0.80097061
0.8649599
0.84031999
0.82714456
0.84663546
0.8139928
0.875076
0.85918123
0.80796641
0.70472836
0.71434635
0.58672357
0.85969001
0.73443961
0.72893828
0.76878142
0.68393004
0.68949169
0.80480093
0.69436979
0.71819311
0.83642769
0.85320526
0.65620154
0.8384673
0.73832732
0.72782439
0.77749902
0.67609525
0.86720699
0.88075948
0.88898265
0.83467108
0.80972654
0.74359643
0.85221016
0.83246297
0.78935355
0.83634287
0.77031648
0.63916582
0.87353069
0.87364292
0.79921257
0.80686748
0.81864285
0.84033567
0.80936062
0.90923798
0.74060798
0.7498616
0.81157637
0.747742
0.82570255
0.75216967
0.85643053
0.84190392
0.83114916
0.77222902
0.80592042
0.88270998
0.84528452
0.82045591
0.87000626
0.81408113
0.87765253
0.80531597
0.81410044
0.68718839
0.60322887
0.68726033
0.719414
0.82199842
0.84270912
0.8280018
0.59023118
0.72087169
0.72150135
0.65129346
0.72970974
0.59435552
0.69291788
0.59990096
0.79172003
0.65183032
0.72211802
0.72387707
0.79373741
0.67136651
0.75098705
0.72921264
0.79601139
0.82484084
0.762079
0.82697117
0.75614589
0.79040945
0.78970832
0.83817154
0.86468023
0.76973176
0.75463569
0.72149241
0.58958095
0.59611529
0.92959136
0.78360474
""
0.50762945
""
0.74813688
0.72399664
0.83122879
0.76929832
0.84733629
0.89087856
0.83314312
0.82633317
0.86917794
0.86544621
0.70920765
0.84730232
0.81094503
0.81592327
0.77781481
0.83861357
0.75703543
0.77720952
0.91789436
0.89636093
0.83938062
0.83558965
0.78318304
0.82258743
0.83709353
0.85994607
""
""
0.83413875
0.69429886
0.77011698
0.51859313
0.81398708
0.67772222
0.54813105
0.83001298
0.63844615
0.69479996
0.70110703
0.7028929
0.71136731
0.65087497
0.84798133
0.76207185
0.71650279
0.74917662
0.74482918
0.68611735
0.80633682
0.69009984
0.71617562
0.69733846
0.73418355
0.77085894
0.79297757
0.69025403
0.61501479
0.74104983
0.53570968
0.76646954
0.66084772
0.65005612
0.69548881
0.74454749
0.59414345
0.55018586
0.68918055
0.69349754
0.71028203
0.71202505
0.78168088
0.68954027
0.75930244
0.73728949
0.77173615
0.81220293
0.90575635
0.70419854
0.77857816
0.76945388
0.78923124
0.83338225
0.66696864
0.72736555
0.67164189
0.74531442
0.53162271
0.62864602
0.71129197
0.69895494
0.5272541
0.82446778
0.70795363
""
0.67051703
0.7618227
0.7855764
0.74691033
0.79738313
0.76898563
0.71507663
0.72942054
0.72386998
0.74979508
0.70256931
0.73662126
0.7274785
0.73751235
0.79126197
0.75872558
0.69255054
0.69312584
0.68188161
0.80052555
0.84018934
0.66233528
""
0.63572973
0.71274447
0.76743335
0.78836727
0.85844582
0.75229502
0.80365527
0.73221695
0.68981367
0.68255162
0.83252352
0.81732625
0.71417516
0.74614942
0.71075541
0.66233337
0.70536387
0.56268227
0.68601739
0.71311325
0.63470215
0.73430949
0.80095518
0.78828061
0.76716471
0.76129311
0.78053361
0.75066459
0.75080913
0.75299793
0.73700374
0.67755926
0.74130666
0.70369011
0.66329151
0.70068085
0.54772139
0.69599056
0.71245641
0.48370019
0.62762737
0.53946632
0.65865481
0.54266274
0.64295316
0.61080587
0.60806882
0.69332063
0.65208447
0.72471082
0.70891505
0.69374943
0.66631871
0.65097427
0.70910102
0.70971918
0.7378937
0.68809551
0.73025411
0.72841936
0.62212098
0.71903306
0.74372447
0.58499807
0.54829216
""
""
""
""
0.5297038
0.71281809
0.55011833
0.66634345
0.68927079
""
""
""
""
0.76764864
0.83678573
0.76131654
0.71752352
0.85503185
0.69238114
""
""
0.69135219
0.70706165
0.65511125
0.78573799
0.78630924
0.68073511
0.73889685
0.69679981
0.516536
0.68175572
0.83422565
0.79607248
0.60072756
0.64495724
0.67966026
0.57711309
0.70245612
0.68122005
0.69976878
0.87371457
0.62747151
0.5340203
0.67451984
0.36198139
0.76095921
0.73576456
0.68122238
0.82960796
0.80582368
0.76036197
0.68566447
0.84963512
0.76182222
0.76442349
0.66799569
0.79740858
0.75593275
0.70188361
0.77874601
0.58897793
0.48023352
0.63345528
0.71004415
0.71693331
0.79481298
0.55235118
0.5685972
0.62195009
0.629686
0.76312804
0.69621158
0.72899574
0.70410717
0.71483624
0.80342972
0.70862514
0.69698346
0.66711259
0.69814521
0.61896551
0.58483881
0.54145992
0.68688738
0.48755738
0.58139825
0.65501076
0.75114024
0.70186436
0.73409051
0.66467446
0.60749334
0.73573828
0.71443641
0.75031644
0.70105976
0.73118895
0.70774567
0.72968924
0.6543901
0.69610083
0.75856948
0.71775097
0.75899684
0.75075155
0.68926573
0.72931874
0.72583979
0.75175983
0.74028605
0.73797005
0.71127623
0.70074463
0.72577959
0.74075979
0.78308594
0.74737418
0.76099581
0.61496764
0.66712201
0.60923958
0.66065067
0.62840903
0.63779998
0.61665034
0.60340863
0.7448768
0.76089525
0.70362157
0.68743181
0.79258227
0.77149677
0.79007995
0.71671724
0.79146641
0.71081161
0.72289813
0.72386044
0.83559263
0.79615241
0.76630336
0.72057253
0.80042303
0.87075764
0.79936957
0.74288076
0.63908517
0.65343702
0.6268115
0.73618788
0.79776895
0.73465711
0.54452723
0.63522226
0.76762807
0.67686695
0.63787025
0.73471707
0.68463093
0.74421275
0.70102829
0.58670616
""
0.45642185
0.40161851
0.67722517
""
0.68088573
0.60070705
0.66301924
0.67868119
0.59511477
0.68920684
0.83561921
0.82380885
0.77253562
0.74989372
0.73093361
0.78390968
0.21200678
""
0.35596943
0.54988068
0.85351866
0.56870723
0.41873798
0.42565438
0.25420183
0.90221006
0.47146893
0.41054523
0.64020532
0.62784791
0.66120499
0.41811845
0.63792187
0.76004004
0.65117657
0.60128415
0.64265728
0.42255744
0.30345422
0.63538355
""
""
""
""
""
""
""
""
""
""
""
""
""
""
""
""
1.0741827
0.56160176
0.29666582
""
""
""
""
""
""
""
""
""
""
""
""
""
0.67349774
0.44087416
0.60044891
0.36871296
""
0.91079909
""
""
""
""
""
""
""
""
""
""
""
0.60661441
0.54501724
0.73017418
""
0.63239944
""
""
""
0.58904463
0.39363986
0.49676859
""
""
""
""
""
""
""
0.43298486
""
""
""
""
""
""
""
""
""
""
""
""
""
""
""
""
""
""
""
""
""
""
""
""
""
""
""
""
0.62634784
0.56565267
0.75052279
0.86177701
0.19141772
""
""
""
""
""
""
""
""
""
""
""
""
""
""
""
""
""
""
""
""
""
""
""
""
""
""
""
""
""
""
""
""
""
""
""
""
""
""
""
""
""
""
""
""
0.68796915
0.33654079
""
""
""
0.50545067
""
""
0.44203481
""
0.38010308
0.57181364
0.53624445
0.51282674
0.46775913
""
0.47924402
""
0.50173271
0.21313505
0.35722119
""
0.40969437
0.52800834
0.49354234
0.56834197
0.46711802
0.57702553
""
0.54449975
""
0.53060675
""
0.56444728
0.57458395
0.42795491
0.4398776
0.51875848
0.45364696
0.61782187
0.64706326
0.56477177
0.74676824
0.60673279
0.5228352
0.65686899
0.28010952
0.6163981
0.60965258
0.66647422
0.59974599
0.50267798
0.67190933
0.574507
0.61969644
0.51454186
0.42873079
0.63656694
0.52632612
0.57218575
0.57832485
0.54299885
0.63793868
0.57604271
0.54196078
0.58900237
0.76131022
0.77107632
0.77052283
0.82844311
0.62728119
0.72013581
0.65387982
0.69588935
0.72272426
0.58419496
0.45403674
0.67478448
0.64126194
0.5285306
0.45224738
0.59224969
0.67089033
0.71367472
0.70282501
0.71971905
0.67088276
0.62283528
0.67507011
0.59602916
0.61942923
0.55253553
0.69201517
0.58471805
0.63508755
0.56340688
0.68168831
0.61813796
0.54270554
0.70412016
0.63028246
0.59983313
0.69387203
0.65157408
0.61501467
0.62734276
0.56413651
0.58272099
0.60757804
0.62582153
0.62818807
0.55715775
0.62232345
0.63786769
0.63501734
0.56365037
0.68082994
0.63020217
0.62974072
0.57708192
0.64776427
0.5816825
0.64954025
0.60248107
0.72898406
0.56928498
0.61606741
0.48209774
0.52676952
0.59165937
0.5892278
0.57700145
0.67155266
0.61137831
0.63627988
0.6510573
0.67328805
0.75761765
0.64052135
0.62440979
0.71975088
0.63343757
0.57503176
0.63484246
0.54038584
0.61398166
0.61602968
0.46051928
0.49144834
0.55221838
0.57476234
0.67265755
0.61555237
0.65294516
0.49577487
0.52094901
0.63913393
0.54895848
0.64355117
0.59579271
0.67016643
0.66513896
0.72310001
0.59915572
0.57214367
0.61144918
0.6020391
0.65574956
0.70182449
0.58807558
0.61847842
0.56544292
0.63666534
0.7078405
0.59234309
0.56369269
0.62184334
0.58679265
0.66032171
0.50946718
0.49310777
0.68297905
0.59455675
0.53821337
0.59760201
0.71825427
0.59409922
0.60078329
0.59192061
0.59529626
0.52874935
0.61815512
0.39756924
0.60185182
0.44390848
0.59768569
0.51556176
0.61871767
0.57054341
0.51794446
0.4950012
0.53443986
0.41319937
0.57821447
0.63672727
0.56297344
0.63779104
0.53494722
0.561961
0.64162481
0.60951173
0.58290589
0.57349694
0.64182138
0.62634462
0.62328404
0.62982303
0.5579915
0.63644695
0.5263682
0.57024676
0.6104055
0.63682073
0.66497231
0.63637829
0.6182493
0.50946921
0.5718829
""
0.57175905
0.70570952
0.3866685
0.61919808
""
0.60643137
""
0.66334522
0.38483822
0.45121554
0.53338361
""
0.55603778
0.48091376
0.52063566
0.54043132
0.6157968
0.59335315
0.45643005
0.59747303
0.41029799
0.51988339
0.41644475
0.60667884
0.4572551
0.45654187
0.47764447
0.47996801
0.4930256
0.54762095
0.59988874
0.7356112
0.51485401
0.48780909
0.50711119
0.55413175
0.57553953
0.54138327
0.53155178
0.57321334
0.58303297
0.59101486
0.62724459
0.56931889
0.55906558
0.44721022
0.52998924
0.45329931
0.5089637
0.44504997
0.49667531
0.56776971
0.5790894
0.49401495
0.52558875
0.52658969
0.54995126
0.52332461
0.51818258
0.47591028
0.55492657
0.52981025
0.66937184
0.48744744
0.53297871
0.51923329
0.58072668
0.55283308
0.53999114
0.57660085
0.56843233
0.53264731
0.41527221
0.49327132
0.50020438
0.54427081
0.5524841
0.59837824
0.43055367
0.62897372
0.55529696
0.51037592
""
""
0.65577137
0.48633763
0.69091886
0.52386761
0.5967586
""
0.39199835
0.42472142
0.50844687
0.53869635
0.55439055
0.59555495
0.51379448
0.5030573
0.59226656
0.54384601
0.4957771
0.52990258
0.60532552
0.51444411
0.52538651
0.5155248
0.54704523
0.52468181
0.53332716
0.56169313
0.57217616
0.60399866
0.50193113
0.79368657
0.49213862
0.67923558
0.62857872
0.58055753
0.55789983
0.65656012
0.77765065
""
""
""
""
""
""
""
""
""
0.69005281
0.77674013
0.37119171
0.71461076
0.54605258
0.47365251
0.48159137
0.4989168
0.63303202
0.36987859
0.55667424
0.62280595
0.49858004
0.52167308
0.43971863
0.41835785
0.65232086
0.61467284
0.65880036
0.66624337
0.62311792
0.58306473
0.45853987
0.58288908
0.50604618
0.58468503
0.51679546
""
0.52609861
""
0.31647119
0.74221373
0.61054981
0.58764875
0.66855186
0.6628933
0.60914326
0.62924892
0.65860689
0.61382776
0.52333552
0.66785824
0.38653335
0.57153338
0.56466824
0.7443459
0.49828473
0.51749736
0.52642167
0.50484699
0.52431047
0.59449232
0.56028473
0.57059991
0.55625498
0.66807622
0.5758422
0.56997395
0.57453883
0.59753525
0.58913958
0.59605998
0.54763627
0.54643261
0.63067228
0.54949361
0.52738392
0.6305148
0.50438809
0.68151647
0.52646536
0.64137274
0.54582208
0.68436366
0.58080828
0.54427958
0.50096953
0.6900745
0.46952724
0.68175262
""
0.25528461
""
""
0.5550406
0.65936679
0.63879758
0.46961886
0.48359174
0.60415375
0.56495631
0.6632821
0.50762373
0.54377264
0.5977937
0.6500302
0.61384636
0.58109289
0.59738767
0.58052397
0.57162112
0.59680068
0.66891295
0.57517451
0.54943115
0.52753198
0.60957253
0.56086391
0.61064243
0.56990743
0.61530066
0.55297333
0.58854449
0.59681022
0.57768756
0.50262785
0.48188207
0.68786579
0.5921272
0.5787164
0.49287614
0.73001671
0.56330103
0.42058539
0.68087053
0.55948895
0.55149359
0.50875807
0.61010671
0.58765382
0.52606571
0.5796085
0.60161203
0.52659285
0.6091783
0.42979184
0.49101874
0.51890123
0.4763774
0.59142917
0.58022237
0.52516383
0.62426245
0.71919674
0.49046725
0.5887264
0.534015
0.45157444
0.59087944
0.51862144
0.5241012
0.57822555
0.53846616
0.62534124
0.55647409
0.66295648
0.54932666
0.67472106
0.63880181
0.64811474
0.6840542
0.66262704
0.57594454
0.63893431
0.65436703
0.57151002
0.55463231
0.60284108
0.64264911
0.72552758
0.61899012
0.58042401
0.58868754
0.64527065
0.62230372
0.6112048
0.73341072
0.73807603
0.64751911
0.55619442
""
0.6811462
0.6075809
""
""
0.5908491
0.59147203
""
0.53496951
0.68308139
0.54494685
0.67578787
0.59768921
0.59621203
0.55523992
0.60699832
0.62088066
0.65082729
0.64682132
0.56974423
0.54550421
0.69124937
0.56217903
0.7606957
0.67456597
0.51348841
0.54736447
0.58848494
0.54592824
0.72141308
0.33619606
0.65303248
0.37543085
0.54228067
""
0.60917419
0.55840701
0.62541038
0.51897109
0.58878994
0.53135353
0.61778569
0.70160162
0.61098909
0.51791221
0.58619714
0.66983271
0.62037712
0.54750144
0.67650145
""
0.67776757
0.64752108
0.69915146
0.69676125
0.68298298
0.59345126
0.57351249
0.43172267
0.51465607
0.6939348
0.54112667
0.68845254
0.60148358
0.49268535
0.54615873
0.34716684
0.5871864
0.59465563
0.57635081
0.52364635
0.6411621
0.57732135
0.6317355
0.52097917
0.63056672
0.58145773
0.59129131
0.56829697
0.56953245
0.61305606
0.45243585
0.69167584
0.52490723
0.62685508
0.51627207
0.48920059
0.71432698
0.50412434
0.62442839
0.49154165
0.45334926
0.4603087
0.57680655
0.50633413
0.44446471
0.47551715
0.59980726
0.59009314
0.61610413
0.57014936
0.5929755
0.58827806
0.49194831
0.51830596
0.50328279
0.46346226
0.58641148
0.53948945
0.58806646
0.52335382
0.64578944
0.55776942
0.57484806
0.61907655
0.62570125
0.63128918
0.58789682
0.55139792
0.76265633
0.77546483
0.80622393
0.68993825
0.71142584
0.68910623
0.65666068
0.62700105
0.63404745
0.70573068
0.66273588
0.683312
0.58105183
0.60250688
0.67161316
0.62803435
0.71300215
0.73073339
0.6389333
0.6718443
0.60283697
0.55835015
0.61907381
0.58252931
0.70762718
0.6551953
0.65994698
0.68412244
0.63806194
0.76082784
0.47299865
0.66566235
0.44047976
0.36176908
0.58657742
0.61358333
0.52616888
0.16768768
0.41833001
""
0.58343655
0.49260375
0.76882994
0.49749252
0.66466302
0.68181938
0.57201642
0.64162588
0.52372217
0.57706434
0.48204741
0.48720154
0.64770019
0.44604394
0.46563682
0.57936966
0.56824178
0.56891429
0.47631997
0.53234506
0.62753004
0.60791969
0.64151543
0.65222031
0.58332038
0.71070063
0.45632952
0.5602724
0.36597374
0.65981388
0.57688826
0.57101995
0.58533949
0.37671331
0.62962407
0.53441089
0.61817551
0.74274075
0.385602
0.56840312
0.64124614
0.55586255
0.5659554
0.59879345
0.69016224
0.58684897
0.62284333
0.48317826
0.64515752
0.48090303
0.29303354
0.63238811
0.61111182
0.39947677
0.7449829
0.41188306
0.5261755
0.64004451
""
""
0.91074663
0.50819141
0.77380258
0.58899069
0.68408602
0.73313141
0.52998477
0.65754497
0.67222214
0.69786447
0.62076062
0.66708922
0.65056074
0.5277077
0.50623292
0.58888298
0.65880907
0.60721684
0.59382707
0.78649288
0.71249855
0.50193113
0.62022519
0.66358995
0.72224802
0.6340453
0.7586028
0.78316557
""
0.84323931
0.79961973
0.61846256
0.64039588
0.87992686
0.75501829
0.68125671
0.84398752
0.78939945
""
""
0.80039221
0.55935133
0.59501415
0.75180799
0.71386486
0.83648068
0.67874652
0.72871548
0.77064878
0.76514697
""
""
""
""
0.82981837
0.80406433
0.79285556
0.77763945
0.74991572
0.84602761
0.70588297
0.74236304
0.77123356
0.73527241
0.81800622
0.78769189
0.90265483
0.81768221
0.65456408
0.71434844
0.76651043
""
""
""
""
""
0.84921449
0.78612846
0.7913835
0.75644976
0.77219373
0.7659322
0.66339254
0.75656074
0.68944788
0.75647187
0.74226427
0.72055644
0.7718752
0.73820174
0.80255276
0.7330122
0.70736092
0.77254319
0.72179383
0.68155527
0.57482541
0.73483318
0.71232706
0.68249822
0.64329988
0.70709771
0.74062896
0.8010571
0.71985739
0.75043559
0.7480545
0.67094839
0.74368149
0.65349317
0.60109699
0.72732764
0.66888589
0.74091786
0.61596906
0.69046795
0.65055037
0.79704189
0.76312321
0.73144317
0.71598995
0.65742874
0.69468373
0.79438227
0.67625117
0.66223842
0.68390757
0.69580537
0.73940724
0.7058571
0.68473166
0.71036893
0.71092659
0.73538893
0.68613929
0.67023844
0.75290346
0.72373849
0.81646514
0.53103077
0.72947001
0.61251289
0.7167362
0.61667234
0.70597488
0.66134936
0.71545613
0.65576547
0.78484946
0.65225905
0.67233479
0.60814285
0.62783247
0.73255581
0.63635206
0.71501434
0.71539277
0.73927355
0.72664076
0.76301962
0.78557175
0.7170133
0.74972552
0.77269912
0.7033717
0.69512326
0.70534343
0.65227497
0.6930055
0.74406904
0.66151994
0.62867206
0.75293541
0.7688641
0.65975463
0.73158795
0.64249671
0.69381827
0.70157921
0.61390448
0.6594401
0.61356318
0.6924203
0.60919756
0.75978255
0.63665217
0.82446605
0.71155047
0.69667023
0.57701856
0.70626885
0.69981158
0.78422642
0.74305272
0.74344736
0.7607621
0.71274012
0.39593336
0.76112527
0.68549716
0.62582159
0.68919438
""
0.30370304
""
0.56590784
0.59423405
0.5673275
0.61266321
0.56669873
0.71178478
0.58889377
0.58455199
0.60336876
0.54286689
0.65250838
0.64102507
""
""
0.72945911
0.7065888
0.68402749
0.85193497
0.70481902
0.68391341
0.6400575
0.46489465
0.58244383
0.54268968
0.5774911
0.62109005
0.58481896
0.55709118
0.60474098
0.56947607
0.63000596
0.77196503
0.51466823
0.66320682
0.52116555
0.64989841
0.70317686
0.70551372
0.66910833
0.65036494
0.68063259
0.64017409
0.62598163
0.7215327
0.59873843
0.68342996
0.65471029
0.70687521
0.60335797
0.58094221
0.57659113
0.62874383
0.67126155
0.6670599
0.63111955
0.58596873
0.68573725
0.68164492
0.60959595
0.63475662
0.70908922
0.73298734
0.74786186
0.7139852
0.66444135
0.70100003
0.40214872
0.45399961
0.4517543
0.66250807
0.58994174
0.58128476
0.66710854
0.58741575
0.49962056
0.55656677
0.58769822
0.52480239
0.58127207
0.5711922
0.60087693
0.66490692
0.53914553
0.51216412
0.44773644
0.50689995
0.52258438
0.69153833
0.77888018
0.61678928
0.61588341
0.67132413
0.47048229
0.67981672
0.5743174
0.806032
0.61776721
0.54506242
0.7152102
0.66441929
0.58888477
0.61234546
0.60101569
0.76402307
0.65853888
0.39538112
0.54938668
0.6286391
0.64231086
0.62979496
0.64280909
0.60727578
0.75936794
0.754219
0.72172189
0.67252773
0.61652803
0.57120794
0.63672197
0.5111376
0.56122011
0.58428109
0.48525283
0.55402815
0.51803523
0.63095075
0.59886599
0.62880534
0.71456277
0.76599365
0.75342619
0.80768633
0.64492017
0.54870963
0.68563992
0.56628346
0.73052734
0.65727329
0.64174151
0.64640081
0.66164643
0.63827068
0.69943106
0.64228284
0.68802142
0.61434025
0.70571542
0.62475002
0.6545524
0.70883858
0.63504893
0.64902025
0.6561352
0.64079744
0.74306589
0.64602882
0.70650846
0.58935738
0.69883657
0.78373414
0.71195966
""
""
""
0.71653503
0.65035188
0.53622329
0.6904878
0.5801847
0.61031741
0.60206234
0.59357327
0.50989676
0.58322042
0.6342743
0.41223645
0.54487866
0.67337996
0.60326475
0.44895798
0.47003645
0.53331077
0.66330141
0.52297777
0.61019444
0.60949326
0.65614408
0.59604955
0.64946038
0.59907854
0.48925215
0.53321767
0.53865153
""
""
0.77136099
0.78440833
0.56858826
0.6989547
0.72456747
0.73749137
0.78623611
0.7145288
0.70957625
0.81013566
0.77211946
0.78506476
0.64105552
0.77453339
0.65853214
0.90242547
0.7318638
0.57767433
0.78056455
0.78478426
0.81245804
0.6674723
0.7575292
""
""
0.72569531
0.61538005
0.63129455
0.75199181
0.61010391
0.74135065
0.6917851
0.75702542
0.66369599
0.79629618
0.73265153
0.63182801
""
""
""
""
0.80708766
0.86262149
""
""
""
""
""
""
""
0.50185621
0.6603061
0.68001467
0.74952298
0.65489596
""
0.54576075
0.48829857
""
0.77047074
0.64175552
0.66800112
0.67840999
0.64766937
0.62899679
0.59248495
0.53218508
0.58627218
0.70183402
0.76078355
0.56290346
0.73916227
0.62057668
0.72905517
0.62389094
0.63636357
0.73291022
0.66876125
0.78844267
0.67139852
0.53003925
0.71576047
0.70172638
0.61622339
0.6756708
0.73365611
0.699956
0.68202955
0.77371186
0.59458929
0.63847113
0.58242089
0.62102461
0.57151061
0.61086494
0.50197399
0.6379602
0.88965935
0.65112907
0.72158957
0.70932764
0.67139751
0.65573019
0.62130308
0.80343062
0.61345041
0.59681153
0.61358792
0.67061979
0.80526417
0.72775614
0.60974783
0.5879333
0.6398074
0.59202582
0.54078412
0.59033388
0.65024984
0.7366091
0.66059834
""
0.79180497
0.65731072
0.64491743
0.6566419
0.6547752
0.66708368
0.56411654
0.52278173
""
0.5377931
0.6084314
0.69622838
0.7490201
0.68294716
0.59406567
0.75016177
0.65571982
0.70828569
0.74413174
0.71008265
0.75122291
0.75032747
0.64726663
0.63372248
0.53728694
0.69288713
0.64663774
0.69643241
0.72202563
0.69916737
0.66106582
0.69373995
0.67391747
0.64182448
0.67400771
0.66981333
0.66245294
0.62105525
0.57203442
0.7626788
0.76014978
0.65761
0.70523888
0.55413973
0.81626564
0.66089189
0.74881381
0.69470042
0.60431522
0.76858389
0.48499131
0.64701486
0.64674646
0.69467103
0.61605579
0.73823452
0.83022994
0.71616417
0.67882985
0.70424664
0.72048861
0.77213883
0.66987574
0.68807614
0.65036827
0.66790348
0.6067459
0.65230578
0.78527945
0.62817836
0.64116794
0.6801886
0.74344236
0.68312138
0.57154477
0.70014948
0.77475035
0.7406463
0.71043795
0.69199961
0.68596894
0.64878011
0.70902008
0.71077245
0.69478077
0.63306421
0.77056497
0.78417617
0.82681769
0.60869533
0.77719516
0.6089021
0.6756171
0.71688968
0.67788261
0.74535006
0.74324054
0.74403745
0.61951882
0.69467819
0.57442009
0.60354686
0.66379756
0.72529018
0.41785511
0.60377383
0.62382722
0.71468973
0.65518147
0.59700263
0.58054101
0.63136995
0.64186305
0.69768476
0.64194751
0.70275491
0.63807261
0.60007107
0.67537844
0.60032779
0.61275083
0.71553397
0.67716634
0.60172516
0.53847235
0.62632591
0.72425067
0.57260853
0.67488998
0.69581556
0.62623632
0.62828344
0.65002167
0.63818079
0.7034716
0.7377525
0.67370081
0.63110405
0.63544464
0.59983134
0.63124627
0.77313483
0.62851745
0.75036669
0.75156498
0.68887669
0.73776233
0.73677629
0.71324611
0.650837
0.72068632
0.86420524
0.67043763
0.63987941
0.68605793
0.66067737
0.69904256
0.51181537
0.82658839
0.45773661
0.60026467
0.61843944
0.6104179
0.7118696
0.72157252
0.62038463
0.59705532
0.80439085
0.63801706
0.86089492
0.56646413
0.70109993
""
0.67120856
0.5677647
""
0.50058055
""
0.73581028
""
""
""
0.74813324
0.73224664
0.63902336
0.7428118
0.620354
0.68060738
0.66261369
0.67453748
0.81283456
""
""
""
""
""
0.51179427
0.51721573
0.56958371
0.58066559
0.58520073
0.53653955
0.46115017
0.75204229
0.5631128
0.54110986
0.41093579
0.39872113
0.54902291
0.54989785
0.4861545
0.5770815
0.53410643
""
0.68276787
0.62162894
0.51929104
0.54568034
0.5722881
0.54157776
0.58676064
0.64012218
0.59419727
0.57531679
0.52460057
0.60230905
0.66488421
0.64513236
0.6372419
0.64422715
0.482972
0.62717485
0.76873195
0.50366139
0.61807948
0.51293373
0.77507418
0.74111348
0.67813307
0.61369765
0.6303044
0.5986703
0.73674375
0.7003749
0.56026584
0.66690296
0.79023999
0.6437875
0.65547216
0.60904199
0.70076758
0.6491425
0.58707166
0.69883674
0.67966419
0.62743551
0.81689203
0.63472837
0.6452238
0.57187665
0.68131667
0.56558305
0.632918
0.64751697
0.60336655
0.79313499
0.40244535
0.62273395
0.62428302
0.59613764
0.70858395
0.69587904
0.54952055
0.59674269
0.54297179
0.52270287
0.59822708
0.74950302
0.65995586
0.73711181
0.64089859
0.64814287
0.63333398
0.41292039
0.60387152
0.70804083
0.51481509
0.56373239
0.56304604
0.68696487
0.59919614
0.67150563
0.62781984
0.66949266
0.67641002
0.56393921
0.58857828
0.70586503
0.60318416
0.66348785
0.69336313
0.55649787
0.64124244
0.66741335
0.563034
""
0.52763289
0.45654488
""
0.59978837
0.64484131
0.59762192
0.64814943
0.74328715
0.59056044
0.50218111
0.53047854
0.59549636
0.60007131
0.63154018
0.44889078
0.55571198
0.52134353
0.51074564
0.53199708
0.63449901
0.59865546
0.54034972
0.56839532
0.5440191
0.71806562
0.5206461
0.56019717
0.61719769
""
0.66567123
0.56790316
0.6046201
0.43279114
0.55297142
0.59177977
0.57697302
0.64435405
0.34614727
0.71478927
0.59210205
0.62186545
0.54356331
0.62833345
0.58554912
0.62797332
0.6539048
0.69005442
0.60831213
0.65546227
0.63168865
0.57583797
0.63791472
0.60589999
0.65344179
0.68909138
0.67947942
0.65835267
0.592646
0.67638111
0.64486015
0.65098333
0.48211148
0.55715674
0.56761861
0.59679776
0.58181512
0.6142385
0.67350006
0.65931726
0.67501926
0.6806258
0.59809214
0.67497832
0.65188193
0.64282829
0.72849411
0.74664778
""
0.62804866
0.64521807
0.51299542
0.60603893
0.56849587
0.60054886
""
0.6635257
0.83477449
0.61085033
0.49217114
0.52359968
0.53229487
0.68286866
0.6487363
""
0.70786184
0.65922976
0.67055416
0.78123814
0.55360532
0.45186019
0.80229777
0.82931697
0.67011017
0.81492329
0.75411803
0.68645513
""
0.67046076
0.65521932
0.5751645
0.67552203
0.6856994
0.67697042
0.62838405
""
0.564282
""
0.70393604
""
0.68167073
""
0.70579481
0.66957271
0.63373774
0.52126056
0.80819136
0.7892077
0.58807969
0.62388629
0.37458444
0.65219098
0.63218248
0.79840779
0.74002898
0.58274055
0.71290714
0.43810049
0.5914737
0.52465594
0.67117167
0.49775076
0.64813697
0.66861862
0.60336703
0.63824874
0.89168566
0.54305732
""
0.42053959
0.5115658
0.29841068
0.59971708
0.62451303
0.73847824
""
0.67674619
0.40498662
0.42502609
0.67949206
""
0.51571041
0.34011567
0.4992224
0.54003137
""
""
""
0.69496346
0.53021246
0.50244033
0.53895891
0.66135114
0.83944589
0.45953313
""
""
""
""
""
""
0.68113863
0.57790393
0.51639676
0.55122352
0.50308502
0.91156322
0.69713688
0.71074623
0.6069634
""
0.61435694
""
0.40404144
0.6302017
""
0.6340934
0.60149497
0.5953306
0.62219775
0.58831418
0.57563627
0.70323741
0.66813612
0.64045781
0.64109701
0.60099036
0.52557701
0.5639841
0.55009389
0.50980479
0.56510216
0.53545004
0.51217622
0.66579616
0.63680446
0.68820053
0.61189896
0.57614893
0.5695523
0.52997357
0.5852105
0.50307655
0.57922244
0.74405348
0.13636507
0.68496549
0.74916041
0.72631788
0.62059444
0.58732617
0.62751496
0.58851016
0.59945208
0.58505869
0.5362975
0.47593525
0.46114501
0.84211892
0.76139516
0.51675767
0.50830656
0.54221553
0.50976133
0.61821103
0.53609931
0.6557638
0.71563935
0.73882675
0.69712633
0.73424435
0.62624133
0.80232537
0.59101975
0.66674483
0.54134613
0.64398301
0.71568352
0.57374585
0.5677585
0.57015353
0.52500033
0.60610574
0.66588402
0.56501961
0.60690224
0.56965011
0.653099
0.68284231
0.75650948
0.6177485
0.80294979
0.65389526
0.6877951
0.60257769
0.64183551
0.63467389
0.59281832
0.50372434
0.62140739
0.59385335
0.56487775
0.54769075
0.54866749
0.68977314
0.58397728
0.65541399
0.61062741
0.56606132
0.55711001
0.65670258
0.64339316
0.69201195
0.58210051
0.740053
0.6459229
0.6708129
0.71427298
0.58913541
0.49570817
""
0.5513956
0.60313189
0.56193519
0.63236552
0.57977128
0.65795839
0.6181972
0.66223586
0.79902512
0.69797707
0.56537348
0.62989825
0.62058264
0.50418526
0.6659866
0.63134247
0.6865449
0.54955238
0.65682107
0.51688904
0.33429137
0.41772848
0.58785313
0.57688189
0.66319442
0.73392576
0.60727829
0.58079737
0.54641271
0.39222485
0.67808419
0.64264637
0.5512315
0.61519527
0.62881631
0.58634317
0.50297028
0.64553535
0.67471975
0.61071771
0.41535568
0.60272133
0.4073275
0.4831199
0.69412214
0.49353778
0.62054551
0.57215244
0.61426729
0.53667784
0.56333345
0.50568497
0.54441357
0.66157907
0.73076183
0.62661707
0.6687308
0.7171309
0.67836624
0.64050621
0.58310992
""
0.46877164
0.70524102
0.60135937
0.57695049
0.64328635
0.60927749
0.62927216
0.5440712
0.57309842
0.47608444
0.63703454
0.61901718
0.69463998
0.52640337
0.66039318
0.62479669
0.55498683
0.45819801
0.70022064
0.57703751
0.51092994
0.62511992
0.50945234
0.55107343
0.5925979
0.70321953
0.53053796
0.63231224
0.72346604
0.52598411
0.51592845
0.52485329
0.56683004
0.60038465
0.61277109
0.54757559
0.61855608
0.67223698
0.62303531
0.64333439
0.76494342
0.6111787
0.67344522
0.62023044
0.56202
0.57410687
0.54595238
0.6455074
0.571073
0.5296576
0.61198157
0.3989599
0.59093302
0.79629552
0.5903455
0.2589342
0.80924529
0.62187213
0.45174396
0.58410364
""
0.6498366
0.65334064
""
0.67906851
0.77567011
0.33497527
0.85301149
0.75724721
0.67623287
0.50466478
0.61768007
0.51003379
""
0.71224242
0.64753073
0.67388695
0.91302544
0.70110589
0.56086034
0.67599422
0.58649135
0.64509648
0.82480729
0.62148088
0.54597902
0.69824398
0.52264911
0.60292798
0.72575116
0.55344069
0.60357696
0.6519742
0.69119501
0.57770365
0.56142318
0.75962543
0.61161149
""
""
""
0.31949458
""
""
0.84847558
""
""
0.58141273
0.54381001
0.69827014
0.66064286
0.89472938
0.95358479
0.80780166
0.76305699
0.7346279
0.72007376
0.87908077
""
0.84939426
0.97030801
0.73605996
0.73499936
0.84432352
0.96936047
""
""
""
0.57904202
0.80960983
""
""
""
0.54107916
0.12968934
""
""
""
""
""
""
0.42578104
0.86746341
0.69458807
0.59278989
0.65478051
0.69739187
0.77724409
0.57477665
0.54765433
0.69162756
""
""
""
""
0.83123749
""
""
""
""
""
0.653916
""
""
""
""
""
""
""
""
""
0.41930586
""
""
""
0.86722052
""
""
""
""
""
""
0.42031893
0.62992817
""
""
""
""
0.58901542
""
""
""
""
""
""
""
""
""
""
""
0.65973276
0.75635505
0.73967195
0.55434012
""
0.48871329
0.58320594
0.6704455
0.66125667
0.76577401
0.76885492
0.71740502
0.68645155
0.81550813
0.59917754
0.50898868
0.68601465
0.62410605
0.60768181
0.55635017
0.5611456
0.61545497
0.52137482
0.70340097
0.5704056
0.85642982
0.72797132
0.82012069
""
""
""
0.43596771
0.71803427
0.62095636
0.71907794
0.69575781
0.46658745
0.57431996
0.62691796
0.53241026
""
0.67183185
0.65475804
0.63973266
""
""
""
""
""
""
""
""
""
""
""
""
""
""
0.73589188
0.81263328
0.8092714
0.72256672
0.76393992
1.0105917
""
0.63502932
""
0.73015809
0.76914704
0.6568467
0.69164884
0.74350232
0.58880299
0.48251203
""
0.76451427
0.58862495
0.66567016
0.68360883
0.87579238
""
""
""
""
""
0.83457941
0.74830472
""
0.77097034
0.46591726
0.616198
0.77758855
""
0.82700485
""
""
0.54382521
0.70924646
0.86568981
0.77441108
0.75208533
""
0.39596108
0.47992441
""
0.63208699
0.62426084
0.38973978
""
0.67191237
0.61650223
0.61167258
0.37301967
0.57938457
0.7575444
0.77882689
0.57193285
0.60277063
0.78131461
0.59020519
0.52966851
0.460172
0.80805326
0.44047192
0.54607284
0.30643532
0.38929433
0.58626026
0.39806154
0.44936293
0.50395942
0.4595992
0.49077412
0.47896659
""
0.68878049
0.5605998
0.5166288
0.60548091
""
0.59448761
0.55944228
0.49730709
0.55956459
0.68202156
0.65836084
0.64094394
0.49511409
0.64622593
0.56190902
0.65483391
0.66665936
0.67235553
0.71872717
0.61207747
0.62994772
0.60483623
0.84853268
0.72266984
0.56392759
0.79169768
0.69611704
0.80995649
""
0.8781724
0.80707794
0.8123672
0.44663885
0.63566715
0.74923861
0.99719024
0.78425473
""
0.96999502
""
0.46396008
""
""
0.59250522
0.83574182
0.65226251
""
0.98665601
0.76208586
0.62597096
0.71335638
0.5846473
0.85699046
""
""
""
0.76917839
0.70326316
0.69341332
0.78049105
0.69951832
0.88688916
0.76595306
0.83803767
0.62548769
0.78580391
0.93314499
""
""
""
""
""
0.75699031
0.61579567
0.63475871
0.6802094
0.428877
0.74134284
0.69639194
0.65241486
0.70652717
0.76408577
0.60607427
""
""
0.49667302
0.81058502
""
0.70013982
0.58013541
0.67987275
0.77218974
""
""
0.46115723
0.5687325
0.75520521
""
0.59358495
0.55491227
0.52960694
0.66577631
0.78902131
0.61740375
0.60524142
0.77432883
0.53596932
0.799591
0.52008748
0.52561337
0.59818596
0.70814025
0.77256924
0.60542244
0.57062149
0.54614621
""
""
0.59202808
0.48187795
0.39494312
0.40569535
0.63232863
0.44589785
0.6176967
0.66748029
0.55338258
""
""
0.57878309
0.6239531
0.48648378
0.4937146
0.77985537
0.51003957
0.67040831
""
0.52591354
0.52314967
0.77951592
0.71077543
0.80764073
0.45021373
0.50861382
0.58744752
0.54927319
0.69439226
""
""
0.51589668
0.72764719
0.72855127
""
""
""
""
0.65789717
0.77516431
""
0.64213866
1.0591891
""
""
""
0.84800756
""
0.63234115
0.87384456
0.89963967
0.77382845
0.58408159
0.77140659
0.73428017
""
""
""
0.95223272
0.72254187
0.65894985
0.75136614
0.62862831
0.79233658
0.84032631
0.80426419
0.79573429
0.63549674
""
""
0.79554987
0.70831251
0.75433183
0.82329214
0.72386599
0.62656397
0.81618845
0.6677137
0.7227245
0.86304253
0.53097868
0.72445297
0.62742299
0.79940456
0.63976961
0.64272678
0.5708043
0.88823229
0.73296672
0.54207331
0.5825699
0.72842032
0.6947279
0.621144
0.63690746
0.50019753
0.59809673
0.56360906
0.70388371
0.52270234
""
0.58614725
0.68015784
0.67375624
0.75811642
""
0.51813179
0.67237526
""
""
""
""
""
""
""
""
0.35354948
0.43350038
0.53295892
0.57478857
0.4400157
0.62494987
0.53870845
0.55288768
0.41181433
0.32657546
0.40502387
0.52563268
0.48722151
0.47200379
0.50190723
0.2779716
0.43038234
0.50620723
0.53797984
0.57461131
0.53912628
0.57949656
0.47481602
0.43073106
0.5164035
0.5549134
0.60768443
0.55211616
""
0.6676088
0.72496116
0.11022315
0.64310163
0.53987169
0.81231475
0.78889233
0.64117837
0.76960272
0.80164254
0.78068513
0.79146653
0.72258568
0.58681417
0.68147784
0.67594719
0.6797474
0.64400947
0.52334756
0.61031705
0.49527612
0.53228307
0.55468643
0.52714491
0.54471833
0.62005126
0.5574643
0.49824864
0.61649877
0.57293397
0.49120387
0.62834829
0.62611043
0.63366902
0.62844962
0.63950384
0.60459942
0.57487255
0.63184339
0.59719187
0.64791399
0.61105269
0.63807416
0.58700186
0.52162558
0.61163658
0.5890066
0.39349791
0.52623069
0.64006716
0.61159217
0.66550684
0.57209873
0.62785232
0.65604007
0.54950768
0.65209538
0.6391753
0.66650265
0.65481746
0.63930386
0.55123413
0.66282207
0.66819817
0.57053423
0.65767038
""
""
0.61324769
0.56497604
0.63247192
0.62678021
0.629691
0.56846249
""
""
0.65475559
0.69495404
0.66382235
0.65591836
0.79944396
0.61029363
0.64111942
0.63468117
0.6656217
0.69041413
0.5592761
0.5939064
0.6420778
0.69422603
0.62319845
0.66964597
0.56642205
0.72315431
0.6752134
0.56732678
0.64025253
0.69803083
0.56387466
0.6594159
0.59122992
0.66069031
0.72309119
0.67606211
0.41942799
0.6552211
0.64395344
0.66202176
0.72705358
0.64908564
0.74883658
0.56269854
0.67907208
0.60287565
0.62699848
0.55085623
0.70510149
0.6805203
0.56915522
0.55597395
0.66182655
0.72819716
0.66919202
0.74410373
0.58585519
0.77874804
0.72126096
0.5600853
0.71795899
""
0.58688772
0.6101886
0.40353113
0.64010745
0.68986851
0.566742
0.73163605
0.54843742
0.58339691
0.64013898
0.59598219
0.61508119
0.64995855
0.48239186
0.65608174
0.5971182
0.69180197
0.48019204
0.68711227
0.63541597
0.68347961
0.6676591
0.58507925
0.76086503
0.67687327
0.69972336
0.65352285
0.66320491
0.61578101
0.65889823
0.52503258
0.65515441
0.61434096
0.56653005
0.57045579
0.4767023
0.61835682
0.64097297
0.6028949
0.31301609
0.59587967
0.34231874
0.47845674
0.7282182
0.57006782
0.63106835
0.57370794
0.6024071
0.62766832
0.62513423
0.74418771
0.67936099
0.66295391
0.6142534
0.72999901
0.62905616
0.49920729
0.57542026
0.62357259
0.62783611
0.64796346
0.59760916
0.651214
0.58051133
0.63871449
0.60126311
0.62015527
0.65817875
0.68357188
0.48236254
0.64601725
0.63462019
0.63935411
0.66642934
0.64100051
0.67029899
0.64513403
0.7627641
0.5459516
0.67577916
0.56822759
0.54918259
0.45498285
0.59925836
0.58706754
0.73013914
0.59574902
0.58443677
0.63358355
0.62968034
0.58864152
0.74391508
0.67422223
0.64866358
0.57563472
0.57498318
0.63014752
0.50584102
0.57055104
0.61803472
0.65735906
0.49970475
0.63995749
0.57848805
0.58251226
0.67768145
0.61004823
0.62951577
0.54555076
0.62477869
0.63959718
0.67147076
0.60634458
0.70424336
0.68993634
0.67885733
0.7952165
0.62480611
0.69662166
0.76550657
0.70391333
0.61747366
0.65530586
0.63536298
0.72063196
0.66010463
0.65890849
0.64928025
0.68119633
0.89003307
0.63470411
0.67731398
0.61993748
0.68177366
0.52080041
0.70998281
0.67201954
0.73291951
0.56852078
0.75617933
""
0.55396032
0.57733345
0.52539688
0.70147717
0.59085965
0.57860762
0.66964614
0.62275445
0.49869263
0.64362019
0.52097195
0.63176352
0.68930423
0.57452703
0.56919813
0.52305114
0.5820244
0.64679545
0.59368265
0.72593766
0.60884088
0.66474211
0.51188904
0.55003375
0.57745302
0.63821292
0.64119792
""
0.6594882
0.5658704
0.67909855
0.6457504
0.62198031
0.61322743
0.6435833
0.69329458
0.66362691
0.58009255
0.58146489
0.64195406
0.62319416
0.53810978
0.62035722
0.67041463
0.68280166
0.62623805
0.59517038
0.69746643
0.70861465
0.65872252
0.61596477
0.68278021
0.69598514
0.61061925
0.64774591
0.69817775
0.63253707
0.71032548
0.63996238
0.56578213
0.56949884
0.57925558
0.46079078
0.50437045
0.59821308
0.70879209
0.62440062
0.54962897
0.65611935
0.57905674
0.67123502
0.73291928
0.70347732
0.68850344
0.71486515
0.55687022
0.45474687
0.69437897
0.61968786
0.66454422
0.66639173
""
""
""
""
""
0.73538327
0.60614401
0.61781603
0.46949264
0.5797267
0.47740653
0.58059001
0.67037302
0.60813689
""
""
""
""
0.74342465
0.62809175
0.62215304
0.59854621
0.41375998
0.67158192
""
""
0.57836437
""
0.57008183
0.59368879
0.58957416
0.64550531
0.58711565
0.56450307
0.66012853
0.67736167
0.6414203
0.69606465
0.4269096
0.74746358
0.45133024
0.68882781
""
0.53067112
0.82114208
0.54174775
0.71639067
0.62349004
0.61911327
0.64478135
0.50936717
0.6096819
0.74365163
0.64327544
0.56054497
0.70646793
0.80141205
0.76605523
0.58241659
0.621387
0.50199437
0.5705536
0.5507943
0.68504703
0.60732037
0.66480476
0.70024288
0.66252142
0.64467204
0.63142049
0.6092298
""
0.59779245
0.72692966
0.70078593
0.58595288
0.62462288
0.59806901
0.77445549
0.55701315
0.50496882
0.5818423
0.63334703
0.56527901
0.67104423
0.39087722
0.62715715
0.62912184
0.59945071
0.43933615
0.59951103
0.68339646
""
0.70691121
0.51646972
0.69002998
0.64298105
0.6329695
0.60274148
0.55712032
0.7589891
0.68140393
0.58447766
""
0.68711859
0.60207635
0.50695318
0.5201835
0.57125145
0.67326921
0.56815881
0.6646049
0.57558358
0.64314044
0.67447168
0.676202
0.53252655
0.68165165
0.4517386
0.48817751
0.55439556
0.67746896
""
0.53714722
""
0.34677911
0.67410457
0.57124341
""
""
0.45518932
""
""
0.72264856
0.55245233
0.40211794
0.5953663
0.75586081
0.65593547
""
0.68307227
0.31037104
0.61356717
""
0.59759682
0.49860224
0.64196545
0.45749623
0.76596159
0.62965202
0.84005976
0.62360507
0.61458308
0.67172557
0.47808197
0.48005724
0.58930469
0.37137261
0.60619748
0.61900783
0.68449312
0.52844077
0.34464979
0.52411389
0.56884408
""
0.41950554
""
0.56424761
0.60198748
0.63294566
0.74710041
0.48297489
0.40759042
0.66559553
0.61928272
0.68970329
0.43142211
0.42379954
0.58153635
0.4404805
0.68739784
0.40740877
""
0.64913839
0.60672778
0.60451156
0.60907084
0.70965981
0.429443
0.47473255
0.60250962
0.37995332
0.44658703
""
0.53471345
0.57090116
0.56918961
0.70674688
0.58905578
0.61803871
0.57751036
0.4812721
0.6235916
0.55830073
0.55793297
0.4722524
0.4684099
0.51883376
0.58792669
0.38762382
0.47041896
0.47873336
0.72512847
0.64348513
0.62941021
0.61760628
0.57411051
0.5316059
0.61359
0.55516201
0.61373997
0.62421834
0.53843963
0.51920867
0.61838609
0.58004785
0.65546393
0.52319717
0.66785163
0.73501295
0.51470828
0.56078386
0.43949798
""
""
0.44601202
0.52875966
0.56227994
0.65899581
0.61902809
0.5298928
0.64943975
0.66339046
0.74790555
0.57971793
0.65966189
0.71933544
0.78800768
0.57636648
0.66288072
0.74784237
0.57302177
0.51637959
0.65652281
0.71888322
0.61267018
0.71038449
0.61734343
0.46517175
0.66426283
0.50738662
0.66958821
0.72624201
0.64470285
0.58792722
0.65562624
0.53671825
0.61453378
0.44161475
0.62532276
0.7061159
0.36015564
0.479568
0.61343652
0.61578941
0.68283135
0.63153017
0.50613165
0.69676656
0.63442236
0.53539002
0.50252295
0.62612998
""
""
""
0.57177186
""
""
""
0.64212465
0.6036759
0.69479805
0.51219189
0.63011819
0.64867294
0.74229544
0.65426689
0.81050366
0.70905668
0.69169295
0.69243735
0.60451919
0.64611924
0.75675076
0.54584557
0.65540504
0.66674107
0.69609237
0.75272286
0.7460978
0.63099808
0.65504682
0.70617175
0.68236077
0.71153802
0.61358607
0.65841192
0.71478832
0.75909138
0.77260804
0.74977839
0.67587644
0.69429201
0.65637195
0.52997887
0.63734531
0.60895568
0.6682353
0.70846045
0.67011309
0.72909671
0.6991877
0.7117691
0.76250976
0.65421355
0.66253406
0.76441908
0.74506992
0.67212862
0.7456184
0.80143899
0.62314725
0.72413415
0.67245835
0.64549088
0.74518484
0.68262202
0.69876081
0.80168575
0.66243887
0.62830114
0.70050383
0.75456589
""
0.67540938
0.76442343
0.65995514
0.73468131
0.64191622
0.77152222
0.86500597
0.66679513
0.6912511
0.71928561
0.69750893
0.73622191
0.69239479
0.65353161
0.73731679
0.67138433
0.67554033
0.67050642
0.70561844
0.54597455
0.69044876
0.69556588
0.70766377
0.72004646
0.74066246
0.75272709
0.76895303
0.75881654
0.61022371
0.73518354
0.71312267
0.64254075
0.69521523
0.70804191
0.6715256
0.76760536
0.73376042
0.64536977
0.65713525
0.5608632
0.71676886
0.7314291
0.74067044
0.71916509
0.55900139
0.73105228
0.69498038
0.63852632
0.56162602
0.67052299
0.64252537
0.61619461
0.62270403
0.68453038
0.70840687
0.63564807
0.78140706
0.66422993
0.61484009
0.72373515
0.63671422
0.66354352
0.77594364
0.67726809
0.69292939
0.62604076
0.71169913
0.63009441
0.61604005
0.62404722
0.54908293
0.2829437
0.4380824
0.6120345
0.60589343
0.61950421
0.39011922
0.65628839
0.61288822
0.69674289
0.60511076
0.5922178
0.52122605
""
""
0.54981291
""
0.55234736
""
0.76968187
0.58517671
0.56403363
0.66375721
0.76195472
0.72508788
0.66937393
0.68361425
0.75569737
0.74832356
0.75483042
0.68874937
0.80522525
0.74778408
0.71639806
0.73278797
0.71379417
0.74012446
0.78944099
0.80230755
0.71222931
0.62185329
0.71897429
0.70746058
0.75292629
0.58495986
0.61042565
0.59075028
0.72967935
0.67151624
0.69614077
0.67360908
0.69517624
0.71308553
0.73952514
0.7115615
0.74764037
0.69057888
0.70033908
0.79091865
0.6183086
0.73009336
0.7708801
0.62375277
0.58663392
0.74221057
0.62454766
0.6805644
0.54835236
0.80765063
0.57297415
0.68109077
0.4910596
0.65578496
0.75297856
0.77104348
0.65744352
0.73605824
0.72567731
0.70183623
0.75173461
0.75127316
0.67801917
0.73450106
0.76869094
0.81860888
0.76210427
0.73801589
0.67745888
0.72330832
0.6770165
0.69142848
0.73145282
0.73018825
0.70694137
0.69863242
0.52112448
0.51858866
0.77003378
0.72557718
0.75725728
0.71155787
0.71312165
0.78985679
0.67934638
0.61592901
0.72112447
0.7465325
0.7525022
0.66843617
0.67756337
0.85943115
0.72037536
0.62605739
0.71110922
0.66268986
0.83427042
0.58806449
0.65054661
0.69586408
0.69874406
0.61229461
0.60470742
0.69114614
0.61919302
0.73508894
0.75172961
0.8060202
0.67946529
0.64501595
0.6500048
0.66913748
0.71815974
0.77696812
0.70783377
0.59847999
0.74093443
0.71377474
0.71810925
0.59067363
0.72639924
0.61589038
0.45035881
0.74749303
0.53164923
0.6693483
0.72976243
0.57100242
0.66101837
0.59426773
0.51603854
0.73836863
0.54793328
0.79677129
""
0.73530734
0.69280809
0.7390269
0.77068448
0.71954209
0.73724604
0.71861589
0.71923399
0.64922291
0.58521748
0.59238523
0.69988942
0.70319623
0.63062483
0.63195825
0.71451491
0.57197076
0.62939525
0.51884842
0.6271891
0.69459981
0.61913258
0.62424564
0.69029325
0.73987877
0.70874184
0.71737629
0.71410251
0.72120696
0.72214448
0.68627083
0.75692821
0.60410732
0.69423097
0.64863205
0.64194834
0.65007037
0.6539017
0.68994266
0.66622341
0.58348417
0.71636087
0.51711094
0.65332812
0.57126439
0.59566569
0.70135355
0.62128031
0.52105188
0.61229187
0.74226588
0.68417633
0.64128762
0.6826638
0.64729631
0.4809365
0.62678945
0.54613554
0.64966905
0.63134956
0.66126293
0.79149961
0.70715582
0.63806969
0.64728028
0.82900792
0.67318958
0.61819005
0.58260477
0.81254613
0.67337954
0.66514671
0.63551134
0.72302032
0.63443887
0.59372783
0.64233983
0.67624366
0.5977847
0.63797706
0.72761279
0.80167389
0.66489309
0.61602002
0.62263179
0.79646075
0.40067744
""
0.63951981
0.54270154
0.59621203
0.52683407
0.63601291
0.65092266
0.64351726
0.67394525
0.65108591
0.68112051
0.72269684
0.66390282
0.76575834
0.71612453
""
0.55162698
""
0.65070069
0.62802982
0.71087551
0.75858337
0.63980782
0.70755118
0.71635461
0.74948877
0.73712289
0.6809504
0.57599884
0.68477446
0.67360193
0.53734767
0.55941445
0.65721518
0.74107254
0.63658482
0.66670847
0.60281092
0.68011665
0.62770593
0.66813809
0.76508659
0.63992608
0.66444254
0.73591447
0.74161756
0.63047987
0.69847262
0.64363444
0.60216433
0.7179178
0.67914724
0.67634499
0.77042305
0.63365614
0.63662809
0.67795712
0.59043628
0.65848297
0.63148725
0.58781672
0.59168899
0.64298683
0.64195293
0.69310552
0.66641891
0.67042947
0.66958809
0.62758845
0.50744683
0.62780279
0.38177761
0.57575911
0.76673865
0.85644501
0.47276333
0.59990788
0.67550892
0.56243163
0.57395345
0.54134315
0.57313365
0.43324703
0.62728268
0.65913451
0.65395606
0.41082177
0.54061252
0.68513972
0.64275366
0.62422025
0.66728014
0.6720472
0.73655069
0.64162391
0.61202866
0.67531282
0.70411533
0.69170582
0.65572971
0.54675484
0.63200146
0.61119354
0.56674105
0.5047453
0.60763359
0.53001177
0.50012898
0.62450498
0.7074753
""
0.63108355
0.77543026
0.6399585
0.72019982
0.62854999
0.73718572
0.61725938
0.62731367
0.32603559
0.57475954
0.65084118
0.71327507
0.75806242
0.71063715
0.66587454
0.63391334
0.67561513
0.71648413
0.60455269
0.59094203
0.70501375
0.69826418
0.7414248
0.68224943
0.68143564
0.78770119
0.57031327
0.60212159
0.6003511
0.55347258
0.66371042
0.61633211
0.86492485
0.64559716
0.71067548
0.63627928
0.7890678
0.60757589
0.58052784
0.76850921
0.74173999
0.71855789
0.60492909
0.6315546
0.59436774
0.57722849
0.46660885
0.54131323
0.59569627
0.50525385
0.56496006
0.52676988
0.58062488
0.54645252
0.67050964
0.42552695
0.54874659
0.46121165
0.48805159
0.61648911
0.70031226
0.48939034
0.63665068
0.63085532
0.69743532
0.60540497
0.54475802
0.60614812
0.6692391
0.89075065
0.60535842
0.55357778
0.58426088
0.71176821
0.67463088
0.74781317
0.68476516
0.80338776
0.64807439
0.74782395
0.73506904
0.7583676
0.77932149
0.75326091
0.78104842
0.70059747
0.84034425
0.61450404
0.79268855
0.66267794
0.66348106
0.64444542
0.68261456
0.41075742
0.60115546
0.43490344
0.61381513
0.65761292
0.56988513
""
0.81640744
0.60237879
0.55734491
0.63597512
0.62282097
0.62950379
0.60265177
0.68467885
0.63873523
0.53782803
0.47036102
0.5120362
0.68921506
0.6218918
0.67127192
0.68500942
0.59669244
0.64412105
0.58916986
0.62142104
0.46348667
0.80085009
0.61779684
0.60956931
0.66674691
0.66263723
0.59178543
0.61152714
0.68694872
0.70042163
0.65747052
0.67900068
0.59687352
0.58504629
0.61549485
0.65210968
0.54044831
0.6783362
0.68008828
0.64767057
0.68495309
""
0.75051785
0.72562635
0.67768687
0.73434275
0.67221123
0.65707266
0.64699006
0.69910061
0.69450176
0.64264667
0.75591856
0.70073271
0.63539815
0.68340153
0.62802887
0.71768051
0.68621522
0.5515734
0.54973388
0.68415159
0.54715723
0.54789019
0.61846036
0.53466415
0.6127581
0.52591121
0.506809
0.59747028
""
0.58724833
0.60969621
0.57686365
0.64862514
0.55943298
0.62625802
0.55519688
0.69490373
0.54350889
0.66972351
0.33084315
0.41021195
0.18870848
0.48458898
0.67325389
0.6950016
0.64422411
0.60281652
0.65069628
0.51261204
0.66446954
0.5193277
0.69523579
0.59808666
0.68833917
0.63466132
0.64603662
0.48559874
0.67035693
0.6606189
0.62278879
0.59431088
0.65246648
0.49278209
0.62791866
0.59860975
0.56945002
0.60454249
0.59240574
0.62475836
0.67183942
0.68073469
0.68376899
0.60912436
0.54281175
0.23133552
0.46223632
0.62693751
0.59149057
0.61429262
0.57779682
0.51574373
0.55252212
0.49659923
0.55322957
0.5762229
0.43671104
0.69485027
0.62355447
0.57007426
0.44171548
0.20743465
0.53211367
0.68528825
0.5687142
0.60007238
0.62521744
0.62497908
0.58234513
0.67045999
0.46338996
0.61532217
0.56646872
0.54838771
0.51099026
0.54674995
0.62665623
0.60713077
0.57528013
0.70116282
0.65371972
0.60361016
0.61241478
0.58324093
0.50041181
0.59256905
0.60105461
0.63751698
0.62614781
0.40010458
0.69972652
0.49697721
0.2811974
0.56755394
0.62327188
0.50820345
0.39347202
0.57470435
0.54940134
0.60107583
0.59023869
0.52738851
0.58068186
0.4503271
0.6343022
0.61770195
0.55744231
0.55373996
0.59808052
0.56546861
0.60019255
0.57203561
0.48743543
0.48101553
0.59550565
0.54493386
""
0.59247565
0.59505606
0.6367563
0.64333123
0.61302483
0.6263963
0.57060152
0.66979712
0.45984474
0.6054008
0.66256058
0.60267186
0.59957325
0.5806548
0.58929878
0.63123882
0.56246042
0.60499686
0.58125758
0.67774469
0.51422822
0.56272668
0.58976769
0.5277977
0.51486689
0.64967358
0.6894449
0.52258176
0.69079024
0.68086606
0.67471677
0.64583087
0.5784502
0.61156672
0.6878078
0.60953856
0.65064603
0.68555844
0.640827
0.66420215
0.70855504
0.59789723
0.53643984
0.60494602
0.4107666
0.61590755
0.69304478
0.59373885
0.60984576
0.61153042
0.69468021
0.68410307
0.63967973
0.64407402
0.63770455
0.63064241
0.62378329
0.67426437
0.64880055
0.67389196
0.60810626
0.64339054
0.71551198
0.74764442
0.49137735
0.52443671
0.63138723
0.42655262
""
0.63835669
0.60473949
""
0.53235978
0.71542013
0.56743687
0.68481249
0.6538853
0.61931986
0.61647475
0.58501178
0.61531788
0.65396011
0.51567382
0.61104971
0.58152652
0.64554244
0.650114
0.61303312
0.61804795
0.61482543
0.61635315
0.65605116
0.57882583
0.61339223
0.46840578
0.65734887
0.66747326
0.56784523
0.65146977
0.63566041
0.7331425
0.58539373
0.5660516
0.59943247
0.70335305
0.66086471
0.61852169
0.49505979
0.58281446
0.47972301
0.60172313
0.55115479
0.70698535
0.45861655
""
0.55263823
0.83278781
0.64635408
0.51240766
0.67195421
0.61032718
0.71326345
0.58944374
0.57920682
0.57660872
0.46088263
0.6074695
0.69780558
0.65313685
0.54234046
0.67057896
0.74114519
0.56159383
0.6164788
0.57792711
0.65354699
0.46981621
0.56704795
0.60397303
0.58713442
0.48282287
0.62005788
0.5694353
0.4531112
0.60959429
0.58880907
0.50874043
0.64908159
0.64873356
0.51481718
0.64660764
0.56836265
0.59789163
0.66238534
0.64398235
0.66658902
0.45646998
0.5036431
0.73887408
0.69496977
0.54903644
0.58063579
0.59889543
0.68883252
0.63864177
0.70780516
0.57565981
0.650576
0.62627351
0.55734295
0.60785878
0.54306966
0.5187605
0.48067135
0.61120766
0.59402734
0.60167307
0.67846668
0.62600189
0.50731289
0.55108142
0.589737
0.36785266
0.63933861
0.55668575
0.56847548
0.61070234
0.57548702
0.60802007
0.63947999
0.51890618
0.67582685
0.60967994
0.57893783
0.49769488
0.56228751
0.56884205
0.59247577
0.66511536
0.59356081
0.55722433
0.59423453
0.57973891
0.67146021
0.6112867
0.64956772
0.73481536
0.69552612
0.72458261
0.6825183
0.63354689
0.67223531
0.70138597
0.68266171
0.76808125
0.65335923
0.57658076
0.71174884
0.67969722
0.62593877
0.71071577
0.66935492
0.58884412
0.58324194
0.63843131
0.69782573
0.72164834
0.67616802
0.763695
0.71521449
0.62772191
0.74124795
0.85878527
0.7292428
0.56504583
0.70155972
0.36625567
""
""
0.60418105
0.4418737
0.49780253
0.35807914
0.64991999
0.61166573
0.82342005
0.76252979
0.63161719
0.6365391
0.72651684
0.68065709
0.73308802
0.58774132
0.55837077
0.661228
0.5434432
0.60640597
0.50339085
0.68378514
0.5974769
0.71083325
0.662682
0.48985484
0.60098994
0.55581635
0.65031886
0.58530569
0.59218067
0.71858084
0.63775706
0.802001
0.73984605
0.77142143
0.76700109
0.69748467
0.69461101
0.72439426
0.67956001
0.63002783
0.70271367
0.61622387
0.63314468
0.73026097
0.69838792
0.74022412
0.60211092
0.58369464
0.57187921
0.49156043
0.52888095
0.76964891
0.76313299
0.76715583
0.72122478
0.75113004
0.60353917
""
0.53664893
""
""
""
0.4887827
0.5403825
""
""
0.50834686
0.75348282
0.5768109
0.56065494
0.43173379
0.54078752
0.52832294
0.74263018
0.58415437
0.61698955
0.59238976
0.709768
0.75546062
0.69686025
0.82953012
0.62056035
0.61921513
0.59799844
0.75434667
0.81724751
0.48330349
0.46890798
0.57907879
0.49907809
0.56788701
0.74108785
0.57360363
0.72886646
0.72802615
0.79158872
0.52674735
0.72384757
0.45711228
""
0.80632538
""
0.76457918
0.68348205
0.64706826
0.73740226
0.6839354
0.52343065
0.74781239
0.71946406
0.72604072
0.62863219
0.73612839
0.68758512
0.63143599
0.46875414
0.60493779
0.6138584
0.58601826
0.73366851
0.59827971
0.634422
0.58547157
0.45201942
""
0.52638543
0.61591893
0.67821223
0.69160217
0.69396752
0.66935205
0.78363442
0.64592832
0.65759331
0.66133142
0.91436827
""
0.63782579
0.54852188
0.62133431
""
0.2440566
0.49739134
0.54699367
0.58155537
0.64332128
0.51271933
0.55178666
0.52758402
0.48581332
0.57350099
0.48905593
0.64377499
0.6996153
0.75905925
0.70311505
0.62323821
0.65206808
0.72111404
0.75212896
0.82929945
0.69362503
0.89989483
0.68834352
0.71034372
0.59475958
0.65355057
0.71791613
0.70736796
0.7332834
0.63832098
0.79695588
0.69629496
0.68889964
0.75444931
0.77356297
0.74318045
0.85546529
0.75116026
0.76150453
0.7737087
0.80055118
0.74507278
0.59421241
0.79012865
""
0.39651114
""
0.59947932
""
""
0.26633227
""
""
0.65969867
""
""
""
""
0.56120187
0.66246474
""
""
0.66318578
0.67255986
0.73030913
0.72614765
0.63869065
0.74427485
0.61568838
0.68936449
0.44853303
0.63793576
0.69427472
0.60813028
0.61144292
0.56492162
0.64062983
0.59743971
0.55240875
0.48610133
""
""
0.66241211
0.70426273
0.64878321
0.71169269
0.5429697
0.80064756
0.69794905
0.69489503
0.78457826
0.69125944
0.63065195
0.50847197
0.52394962
0.68214285
0.58735478
0.62824941
0.69130564
0.65946388
0.3002196
0.38120431
0.74091434
0.70868891
0.59514141
0.76450098
0.62898487
0.69759166
0.57048583
0.7721591
""
0.59986335
""
""
0.5376007
0.41092947
0.50789779
0.40847123
""
0.79056078
0.74570513
0.79327142
0.78899401
0.65374446
0.79049033
0.81462288
0.79294252
0.74083996
0.71215212
0.79665232
0.73764205
0.80093521
0.71775162
0.74065316
0.80375302
0.72687417
0.71337348
0.69743019
0.69684982
0.68528467
0.71618336
0.6769402
0.7164337
0.68110549
0.71729165
0.63620657
0.6752947
0.59538656
0.69621503
0.69469327
0.68608594
""
""
""
0.25079045
""
0.54164118
0.51366037
0.5954572
0.73309481
0.33373407
0.508735
0.47084981
0.39481133
""
0.55057293
0.51272625
0.58037043
0.46915668
0.54757535
0.59071165
0.65862703
0.69854623
0.44836545
0.56785852
0.561791
0.54790974
0.50395191
0.50075525
0.52670723
0.66706729
0.488594
0.66658843
""
""
0.7132678
0.64654511
0.61207473
0.77736658
0.58294404
0.65563846
0.73612028
0.69617808
0.70031244
0.56592894
0.66040534
0.62755394
0.63816392
0.62542629
0.62979889
0.53612912
0.4712992
0.65699744
0.5349139
0.73933423
0.5017181
0.5758146
0.65937436
0.55467165
0.65778649
""
0.54485798
0.50410277
0.53031611
0.70367008
0.74872291
0.60725576
0.65385205
0.54486662
0.64451212
0.56667674
0.56491697
0.64049143
0.63867694
0.70042515
0.57807392
0.59551853
0.68650901
0.68149287
0.60656524
0.6087119
""
0.78528821
0.74009764
0.77473837
0.703381
0.68580496
0.74096787
0.68039507
0.46794015
0.76040798
0.69750649
0.65997529
0.59314394
0.6159693
0.73529482
0.74293453
0.69971555
0.65567023
0.68143839
0.6741665
0.59805548
0.50332826
0.68999916
0.65462649
0.65635031
0.61411983
0.82705814
0.70404547
0.89666009
0.64603657
0.70976561
0.7779606
0.62009281
0.6551736
0.67972922
0.76164162
0.71427524
0.67695642
0.66123027
0.51934451
0.67889607
0.61310011
0.654199
0.68144494
0.62485331
0.71746165
0.70626718
0.65142524
0.74171501
0.57388049
0.72044194
0.7284025
0.59037989
0.79428494
0.69115627
0.6714009
0.70337427
0.74532825
0.49969652
0.50715452
0.70102394
0.70900339
0.70390385
0.69602311
0.68351454
0.66267353
0.65424651
0.66916072
""
0.6983369
0.7278915
0.67913705
0.76287901
0.66266835
0.64279991
0.68597901
0.81995028
0.62631917
0.6608367
0.62754953
0.71090996
0.78502357
0.70782483
0.86451524
0.73199999
0.70912284
0.62077934
0.76094449
0.79466599
0.66162926
0.68955559
0.58474386
""
0.67462206
0.72566545
0.64861089
0.57871479
0.66371572
0.62205207
0.62337959
0.55940473
0.40841216
0.52109247
0.48585653
0.39300084
0.70538312
0.71059865
0.61797488
0.74142826
0.64756024
0.70101106
0.64504588
0.76227009
0.75067294
0.71844423
0.76468396
0.74115592
0.60731393
0.79207534
0.68787223
0.70045441
0.70786095
0.68606365
0.73333746
0.63784033
0.77141505
0.73276788
0.6722936
0.62897867
0.65459126
0.68767577
0.51116526
0.67173368
0.77671218
0.541942
0.79311174
0.69553703
0.58589399
0.63388526
0.63270754
0.61122686
0.6880067
0.67639136
0.58150393
0.4086124
0.54870462
0.64769232
0.64250994
0.6899175
0.62461525
0.6688664
0.64438391
0.57949424
0.68699658
0.64274192
0.62126404
0.70633793
0.75587916
0.7276054
0.66436523
0.68110955
0.75160104
0.66973335
0.73300892
0.69210613
0.76208031
0.80963254
0.67265517
0.65912992
0.67513496
0.57400495
0.68704367
0.49431983
0.60308564
0.65495014
0.53848392
0.57471055
0.53624517
0.63793439
0.53982669
0.57057071
0.67235684
0.60006839
0.66119206
0.61942178
0.74368417
0.75231344
0.68928921
0.73009539
0.64058042
0.60855383
0.56956536
0.63971698
0.63415986
0.56212252
0.69903278
0.77338076
0.68146569
0.71547055
0.58346802
0.64826083
0.67094392
0.68159389
0.54687709
0.6827842
0.59904063
0.66935474
0.5572986
0.49640623
0.7200914
0.32618642
0.38313916
0.5376879
""
""
""
""
""
""
0.52440697
0.62312061
0.4739567
0.5674715
0.66504246
0.75100189
0.66704482
0.60149378
0.61737043
0.67096817
0.71476674
0.47543377
0.74255931
0.58420128
0.62957007
0.60737407
0.75194943
0.6475482
0.70673716
0.79074228
0.66715735
0.6909619
""
0.87857437
0.81445163
0.57454616
""
""
0.5800612
""
0.55274028
0.33354029
0.45015326
0.40969622
0.66212863
0.65502334
0.72580612
0.72442877
0.50198668
0.6585772
0.58142281
0.67738765
0.60859907
0.63261127
0.68280131
0.66482019
0.57463837
0.58380771
""
0.56337905
0.69730717
0.69053286
0.68844974
0.78225499
0.62769061
0.77902055
0.6441673
0.59339702
0.66567463
0.52132446
0.64911658
0.77949166
0.74172169
0.62237066
0.75145876
0.51723546
0.77134919
0.6508956
0.45400017
0.57524842
0.46997985
0.51565057
0.5398246
0.63262081
0.73511881
0.72708702
0.55062157
0.69939655
0.88644904
""
0.67630869
0.72434169
0.50849187
""
""
0.6796518
0.82583416
""
0.72575885
0.62930346
0.49564636
0.72787833
0.71382087
0.71717471
0.73164576
""
""
0.64201039
0.72304934
0.60064107
""
0.56308413
0.70246369
0.68678254
0.53802544
0.62945753
0.71109521
""
""
""
""
0.6396867
0.68177032
0.73882473
""
""
""
""
""
""
""
""
0.29306796
""
""
""
0.78134584
0.58937639
""
""
""
""
""
0.71289909
""
0.61673874
0.6646443
0.67968369
0.65255672
0.72058779
0.89635372
0.32268772
""
0.55532038
0.59581482
""
0.54371154
0.49534568
0.37870082
0.57643825
0.48764434
0.72099841
0.56884313
0.52817404
0.46347684
""
""
0.30826572
0.54866898
0.50310469
0.65575081
0.53038085
""
0.49415857
0.67105961
0.74302018
0.5245049
0.6106804
0.78258657
""
0.71298206
0.59151524
0.64208525
0.72199076
0.66069055
0.66580766
0.66971475
0.60823113
0.61346197
0.60376245
0.69989973
0.70626903
0.62191224
0.68229818
0.62857717
0.58631164
0.66687673
0.61462384
0.65953141
0.58680624
0.66813844
0.27539584
0.38175577
0.70904112
0.37669796
0.51396954
0.86735374
0.74840862
0.7289539
0.66989243
0.75272065
0.60428035
0.64412975
0.77584434
0.73059398
0.63515913
0.7151984
0.7326628
0.7119087
0.76154536
0.59715199
0.50853652
0.68440288
0.65776229
0.49024609
0.62678164
0.57393909
0.75600165
0.57119787
0.72873342
0.49992636
0.60348588
0.63130444
0.65138179
0.70456892
0.68517375
0.62614787
0.5546084
0.55258501
0.49343026
0.3935996
0.57603317
0.49614561
0.55029398
0.4143106
0.5618602
0.49794906
0.53008729
0.49318895
0.47111401
0.52264267
0.57062936
0.5084306
0.57604676
0.45574552
0.53042024
0.49747187
0.72233254
0.74678916
0.69874698
0.7620222
0.63604861
0.77499408
0.78060257
0.85959429
0.60224622
0.61690521
0.59651548
0.67739969
0.76176381
0.73541248
0.73902094
0.78360063
0.73533434
0.73143864
0.76534563
0.61006695
0.66159278
0.74171507
0.67356712
0.51963836
0.74972582
0.61929184
0.59461606
0.7060194
0.74910963
0.69628334
0.65079111
0.78005451
0.71520305
0.82742053
0.69628543
0.75965518
0.7042225
0.77896804
0.84060764
0.7892347
0.72367615
0.6896674
0.58828562
0.7819739
0.59479713
0.60543048
0.69049495
0.58901364
0.59327567
0.71469706
0.75995094
0.70354956
0.72833914
0.71526921
0.55834872
0.70682436
0.81770211
0.75184226
0.6051107
0.76929748
0.49501288
0.56504613
0.73245049
0.70359701
0.7079882
0.60701972
0.6746484
0.70441198
0.47531986
0.57786423
0.54800057
0.49304891
0.58993286
0.45711684
""
""
""
""
0.30193156
0.4691312
""
0.54115599
""
0.47662184
""
""
""
0.7370007
""
""
""
""
""
""
""
0.84226984
""
""
""
""
""
""
""
""
""
""
""
""
""
""
0.28553191
0.5576005
0.77411371
""
""
""
""
""
""
""
""
""
""
""
""
""
""
""
0.54788488
0.63039297
""
""
""
""
""
""
""
0.60634375
""
""
""
""
""
""
""
""
""
""
""
""
""
""
""
""
""
""
""
""
""
""
""
0.52488935
0.6854614
""
0.6558128
0.2694568
0.66978174
0.55483699
0.7964232
0.60482657
""
""
0.51527756
0.49624902
0.27906212
0.76545727
0.60933489
0.60335171
0.55277449
0.53441828
0.36864644
0.55825961
0.59523183
0.4218275
0.68483669
0.60958016
0.63273972
0.54255342
0.68437892
0.61866462
0.51493919
0.57975626
0.60539067
0.63819182
0.56871086
0.52407086
0.64441741
0.57712442
0.47123256
0.5250926
0.70405012
0.72710717
0.69313622
0.62809294
0.60673845
0.6652109
0.49631438
""
0.48137626
0.58522487
0.75106341
""
0.66194916
0.66306424
0.72491103
0.61447281
0.51592642
0.39774337
""
0.61715579
""
""
0.68461961
0.9691475
0.71201712
0.6104086
0.58487266
0.52396965
0.61642569
""
""
0.67566192
0.46828175
0.66036695
0.67960739
0.62329644
0.73753816
0.61042851
0.7253148
0.62378454
0.63162988
0.64472848
0.62348324
0.75826383
0.58608538
0.6036309
0.68505514
0.70985985
0.68345296
0.6590029
0.66624832
0.57561189
0.62483424
0.7632373
0.54983205
0.59208113
0.65315109
0.60377586
0.63852113
0.56698382
0.66737372
0.56792188
0.56801826
0.69266075
0.6174655
0.61877501
0.75430274
0.54184347
0.59512067
""
""
""
0.69834918
0.63499725
0.63824636
0.60962564
0.60161048
0.67685509
0.76968372
0.31950846
0.46063489
0.42805076
0.35436031
0.61541212
0.62448615
0.59897423
0.63157421
0.63879687
0.53428423
0.67539966
0.66706502
0.66064787
0.60798603
0.6156683
0.73098028
0.78506804
0.76898664
0.74759364
0.73359191
0.74972844
0.74761736
0.74696785
0.75523925
0.61862171
0.52710873
0.53024423
0.56565088
0.56415164
0.53461933
0.46300602
0.62007338
0.29139307
0.54043555
0.60988897
""
0.70325327
0.58592445
0.61605638
0.55006319
0.5181495
0.60931641
0.54399472
0.67651087
0.66823959
0.5655663
0.46728188
0.60739899
0.63851446
0.5269385
0.62467533
0.7780537
0.63107246
0.67964649
0.63546002
0.50036049
0.57965308
0.59246701
0.58700681
0.41329759
0.66791165
0.68408906
0.63581318
0.71459395
0.6242153
0.62841266
0.60070097
0.57704532
0.59651655
0.68069506
0.48724419
0.632954
0.65301621
0.53801459
0.64796072
0.61838263
0.63661313
0.68725401
0.6532774
0.68011051
0.67882371
0.73078042
0.63906318
0.668455
0.62861407
0.58899182
0.65658402
0.63212413
0.67186326
0.61996162
0.74746662
0.65749532
0.73592436
0.59767717
0.49003592
0.74431705
0.74465603
0.6056084
0.58957094
0.79183698
0.59924787
0.52184671
0.66287804
0.53904676
0.56381226
0.64510733
0.62595671
0.64937586
0.68014514
0.6571157
0.61183602
0.59237462
0.82436234
0.65873033
0.6962142
0.66457915
0.61305505
0.6325447
0.6748603
0.62635422
0.62510115
0.71054298
0.5525319
0.52687573
0.52930748
0.59143513
0.53007174
0.53752822
0.58598292
0.52800024
0.55653512
0.67065531
0.62413961
0.60724753
0.68196303
0.67555642
0.65171552
0.63301486
0.63666964
0.64531702
0.61891264
0.68113178
0.64715266
0.66049618
0.53369528
0.61701274
0.60896635
0.75510401
0.72399563
0.63665885
0.585724
0.78311336
0.67938638
0.72746056
0.67612737
0.70782757
0.80550081
0.80842006
0.77073461
0.7618981
0.77921867
0.76462889
0.65268081
0.68959302
0.66459531
0.67407018
0.61331719
0.63593554
0.55941921
0.73182636
0.75934958
0.6998744
0.5997315
0.58890569
0.63408935
0.76648664
0.72351062
0.62911826
0.59824538
0.76064169
0.73094088
0.74773014
0.70223594
0.61271173
0.7282818
0.69284403
0.57214063
0.4720141
0.64666998
0.61129904
0.59519774
0.60345346
0.60659546
0.4196437
0.53531343
0.4918451
0.68990481
0.74855781
0.68943995
0.68443567
0.72554994
0.58975476
0.60536516
0.69821966
0.66616273
0.72083205
0.66811359
0.652174
0.70693266
0.73525405
0.63079178
0.81220597
0.74626213
0.7249372
0.61539721
0.69519246
0.68730307
0.6797238
0.67462116
0.5464831
0.72299325
0.62639171
0.62769186
0.61159194
0.68588328
0.69740164
0.68387777
0.63924718
0.66907209
0.62774074
0.77207816
0.60473782
0.59671378
0.59479088
0.68644971
0.55407631
0.56655043
0.58438706
0.63761526
0.59709561
0.56522024
0.64977121
0.65787643
0.64142066
0.71615118
0.73807508
0.49758041
0.67761612
0.55115992
0.63628799
0.57740343
0.62209517
0.60521305
0.55717832
0.63620806
0.5805074
0.53368932
0.66139406
0.60105509
0.6968354
0.64263105
0.6713804
0.63379228
0.6166153
0.73363149
0.61012673
0.73288709
0.73482299
0.6707226
0.64801234
0.62968409
0.63439035
0.60575938
0.60191262
0.52792478
0.76260293
0.71041703
0.72080314
0.69167608
0.70897931
0.51966429
0.74347794
0.87450069
0.66988748
0.68597633
0.69570959
0.74084002
0.60216701
0.67386734
0.82862991
0.58251899
0.81561953
0.78054708
0.79419649
0.67844039
0.74682599
0.69398767
0.64198369
0.70253128
0.86375159
0.75381625
0.73458689
0.61073989
0.60291874
0.57789636
0.42824969
0.58650666
0.51946855
0.69528711
0.61107308
""
0.73362154
0.7522589
0.83591789
0.61052084
0.38158324
0.6015628
0.55286753
0.48843572
0.4301388
0.54635966
0.23010474
0.49094066
0.49884921
0.39365977
0.57353091
0.3096627
0.52196693
0.44785637
0.44475174
0.50576752
0.63551253
""
0.46686089
0.43366691
0.59740227
0.74382025
0.54207844
0.55798388
0.5179376
0.61516762
0.59668899
0.46135366
0.50519496
0.54830629
0.53167373
0.5580613
0.47662953
0.64521962
0.78152341
0.69242823
0.6570673
0.56546205
0.55587459
0.4240272
0.47653624
0.51334733
0.69338095
0.72219467
0.70636815
0.63990271
0.60152674
0.66864967
0.70663005
0.71032685
0.69838542
0.7541424
0.6216194
0.53177083
0.69210899
0.73006433
0.56161773
0.72841913
0.60942107
""
0.50347632
0.4194741
0.54176581
0.56443346
0.70922083
0.67086071
0.71678168
0.73825258
0.56328243
0.51377761
0.63751113
0.54974467
0.56330884
0.51940686
0.56355965
0.62139177
0.60520494
0.72476304
0.63832265
0.55461371
""
0.59217787
0.57467508
""
0.63029617
0.59742153
0.67673022
0.57495731
0.62644953
0.75036079
0.53883809
0.75515121
0.66544855
0.82100159
0.70716655
0.73194438
0.75360388
0.85119385
0.76805234
0.73434466
0.83760858
0.72485864
0.8166616
0.76784354
0.80629647
0.59323084
0.81043607
0.52740389
0.70276195
0.58874667
0.6150223
0.56180942
0.51097739
0.93745977
0.84654289
0.76625341
""
0.67113215
""
0.58481377
""
""
""
""
0.62700313
0.71853316
""
""
0.46224427
0.60222453
0.80270427
0.59597862
0.63811743
0.54218376
0.61029977
0.58550936
0.60610139
0.62615347
0.62482047
0.57346809
0.65771896
0.63450825
0.66574603
0.5676114
0.67005259
""
""
0.62185305
0.54253161
0.75581294
0.56522995
0.54011321
0.56093419
0.57007229
0.65643793
0.52928638
0.81449819
0.56520009
0.74956864
0.82029825
0.72178584
0.6987111
0.66742778
0.76086676
0.76198119
0.74668407
0.89794099
0.75618446
0.74247968
0.74431878
0.74700123
0.57238728
0.47337052
0.53331244
0.5430432
0.65055007
0.5301097
0.55622566
0.67221367
0.70220381
0.76806945
0.65463215
0.74390954
0.60033399
0.72139353
0.80208606
0.72536808
0.67264217
0.6988824
0.79172873
0.77011532
0.71977937
0.81765121
0.74176973
0.84835529
0.7506153
0.70238304
0.65661949
0.72486567
0.68786049
0.5900979
0.69383019
0.63058197
0.67982745
0.66403764
0.6602658
0.69348985
0.77440274
0.74743342
0.80506009
0.7841692
0.76542842
0.7323451
0.7924071
0.71528304
0.70060343
0.7163614
0.64020985
0.6314382
0.77105981
0.7140165
0.75153816
0.68800908
0.74477464
0.73438466
0.69465882
0.74791998
0.46868393
0.63385779
0.79308832
0.67931283
0.54327053
0.64551628
0.58015692
0.69028157
0.55773795
0.58678001
0.54679525
0.59728408
0.54721332
0.7567544
""
0.4175368
0.61933744
0.70518494
0.89664596
0.58451802
""
""
0.652659
0.57640851
0.54108995
0.41983339
""
""
0.61324185
0.55308753
0.68996018
0.56773543
0.67822117
0.61214119
0.62352324
0.53510249
0.64461654
0.7349239
0.76000124
0.87349737
0.63134259
0.69370967
0.70436525
0.74781221
0.73705888
0.81024587
0.77949411
0.669478
0.60524315
0.68214345
0.71897042
0.80728102
0.74019545
0.54396069
0.6909014
0.76982725
0.60010779
0.4557412
0.73151135
0.80522251
0.77703089
0.74274063
0.77411491
0.83721244
0.76124984
0.75442058
0.67872608
0.77970046
0.71825588
0.76641047
0.66056418
0.80998403
0.7684685
0.78697634
0.68006247
0.69214165
0.71939474
0.69795561
0.64808875
0.54387546
0.73061329
0.60237896
0.70765054
0.6174342
0.75935692
0.76041812
0.48348093
0.73121166
0.64080274
0.61368507
0.80935985
0.69561052
0.53910196
0.72954553
0.7068876
0.66609091
0.72914141
0.65056944
0.5000205
0.49699053
0.50330728
0.57671499
0.62918973
0.68829644
0.68205875
0.56251431
0.54278392
0.63055938
0.48738298
0.533135
0.61223501
0.46643057
0.35829988
0.54128116
0.52692282
0.66209435
0.57818455
0.59837073
0.75649583
0.62000418
0.6591273
0.6281026
0.71256155
0.6317153
0.55713838
0.80773854
0.66240382
0.62393206
0.96872777
0.66891259
0.5717628
0.61133677
0.78553808
0.60521865
0.65506613
0.72017229
0.6334244
0.65030444
0.62357062
0.45877722
0.62295514
0.68729615
0.58998555
0.5400933
0.57848918
0.60849941
0.59794229
0.54930484
0.52734238
0.62877083
0.73715842
0.64673144
0.68581963
0.64748913
0.66897815
0.6434294
0.61701888
0.57559723
0.55431253
0.76526588
0.61864024
0.62398428
0.5727396
0.79690671
0.60989994
0.73953795
0.70939428
0.70689112
0.5982042
0.58555579
0.66360086
0.64037204
0.67093146
0.7185986
0.66123676
0.69241112
0.63656443
0.64964968
0.69688708
0.56644428
0.58425051
0.70863563
0.60109025
0.50807834
0.62997675
0.55676323
0.42474103
0.67408562
0.72593647
0.68721944
0.64066863
0.73753184
0.68359315
0.47969627
0.66100407
0.68156153
0.81629789
0.7367543
0.78320718
0.77085972
0.72117978
0.76198238
0.82583529
0.74708986
0.8240931
0.76182002
0.76798999
0.75084424
0.6271565
0.69538474
0.71498722
0.68078053
0.64296579
0.74905133
0.62805527
0.73751599
0.74017882
0.64972532
0.75755256
0.65027142
0.73128819
0.75236994
0.73468423
0.72633839
0.76826912
0.67169493
0.62837481
1.0651262
0.58561862
0.51773751
0.39612204
0.75083655
0.73504269
0.50910318
0.7934255
0.49056143
0.59317863
0.61826754
0.63795072
0.71059668
0.77028513
0.67969728
0.68210709
0.64405739
0.61448795
0.74258929
0.63388389
0.73894686
0.75078309
0.59413368
0.5239253
0.72635561
0.7013548
0.6730718
0.78859556
0.73171693
0.65615129
0.77276367
0.6522519
0.60915595
0.77163297
0.60577035
0.64917731
0.60962397
0.71735996
0.65090936
0.4787448
0.71354342
0.72839427
0.76792645
0.80834454
0.54662883
0.74211472
0.5038054
0.66025728
0.65920806
0.61382788
0.51365793
0.5540418
0.51294816
0.53589803
0.53594315
0.62146866
0.63919359
0.51051503
0.60363519
0.65292114
0.55962241
0.61765176
""
0.44365731
0.39957783
0.39785054
0.31530482
0.42308426
0.47186252
0.46676958
0.65896267
0.50777656
0.52007782
0.6797446
0.40640056
""
""
""
0.33915493
0.57051831
""
0.38687381
""
0.55702329
0.3141447
0.53742331
0.59328043
0.42464143
0.42290655
0.43631488
0.29616266
0.26658419
""
""
""
0.442469
0.40967852
0.59969789
0.47600687
0.61049795
0.49336043
0.53450149
0.45876023
0.616804
0.51914912
0.13191411
0.42242587
0.62678611
""
""
""
0.53581494
0.43848312
""
0.46471921
""
""
""
""
""
""
""
0.54846483
""
0.56999314
0.65724444
""
0.38229543
0.30482271
0.41207299
""
0.6095928
0.70237601
""
0.68213177
0.37275618
0.54701138
""
""
""
0.82052475
""
0.37448651
0.61672795
0.63864958
0.45457506
0.8505829
""
""
""
0.35630658
0.23889297
0.3117519
0.40946114
""
""
""
""
""
""
0.20996864
0.55735576
""
0.74826652
0.45822403
""
0.51767468
""
0.74084127
""
""
""
""
""
""
""
""
""
""
""
""
""
""
""
""
""
""
""
""
""
""
""
0.45307484
0.46783653
0.51770616
0.68836391
0.4566136
0.65460467
""
0.57625431
0.44920924
0.47535512
0.48824215
0.52679324
0.43823278
0.23158818
0.32824022
0.55858243
0.25189319
""
0.35250929
0.42373672
0.62319195
0.34793836
""
0.59774828
0.34861171
""
""
0.47335857
0.55848521
""
""
0.59049487
0.50057751
""
""
0.44551268
0.37560606
0.46806958
""
""
0.38323829
""
""
""
0.55430079
0.36772132
0.36403307
0.30482927
""
""
0.4999277
0.28099558
0.61426109
0.41408056
0.48335657
""
""
0.63576341
""
0.64219296
0.67666978
0.43558386
0.42209125
""
""
""
0.36685303
0.49558878
0.42017114
0.57181561
""
0.29865059
0.406212
0.69928342
0.41275185
""
""
""
0.34971488
""
""
0.36411774
0.59017146
0.50889587
0.7642166
0.51010615
0.44880551
0.47161296
""
0.32833689
0.52790958
0.72704393
0.41716024
0.77981603
""
""
0.45669645
0.63014048
0.42565632
0.51334232
0.49705413
0.46646494
0.63351381
0.24840878
0.46363458
0.45652604
0.51852423
""
""
0.7005192
0.33422592
0.47120315
0.60792363
""
0.2391348
0.49584934
0.34219015
0.29987994
0.40882325
0.57401115
0.75472713
0.61838233
0.30810675
0.54892015
0.54182798
0.5381934
0.39694637
0.53284055
0.55992734
0.64536995
0.45586485
0.49091035
""
""
0.44003063
""
""
""
""
""
""
0.32728094
""
0.51145732
0.5426541
0.45930755
0.52664614
0.74757695
0.47709027
0.59777582
0.63092548
""
""
""
""
0.54546863
0.56208318
0.58239913
0.5951041
0.54384959
0.59704918
0.45690051
0.66965193
0.59068906
0.5539341
0.4749034
0.66274047
0.60422671
0.4211514
0.37873194
0.38377964
0.38522008
0.84035903
0.49533948
0.73615754
""
""
0.56280261
0.37940243
""
0.38502988
0.60715616
0.54797626
""
""
""
0.70067531
""
0.59492993
0.60666656
0.72432941
0.76832461
0.7049666
0.71316719
0.69592881
0.69499439
0.65495425
0.57702142
0.6354447
0.66531944
0.71073663
0.61406219
0.64637619
0.64586961
0.7272836
0.70944297
0.7444315
0.82284737
0.73347914
0.69143343
0.66017121
0.76262403
0.65804231
0.63845974
0.75486213
0.6253401
0.75624031
0.58931893
0.63878477
0.72035402
0.71134365
0.71440578
0.73172456
0.78226191
0.6872443
0.67662871
0.68374801
0.64007574
0.62835664
0.74392647
0.73413038
0.66314423
0.69981241
0.67190498
0.69371444
0.73295867
0.7587108
0.68893784
0.7723577
0.66910344
0.68248928
0.7138893
0.70709997
0.71221465
0.67601037
0.74735183
0.6975081
0.38013601
0.43462694
0.6093055
0.65386677
0.6081866
0.60411429
0.69541597
0.52069998
0.56850201
0.56443393
0.59046185
0.54301584
0.54971534
0.59413821
0.73355788
0.62330151
0.68277264
0.50087446
0.61427212
0.55799228
0.5104422
0.66265512
0.48249823
0.61342341
0.35141665
0.3778207
0.61623329
0.67928195
0.63615626
0.61758679
0.58470458
0.55326563
0.60436046
0.64793503
0.6700778
0.58143711
0.40675801
0.41039309
""
""
0.64647168
0.57810467
0.57084966
0.61846626
0.64554375
0.67533064
0.69886088
0.65841573
0.64704007
0.63408512
0.46294266
0.60873061
0.63891459
0.72407633
0.65927756
0.61258626
0.59082437
0.53521341
0.52813584
0.57377225
0.43719018
0.58888036
0.57748204
0.56407607
0.57263106
0.56125289
0.6337015
0.46359718
0.55904418
0.53662699
0.48451498
0.38411635
0.42850217
0.46225554
0.43960333
0.78521919
0.72186756
0.63005632
0.6841225
0.71481735
0.71936786
0.58570105
0.69326204
0.63372433
0.71410954
0.67445403
0.65871561
0.63898456
0.73582786
0.73243761
0.6821301
0.72883379
0.75564712
0.66849405
0.68651772
0.72644877
0.67006242
0.77129227
0.72357059
0.73271132
0.59665143
0.65701628
0.68382454
0.73045111
0.32428092
0.408647
0.40355954
0.35360101
0.39111251
0.35659742
0.34708861
0.3991937
0.48956355
0.47297448
0.56188571
0.34484661
0.63017821
0.58860785
0.70724875
0.54252017
0.49921289
0.4913691
0.59093279
0.53045326
0.44196701
0.61648858
0.65486121
0.71121794
0.71429485
0.5318709
0.55402291
0.6037547
0.50360662
0.5306533
0.68510157
""
0.52680165
0.63869977
0.55113256
0.62277609
0.45470542
0.53958225
0.58159119
0.55244207
0.60192096
0.73408121
0.63741022
0.68886828
0.7054171
0.64971513
0.67773682
0.67468393
0.58656478
0.64907676
0.61900413
0.66902447
0.69508219
0.65632248
0.65775299
0.56355155
0.61214393
0.70649898
0.65431112
0.54497594
0.64676875
0.63492638
0.59053367
0.53128242
0.67421657
0.6028918
0.4400284
0.39946717
0.49395648
0.38135096
0.49725997
0.5208326
0.51863647
0.47602588
0.39305204
0.39985526
0.48352286
0.54103708
""
0.44907326
0.49950382
0.44496939
0.54138505
0.40508488
0.50823855
0.57746911
0.4343361
0.42813
0.44734234
0.40920445
0.44565943
0.63094741
0.57811373
0.54588014
0.62742174
0.57373822
0.63785046
0.63362485
0.56407744
0.56594491
0.63744569
0.46859741
0.71949881
0.75108981
0.68651414
0.45841444
0.50562179
0.40478486
0.4936893
0.61694515
0.57731032
0.69388258
0.68750072
0.6509136
0.28398305
0.47277129
0.59238642
0.60081142
0.58682406
0.52719796
0.56181449
0.50130093
0.38709778
0.53416556
0.48131916
0.59624183
0.51917303
0.50600934
0.53862911
0.32336903
0.31180638
0.3482419
0.34890312
0.40687284
0.44153264
0.67106998
0.67412961
0.7246958
0.64191759
0.79070717
0.59841681
0.66794848
0.7570588
0.67015064
0.63509387
0.64647055
0.52463168
0.77456379
0.64217681
0.76558971
0.73848546
0.72753531
0.64382833
0.44960022
0.50457954
0.49499756
0.24143292
0.6032244
0.61219686
0.70960027
0.68307382
0.647475
0.65647233
0.68260646
0.70132589
0.61119026
0.66102648
0.63122207
0.55173469
0.50333124
0.70739126
0.5608077
0.68359214
0.66006857
0.7082184
0.63856381
0.57942873
0.49661118
0.70536786
0.59650266
0.57852608
0.74325061
0.5083338
0.59727979
0.4873991
0.67777824
0.64848429
0.78606397
0.4450779
0.5316025
0.61202651
0.58700097
0.54659522
""
""
""
""
""
0.55872494
0.77983379
0.823636
0.7080031
0.57680744
0.62819093
0.55847234
0.62306297
0.46937174
0.3845261
0.55313241
0.43470183
0.5047875
0.41986713
0.55496067
0.54556346
0.6520859
0.70671731
0.56334424
0.54588813
0.52305192
0.57836592
0.39471117
""
""
0.6314187
0.61546999
0.64090222
0.69945347
0.70228416
0.52053529
0.55670398
0.57159328
0.64673144
0.6481204
0.67326277
0.61968708
0.60801995
0.74345058
0.66168487
0.62305528
0.68219382
0.65638542
0.55681235
0.5965727
0.57449913
0.57587832
0.57387263
0.65652895
0.6626792
0.58586228
0.53348905
0.75009036
0.70270282
0.58633536
0.64023393
0.58177847
0.64166731
0.66380513
0.65079212
0.66621017
0.61897117
0.72450995
0.55951184
0.62620491
0.57065529
0.62910527
0.61948216
0.63276041
0.62119269
0.51178503
0.44956243
0.52923948
0.57636547
0.65972656
0.61578697
0.4418622
0.656111
""
0.69943708
0.66982847
0.71346354
0.61568576
0.62788546
0.73152214
0.83452755
0.65689528
0.81955194
0.70766646
0.63008451
0.79340976
0.76458853
0.77229017
0.67599499
0.86151254
0.90646428
0.66912478
0.84415543
0.88337922
0.81637752
0.84900743
0.78468663
0.8675437
""
""
0.84349519
0.83089352
0.79979545
0.72052288
0.86351061
0.83989024
0.77974421
0.74995846
""
0.5171786
0.77994651
0.78824693
0.7854932
0.8676762
0.70659018
0.60200363
0.85228473
0.76384664
0.71806645
""
0.51149511
0.76389331
0.75090563
0.72317773
0.83120835
0.78628069
0.82379597
0.75840777
0.8801586
0.71591026
0.77329677
0.76065391
0.71443522
0.91674381
0.49805617
0.71441293
0.79354775
0.81550181
0.70873946
0.54691422
0.76543301
""
""
""
""
0.78652805
0.67625618
0.48627943
0.58682716
0.57129419
0.81400621
""
0.58619684
0.75224102
""
""
""
0.52833045
0.52595633
0.60669017
0.81596071
""
0.75546217
""
""
""
""
""
0.74325252
1.0223267
0.52532858
0.48905689
0.98465115
0.48615041
0.83473152
0.64368677
""
""
0.43049797
""
0.4241347
0.6288991
0.74686044
0.77157849
0.85918665
0.81327254
0.66150331
0.72042459
0.8370685
0.82532585
0.51263189
0.5019291
0.87521118
0.69294477
0.91573143
0.70506501
0.6282708
0.57998222
0.74740571
0.83714825
0.90608591
0.51616359
0.96257436
0.84771317
0.28797644
0.47449285
0.47088453
0.63446605
0.53426248
0.43212157
0.51007104
0.48496526
0.34377766
""
0.93939376
0.90820062
0.84818256
0.89109325
0.82803977
0.86062664
0.90260404
0.87364215
0.86574537
0.89362186
0.80912334
0.75732738
0.83272547
0.84992629
0.82168829
0.7502327
0.83001924
0.90707171
0.81929731
0.81350863
0.64198387
0.859029
0.64094222
0.82478732
0.8734085
0.75903249
0.86460084
0.80555087
0.74665225
0.72986448
0.86791325
0.93639135
0.84774774
0.79971164
0.895199
0.86378562
0.89664942
0.81005132
0.93478382
0.79996061
0.87044036
0.81604999
0.81024259
0.85868669
0.87457591
0.93445879
0.89737558
0.82522023
0.82423854
0.7049889
0.76137668
0.7231043
0.7215749
0.74993682
0.75972366
0.8323158
0.80112278
0.73760766
0.80820209
0.84952199
0.81379002
0.80808866
0.95447803
0.87865615
0.87922704
0.8567875
0.94562441
0.89889866
0.92409891
0.9044888
0.87246203
0.84855223
0.8722651
0.86173397
0.90476751
0.86769384
0.8870666
0.91825688
0.88326019
0.85563922
0.81914568
0.79165763
0.93532223
0.76728815
0.8731814
0.49339324
0.75887197
0.77381724
0.73712742
0.87307721
0.82661176
0.86962408
0.71015042
0.78999418
0.7248686
0.86822534
0.82736182
0.94534808
0.95276254
0.95609283
0.95306307
0.88321733
""
0.82361162
0.81476271
0.82152116
0.83104634
""
0.77928478
0.92369264
0.70790279
""
0.74722821
""
0.71764749
""
0.72079575
""
""
0.85011834
""
""
""
""
""
""
""
""
""
""
""
0.42734095
0.67558259
""
""
""
""
""
""
""
""
""
""
""
""
""
""
""
""
0.85346282
""
0.78929877
""
0.80506289
0.81853122
0.90504235
0.90797311
0.87879443
0.75371319
""
0.81704575
0.82264417
0.87179238
0.81579441
""
""
""
""
""
""
0.81084907
0.8956117
""
""
""
""
""
""
""
""
""
""
""
""
""
""
""
""
""
""
""
""
""
""
""
""
""
""
""
""
""
""
""
""
""
""
0.6312905
""
""
""
0.68747002
""
""
""
""
""
""
""
""
""
""
""
""
""
""
""
""
""
""
""
""
""
""
""
""
""
""
""
""
""
""
""
0.93229419
0.77139235
0.68445826
0.47931352
0.53433311
0.56522977
""
""
0.90875667
""
""
""
""
""
""
""
""
""
""
""
""
""
""
""
""
""
""
""
""
""
""
""
0.55461293
0.62151337
""
""
""
""
""
""
""
0.36083922
0.8558386
0.70438904
0.44614679
0.63548005
0.60281616
0.73716968
""
""
""
""
""
""
""
""
""
""
""
""
""
""
""
""
""
""
""
""
""
""
""
""
""
""
""
""
""
""
""
""
""
""
""
""
""
""
""
""
""
""
""
""
""
""
""
""
""
""
""
""
""
""
""
""
""
""
""
""
""
""
""
""
0.43141344
0.73700589
""
""
""
0.73737067
0.39837337
0.54886246
0.56304556
""
""
""
""
""
""
""
""
""
""
0.58978605
0.54463798
0.92781162
""
0.8105908
0.9293071
0.92580819
0.84798086
0.89336383
0.92695403
0.929371
0.86746442
0.83720011
0.90193164
0.8670789
0.86626691
0.90673041
0.89514089
""
0.7984907
0.85792965
0.88226998
0.7584902
0.72414351
0.9425236
0.78325772
0.78854018
0.77527952
0.85542983
0.73513007
0.9268502
0.79125404
0.90585446
""
0.85011071
""
""
""
""
0.3947719
0.70018935
""
""
""
""
""
""
0.73823225
0.90657353
0.90192503
0.91372889
""
0.90595198
0.8157196
0.85027015
0.74262458
0.86760503
0.86777455
0.89934283
0.86235994
0.82575011
0.8712613
0.92393661
0.8702082
0.76394391
0.8165043
0.85633188
0.87553722
0.89062726
0.80390489
0.90614539
0.95252293
0.81038207
0.82279295
0.85121143
0.71757436
""
0.76109976
0.65802205
0.39961022
0.79215467
""
""
""
""
""
""
""
""
""
""
""
""
""
""
""
""
""
""
""
""
""
""
""
""
""
""
""
""
""
""
""
""
""
""
""
""
0.87484294
0.83803242
0.89770395
0.87271512
0.86858338
0.82858914
0.859855
0.7804969
""
""
""
""
""
""
""
""
""
""
""
""
""
""
""
0.81761003
0.63888156
0.79478937
0.88512075
0.82930177
0.57487768
0.73932236
""
""
""
""
""
""
""
""
0.91016901
0.82623386
0.83877581
0.85583895
""
0.83381945
0.68148702
0.83490127
0.73699635
""
0.78058898
0.92647654
0.8487075
0.8184669
0.79024428
0.81225216
0.79403394
0.79689682
0.86784685
0.79647422
0.84203917
0.84995437
0.89576763
0.82173955
0.78880066
0.73587549
0.41849008
0.66266865
0.47594613
0.59972316
0.64476961
0.80507553
0.62035435
0.68133026
0.55893487
0.52195805
0.58358955
0.68809777
0.68624198
0.79068345
0.73100436
0.64832866
0.67441851
0.84036994
0.78600925
0.67402571
0.67067707
0.72273827
0.72547197
0.74100095
0.78070128
0.84911871
0.80232084
0.64507782
0.7253387
0.70724112
0.73595345
0.88493758
0.76940662
0.82168949
0.73010784
0.72687143
0.85712862
0.8505789
0.95403385
0.81106353
0.81664377
0.75746828
0.80894142
0.84452713
0.84371608
0.76288903
0.71022707
0.73677802
0.80660033
0.71301496
0.72830242
0.62391979
0.71113408
0.69532061
0.88247836
0.73292238
0.87214679
0.83495873
0.83127666
0.72397816
0.70547897
0.77148056
0.73327225
0.58092469
0.78378803
0.68846816
0.81716579
0.71013701
0.60607153
0.76075059
0.69217765
0.63516343
0.63079983
0.69567585
0.71820515
0.72179633
0.77192467
0.7500698
0.79413015
0.71690685
0.75617194
0.75924301
0.79859936
0.66279119
0.70273507
0.76081616
0.75130063
0.82632864
0.89652139
0.77689326
0.63406634
0.77391803
0.84578574
0.64850026
0.69004786
0.76085734
0.74354261
0.7282595
0.6800248
0.72594136
0.67896366
0.75226593
0.687442
0.76828945
0.85398155
0.79273665
0.68491244
0.84012872
0.79372293
0.77256864
0.78984261
0.85018164
0.72161824
0.79824382
0.73423034
0.74844205
0.8036834
0.79555738
0.7506184
0.80458808
0.85341269
0.78723592
0.77189976
0.7190913
0.7977317
0.69144791
0.73731226
0.74534249
0.76583141
0.78393579
0.71129566
0.88612288
0.72315872
0.84971565
0.79907745
0.81258643
0.81739628
0.78384233
0.80533862
0.77527142
0.83511347
0.72474927
0.82374239
0.82085711
0.93487245
0.86610132
0.84116614
0.68220711
0.78322303
0.7858063
0.92065185
0.79242373
0.79782498
0.79059511
0.84114796
0.82378864
0.80422843
0.83832061
0.863141
0.86847872
0.80636281
0.79696131
0.8547473
0.79098135
0.80596662
0.67744166
0.7970041
0.79643911
0.82739419
0.60055292
0.76619154
0.72953564
0.86963725
0.85450846
0.66185802
0.65062189
0.76582211
0.78031713
0.7254895
0.81928873
0.79090184
0.88656771
0.8944695
0.83557355
0.90377444
0.80152076
0.83548969
0.7870903
0.80643547
0.90654171
0.78267318
0.65391707
""
0.40211666
0.65800267
0.51607728
0.40868825
""
0.52533084
0.65365285
0.52218932
0.66321927
0.45491925
0.63842934
0.34267065
0.54408807
0.54126048
0.62054127
0.80609703
0.59675229
0.84684539
0.89359093
0.94626892
0.90792978
0.89298898
0.77023607
0.9219116
0.88680488
0.88084096
0.89750695
0.88623059
0.8831346
0.80857801
0.87548202
0.82795835
0.83410645
0.87171161
0.81631058
0.80996448
0.78317994
0.76888025
0.68591636
0.72194034
0.75312185
0.71305299
0.83189511
0.71994036
0.60289258
0.63235295
0.61150098
0.6060915
0.59107125
0.66945451
0.49315467
0.738864
0.73673296
""
""
0.71253514
0.80306751
0.58436835
""
""
""
0.81172425
0.71958232
0.8033182
0.81460255
0.8988933
0.47200754
0.83492678
0.74814767
0.84119135
0.8374275
0.79686517
0.78732729
0.89153898
0.85819978
0.73271632
0.7608301
0.74895054
0.84540689
0.85444409
0.86681312
0.81529516
0.83440113
0.6552617
0.74436611
0.80621141
0.95067865
0.85994732
0.84837168
0.76638734
0.67326957
0.66861939
0.7468648
0.72943461
0.72872502
0.8521114
0.64649832
""
""
""
0.68097109
""
""
""
0.5548842
0.80724108
0.86005193
0.77054346
0.84710193
0.83648521
0.80699342
0.8983143
0.85001421
0.85572153
0.84255677
0.63460898
0.76023602
0.78713274
0.8527025
0.80044889
0.81000513
0.76136976
0.79298651
0.77924418
0.74820989
0.70610553
0.75612968
0.38602093
0.73988694
0.73386025
0.79271787
0.82030791
0.73532933
0.84868175
0.73595393
0.86002541
0.85161871
0.81168455
0.82865769
0.77428555
0.87831765
0.75770074
0.84587467
0.85948527
0.89741099
0.84048057
0.85414279
0.89534527
0.84118396
0.8175903
0.75497216
""
""
""
0.84308165
0.88760632
0.76485956
0.83685178
0.85397422
0.75292695
0.89279914
0.7673552
0.85252786
0.9111737
0.80134565
0.7858687
0.87218356
0.89862233
0.75890034
0.74999076
0.90913808
0.83486068
0.93148816
0.85644513
0.8063063
0.83313537
0.85764474
0.85368884
0.8647458
0.90487325
0.78862458
0.80759019
0.73548096
0.84661722
""
0.82390934
0.72269368
0.82740968
0.81399083
0.84245884
0.83987176
0.79843092
0.84797758
0.81248987
0.75580329
0.8880713
0.75830811
0.88771933
0.84664893
0.83528918
0.79379874
0.76049173
0.80330163
0.82372433
0.81568474
0.82778484
0.86081553
0.74699122
0.85859549
0.78777385
0.86078793
0.93899727
0.8319605
0.87592334
0.82261282
0.80958056
""
0.67980629
0.81350714
0.78528678
0.82944614
0.76423025
0.75629431
0.73832858
0.70792419
0.79007912
0.78566611
0.72383207
0.70391226
0.75587928
0.78533393
0.8613143
0.82570738
0.77838326
0.60865688
0.56908691
0.74308819
0.63134539
0.54046595
0.60234749
0.53474957
0.63285708
0.69508994
0.53261721
0.42940569
0.61656356
0.70614117
0.54558998
0.4530001
0.67571956
0.39661443
0.7098099
0.56933916
0.49652803
0.68099421
""
0.72401905
""
""
0.50390232
""
0.63552743
""
""
0.66848391
""
0.60050029
0.44965541
0.70345736
0.7345975
0.49977767
0.73196441
0.52115113
0.54174078
0.56161112
0.46890756
0.49154299
0.54265648
0.63764977
0.66071242
0.52694219
0.50426519
0.45093924
0.52126539
0.59833425
0.55492973
0.62236756
0.55911332
0.66569096
0.68823177
0.59418315
""
0.56198043
0.71179974
0.64132255
0.55272126
""
0.53269899
0.61730587
0.61843413
0.68583971
0.64059132
0.61039358
0.68887293
0.68973982
0.8748157
0.57174921
0.58803236
0.48945239
0.76381296
0.56759965
0.61657107
0.61398572
0.65650219
0.5800162
0.5981338
""
0.57127535
""
0.77042472
0.94140393
0.68050879
0.85466921
""
""
0.69153315
0.87510383
0.89064282
0.8235026
0.58412141
0.59761119
""
""
0.68108743
0.49697635
""
0.63712168
0.95107967
0.98753053
0.49969524
0.29186887
0.96185464
""
""
""
""
""
""
""
""
""
""
0.7118122
0.96456277
0.81201816
""
""
""
""
""
""
""
0.71485454
""
""
""
""
""
""
""
""
""
""
""
""
""
""
""
""
""
""
""
0.62394023
0.62496448
""
""
""
0.82321149
0.81426466
0.85461515
0.91545576
0.82766658
""
0.7012499
0.79247218
""
""
""
""
""
0.88307148
""
""
""
""
""
""
""
0.62376291
""
0.7235865
""
""
0.89539552
0.81156373
""
""
""
""
""
""
""
""
0.86848748
0.93916827
""
""
""
0.61543256
0.59752017
0.57706702
0.72096854
0.5928902
0.64966297
0.62729055
0.72676033
0.5867942
0.61202818
0.71151316
0.66265124
0.66338497
0.60681796
0.60363126
0.64784157
0.66136807
0.60806447
0.67301977
0.64027274
0.61567724
0.57688427
0.6745168
0.70382464
0.58211905
0.56723207
0.52278012
0.44678253
0.47592941
""
0.52589345
0.68126702
0.60512871
0.68646747
0.65039009
0.66356838
0.71439773
0.59806371
0.71550256
0.52506131
0.90497601
0.81945235
0.81807357
0.83605289
0.79030317
0.75627482
0.88257033
0.82566041
0.871512
0.777201
0.83446407
0.79958493
0.8280822
0.73539156
0.6957773
0.79066664
0.7144922
0.77329832
0.94314742
0.81854361
0.80280745
0.74015206
0.82536405
0.6764558
0.78805304
0.76486593
0.76819873
0.77983803
0.85755605
0.75526661
0.78496724
0.80237883
0.88538253
0.62835288
0.78156233
0.71016747
0.73981446
0.83416933
0.78839809
0.77260655
0.73268855
0.9156388
0.74809682
0.75497276
0.88510734
0.74577338
0.74415672
0.62977141
0.66586226
0.85470015
0.78713661
0.7086373
0.81200993
0.73007512
0.79216355
0.90046412
0.81293595
0.773013
0.73604369
0.79792678
0.74248463
0.75299335
0.71104699
0.7614314
0.73460442
0.59399503
0.52777666
0.74072999
0.56562185
0.70004177
0.71176112
0.70413697
0.53799766
0.79036468
0.65869516
0.61887753
0.664864
0.64399266
0.62440574
0.65324521
0.68171543
0.56237918
0.71575212
0.6776427
0.64170599
0.62147468
0.53489494
0.63235092
0.75835115
0.68519562
0.68560672
0.76465678
0.83746886
0.62143707
0.88320398
0.86614245
0.60825509
0.80223149
0.79976326
0.70802695
0.84201902
0.79966718
0.74879134
0.75077492
0.83937848
0.81419837
0.79150695
0.77084017
0.88280618
0.80922025
0.77038985
0.70177054
0.78504413
0.73189032
0.67609453
0.80225247
0.71181619
0.83624095
0.78752178
0.68553907
0.67087436
0.83596134
0.79540914
0.78582841
0.81555611
0.69573563
0.48492229
0.74759799
0.74395788
0.62584394
0.78119481
0.72602767
0.74448413
0.66122359
0.77193737
0.60414433
0.65422899
0.66047072
0.69486475
0.75609183
0.69693553
0.84939778
0.73926854
0.79336768
0.76416415
0.75013041
0.68274987
0.71003586
0.68891263
0.82075286
0.75037664
0.82058758
0.75036532
0.7578131
0.74333328
0.80874342
0.85964537
0.62542486
0.80228508
0.74092352
0.82095456
0.77958089
0.79585618
0.70949495
0.74176836
0.68899077
0.69783348
0.76360458
0.64043909
0.79989868
0.71842819
0.73925954
0.59758055
0.63897485
0.7155329
0.75773674
0.61470836
0.61708623
0.83279079
0.60336488
0.6795283
0.69738293
0.88424486
0.68186033
0.76192629
0.6491611
0.63747197
0.69124329
0.73357922
0.58618879
0.70526445
0.6531992
0.57245296
0.72187632
0.61799651
0.5847581
0.57900167
0.58675778
0.51016289
0.54968321
0.62400442
0.75363731
0.71970725
0.74910402
0.72064364
0.58123153
0.82126516
0.67634183
0.76050478
0.48043403
0.59192282
0.63686538
0.82738853
0.90878928
0.70602608
0.80082715
0.63188541
0.51625139
0.66259015
0.69869769
0.60290706
0.65239918
0.63631356
0.64441031
0.5910421
0.55346984
0.61930877
0.71171027
0.67714417
0.541013
0.49021715
0.60258257
0.71426749
0.71697778
0.54354876
0.53410906
0.63717675
0.57112074
0.56804025
0.43980125
0.60819936
0.49693352
0.52861834
0.4969753
0.62827587
0.71592504
0.71970189
0.76898861
0.6742208
0.70102614
0.68350625
0.74764025
0.69686711
0.68857747
0.74521285
0.69987869
0.61872262
0.61188126
0.68903357
0.65018982
0.60142362
0.57352597
0.5204249
0.71122682
0.6661343
0.6180383
0.71027893
0.61460394
0.56626123
0.53632218
0.58492482
0.7096563
0.55637872
0.65073377
0.51878566
0.72290075
0.55678779
0.63349825
0.66731048
0.64027917
0.72266936
0.57235759
0.73646975
0.75411111
0.74494302
0.62853444
0.59610879
0.53355122
0.51161128
0.53180623
0.59958351
0.53585327
0.53387243
0.58218408
0.48227102
0.56780642
0.6429314
0.55149758
0.54023731
0.68675452
0.74994147
0.71677202
0.70523733
0.6794064
0.56156725
0.62978792
0.61269414
0.70970422
0.659087
0.70479411
0.53626674
0.55469161
0.49880016
0.65281504
0.58867013
0.66784471
0.54314888
0.62360424
0.44610891
0.44340616
0.51079744
0.46971634
0.73118532
0.69137567
0.79112649
0.60405636
0.64999455
0.65683621
0.42563087
0.5328632
0.49629465
0.45136613
0.51989639
0.46736619
0.62866992
0.57873231
0.59877968
0.65064734
0.65704453
0.68853521
0.67159933
0.60805899
0.67722577
0.59396052
0.53360862
0.6133731
0.61357367
0.63487804
0.53654474
0.654558
0.76076812
0.77731049
0.72907573
0.72258401
0.8472299
0.76390368
0.58212239
0.63701636
0.54516953
0.57354349
0.54376978
0.51115328
0.62182975
0.71282578
0.71917182
""
0.73209882
0.74484706
0.75361449
0.7331925
0.71855289
0.69495904
0.74731398
0.77066696
0.77188784
0.65871608
0.71128565
0.68191296
0.68058437
0.40896416
0.60902059
0.63775271
0.69176221
0.64991659
0.58271253
0.75272459
0.63148367
0.39918089
0.67452061
0.7790336
0.66783768
0.71216214
0.64006561
0.74422538
0.58334243
0.72626054
0.62135303
0.67627066
0.5655092
0.67404902
0.62229919
0.67811602
0.57960045
0.58394986
0.63963705
0.67276275
0.58489901
0.53787357
0.66230762
0.67691344
0.67199063
0.62542391
0.79619217
0.65281677
0.66747445
0.64339995
0.69949943
0.66268742
0.64417559
0.5754568
0.68035883
0.62121373
0.7179094
0.66142988
0.69293821
0.67078334
0.76978213
0.79630637
0.65197146
0.56913447
0.70644701
0.70960313
0.68740368
0.69324666
0.71959555
0.73901898
0.50902128
0.64447635
0.63606399
0.73191315
0.74851227
0.67017841
0.64271593
0.6061033
0.67614418
0.75519055
0.70791417
0.76580185
""
0.52394879
0.7018773
0.64976102
0.61052048
0.66036618
0.58997047
0.5774346
0.57283956
0.48785794
0.66533756
0.6074174
0.5956136
""
0.74888641
0.59764248
0.57697582
0.56263632
0.62386513
""
0.64893335
0.63460749
0.66056329
0.64485568
0.67698956
0.55948222
0.63659608
0.53052986
0.62633145
0.64042324
0.82713425
0.65135515
0.70043683
0.71240157
0.7256996
0.74387997
0.65170628
0.50065631
0.58211458
0.67737782
0.45666227
0.50903815
0.49547273
0.42434996
0.57358146
0.48847714
0.53546965
0.40913647
0.62491959
0.62079901
0.6956901
0.55268842
0.54243582
0.68594027
0.60537112
0.49240053
0.47011688
0.44602334
0.50050277
0.48231477
0.48445481
0.47311509
0.5359984
0.57499754
0.58486354
0.596026
0.62572509
0.75768137
0.71771139
0.64899635
0.63765365
0.61431634
0.65950429
0.70446754
0.72501189
0.77559334
0.67761928
0.70572621
0.74792731
0.71971506
0.67075711
0.62427306
0.64648914
0.68499988
0.60436469
0.65399939
0.77472115
0.61815536
0.67255807
0.68242425
0.71625495
0.69549662
0.73825395
0.70343274
0.6680581
0.74125606
0.63239801
0.67305338
0.57830083
0.52929926
0.74191034
0.43841407
0.53946483
0.62440497
0.61423218
0.75546587
0.56720579
0.72683406
0.77813119
0.65319777
0.80149168
0.69892621
0.59328812
0.42033479
0.64913559
0.61064792
0.62051833
0.67522395
0.51080179
""
0.55967462
0.56433117
0.65006989
""
0.62316042
0.72068149
0.72398508
0.44453043
""
0.69681025
""
""
0.4914006
""
""
0.67346519
0.61580026
0.5577687
0.67002326
0.56325763
0.62822974
0.71637946
0.63580555
0.63019979
0.59781486
0.63918954
0.76206046
0.71144503
0.56998652
0.72219318
0.71678764
0.76855385
0.64067376
0.71196312
0.73367286
0.67144519
0.7248444
0.71182585
0.72519028
0.68368614
0.70011383
0.57193851
0.63331026
0.8056708
0.56479549
0.7111671
0.87059301
0.69726825
0.76111311
0.75739568
0.6973902
0.65768909
0.83879089
0.70972127
0.7000258
0.7899664
0.86043465
0.68380988
0.80084294
0.78722239
0.70897818
0.73971188
0.66483384
0.82967216
0.82937795
0.78618014
0.68533456
0.62732679
0.53468698
0.49752024
0.7164892
0.71645224
0.67529029
0.61951953
0.70398456
0.45155865
0.69733232
0.76162583
0.65603745
0.48746261
0.79422343
0.64150846
0.60812175
0.71028256
0.73106748
0.63270551
0.65535223
0.71785241
0.42848143
0.50005621
0.68229479
0.52567631
0.71741867
0.71463275
0.74631923
0.60612988
0.68171072
0.66886669
0.65252364
0.68178046
0.64148456
0.61413431
0.59175241
0.62671882
0.71193755
0.72947133
0.7703383
0.55740172
0.6127013
0.58309865
0.58637047
0.61034197
0.69630432
0.61837655
0.55790365
0.7068522
0.65070742
0.49097785
0.59178221
0.53129083
0.62870944
0.67746776
0.68786025
0.61824483
0.57137722
0.61924398
0.7279287
0.70666355
0.74131864
0.52213717
0.51895952
0.63804048
0.52907354
0.57684857
0.67258775
0.67449486
0.62728691
0.63500369
0.66236597
0.63177657
0.59080452
0.6886186
0.52181798
0.64986271
0.61872727
0.64114302
0.76600212
0.61587304
0.71228737
0.6100356
0.35556412
0.37139949
""
0.45763579
0.42336828
0.51137203
0.48400998
0.54038393
""
""
""
""
0.57847166
0.63540381
0.66653818
0.60050929
0.6091609
0.71426976
0.7193653
0.65519696
0.75390643
0.67727125
0.5861361
0.62906677
0.7181713
0.67868221
0.64969903
0.7266978
0.68786144
0.77162904
0.71211076
0.74479443
0.7234506
0.60335088
0.66796952
0.65864408
0.67562312
0.6874851
0.61721981
0.61141562
0.73563832
0.68211401
0.79371703
0.50466597
0.74657226
0.68740189
0.71945941
0.71316552
0.72011358
0.71846342
0.79742187
0.68673104
0.7139951
0.70926803
0.75288874
0.82644475
0.77147561
0.70129108
0.73070782
0.74572486
0.76687729
0.74951059
0.7342633
0.69644392
0.61901337
0.61077738
0.60121298
0.67699254
0.62282848
0.55510253
0.6966216
0.56313914
0.66454917
0.61728013
0.65878922
0.54322678
0.54639274
0.58791578
0.55051559
0.65077364
0.60524029
0.73868018
0.48658058
0.63900304
0.74837989
0.65207964
0.65545017
0.68201643
0.54392165
0.62626082
0.71663123
0.37276861
0.67449009
0.55987579
0.58267212
0.66309977
0.6724748
0.59690434
0.52570766
0.55532473
0.6050666
0.61414409
0.68832815
0.62585849
0.71545821
0.5988397
0.51326025
0.60776591
0.76490259
0.79532897
0.69048107
0.66880637
0.70375258
0.5549832
0.5288763
0.60478854
0.47495794
0.67018914
0.49050948
0.650585
0.66446096
0.65687782
0.77774656
0.66189396
0.70783615
0.58706367
0.59795886
0.62282097
0.67550123
0.5951755
0.50590199
0.65973991
0.64376277
0.56789577
0.71554857
0.63673627
0.65472877
0.50305742
0.48593917
0.53703499
0.57090503
0.59035283
0.59436363
0.75412762
0.80382913
0.7619127
0.72729486
0.70311201
0.77296799
0.77537972
0.74216622
0.62688011
0.7304669
0.71721023
0.77343625
""
0.57375818
0.73005873
0.75487614
0.66611427
0.68890882
0.73317111
0.82490987
0.76996893
0.81097722
0.80362952
0.7258817
0.73392838
0.85342693
0.77813417
0.73924834
0.78937382
0.72046053
0.75498164
0.70648545
0.80021852
0.71675247
0.65095377
0.63265216
0.73883349
0.74179304
0.80566144
0.7161662
0.71199435
0.75795937
0.76710427
0.7697469
0.6411286
0.62606269
0.56101114
0.54198617
0.72025853
0.56506211
0.62280792
0.62677866
0.60311711
0.5730654
0.63894588
0.62543476
0.67085409
0.68361437
0.69940948
0.67155421
0.69276738
0.57714242
0.67541736
0.73571277
0.70109552
0.82038236
0.682751
0.73708135
0.75232053
0.58638847
0.61997747
0.73379081
0.71400017
0.55195993
0.63007325
0.64634401
0.62955946
0.50256234
0.63251591
0.55767083
0.78608197
0.67139035
0.72769278
0.66879416
0.73056328
0.66384614
0.724006
0.70035076
0.58110458
0.55282587
0.52799118
0.53670353
0.72413087
0.64072269
0.72886258
0.71733338
0.66632134
0.69627899
0.56404901
0.69664294
0.69724566
0.61955464
0.61455017
0.7923528
0.75624907
0.77966273
0.70583963
0.77771401
0.65048534
0.49389488
0.62345296
0.58616185
0.68308657
0.66993594
0.79663551
0.59890711
0.68743688
0.61498433
0.61367577
0.65234333
0.71087408
0.5992105
0.55689061
0.592107
0.48933822
0.68136334
0.68661177
0.70752674
0.61743677
0.58125013
0.52561045
0.68601912
0.64824855
0.5339365
0.70973217
0.63916826
0.66297811
0.74472296
0.68233544
0.67708236
0.62172097
0.71546084
0.67449516
0.87532347
0.7765342
0.90002674
0.78473848
0.74620712
0.59230548
0.86714154
0.79311931
0.65988386
0.69985491
0.6281625
0.51855898
0.67492104
0.68334454
0.50272584
0.62718362
0.71095842
0.65110368
0.73823279
0.6930117
0.71467948
0.61471319
0.61318821
0.62438178
0.58511072
0.66465855
0.60087168
0.70242745
0.59012431
0.61498946
0.61868095
0.67076027
0.64999497
0.75267559
0.59505171
0.68143195
0.73481101
0.79934907
0.71322364
0.71044397
0.73231381
0.76285076
0.69621634
0.72774738
0.78544253
0.6906625
1.0597812
0.74184322
0.64183187
0.68929505
0.73329228
0.69461668
0.68066663
0.59266591
0.69065988
0.68585128
0.64061832
0.56130892
0.65127689
0.70399541
0.60892487
0.65355247
0.63691926
0.68405133
0.54162925
0.65752363
0.64745522
0.66841948
0.64628458
0.48838368
0.64660001
0.67579353
0.70088625
0.64235151
0.65200102
0.71525902
0.64194494
0.57682079
0.57027161
0.49975762
0.51136869
0.61106145
0.65173995
0.69166541
0.73289508
0.69974148
0.78616399
0.87028623
0.74732697
0.74498397
0.67333961
0.7142601
0.723593
0.60711485
0.794994
0.62800372
0.64645058
0.71020001
0.64450973
0.7082867
0.64181453
0.82237184
0.72496372
0.76325738
0.932145
0.64961451
0.72515869
0.69426203
0.66890466
0.79164732
0.82810563
0.69384778
0.72842336
0.73046428
0.69242167
0.67155004
0.73135602
0.75399214
0.78474569
0.74798691
0.72740918
0.68922365
""
""
""
""
""
""
""
0.83622217
0.74385053
0.75626194
0.77956879
0.74259222
0.67107761
0.83050972
0.69891876
0.69474697
0.57676572
""
0.75583535
""
0.68510115
""
0.75487727
0.70785159
""
""
""
0.78966224
0.75671357
0.86443079
0.77335578
0.72735894
0.67020774
0.65162092
0.67209446
0.58214295
0.66426355
0.65868956
0.67807633
0.60091233
0.67996395
0.58391225
0.6158511
0.59874451
0.49289927
0.72466534
0.59271133
0.78404671
0.78867561
0.79413503
0.66103882
0.52795106
0.62751311
0.59015173
0.52233273
0.63446486
0.6117208
0.58344281
""
""
0.52805847
0.59389877
0.51497787
0.6330235
0.62132353
0.63205492
0.51507962
0.71226335
0.61424011
0.78295493
0.65072113
0.75552535
0.73563468
0.68058336
0.69725978
0.79590636
0.80986947
0.78370392
0.78462279
0.53645682
0.77740026
0.66882253
0.58389246
0.55862153
0.7388044
0.50344998
0.63794512
0.48277551
""
0.66728795
0.69095647
0.74577737
0.6263482
0.60867923
0.56268269
0.66259754
0.72628319
0.73686469
0.72879344
0.78733206
0.7200712
0.67046618
0.66118854
0.64619958
0.72141147
0.65170562
0.5478887
0.62258697
0.5958457
0.68611944
0.63886935
0.78972542
0.7101385
0.63473606
0.76662481
0.5182153
0.6291731
0.70820785
0.74406672
0.57924777
0.65841913
0.68676382
0.51066464
0.46265411
0.38364449
0.70984459
0.59573537
0.62137175
0.63305694
0.59854293
0.59983701
0.56344032
0.39994609
0.57310289
0.45209548
0.58711797
0.57431519
0.54908198
0.61547828
0.63427043
0.75508827
0.78495622
0.67761135
0.57068741
0.48597038
0.49125141
0.59930176
0.60521495
0.81136829
0.81679058
0.70143348
0.84070152
0.7699492
0.73226583
0.74365115
0.81210667
0.82728052
0.76317048
0.76142001
0.68685198
0.76104689
0.74275547
0.72305524
0.67559409
0.59070468
0.66768199
0.63620126
0.6161896
0.58641338
0.72317976
0.78783512
0.87735265
0.65830463
0.58196598
0.62608546
0.6708228
0.63449144
0.7926144
0.70235747
0.59712535
0.70442188
0.65932012
0.67965519
0.61132586
0.60117447
0.62531501
0.57086211
0.56915092
0.68752015
0.42538014
0.68633741
0.70609784
0.4831641
0.52284521
0.56697839
0.62852764
0.54891843
0.64393461
0.68592435
0.69003886
0.69580728
0.54628432
0.49888048
0.6244632
0.58984059
0.63128984
0.57004213
0.62112284
0.63622445
0.68783063
0.71093017
0.58086193
0.55092698
0.58266842
0.50019372
0.58905643
0.60677499
0.65177613
0.52478015
0.62982172
0.60235161
0.58828759
0.56165159
0.57221913
0.57678503
0.70202845
0.64927047
0.59200197
0.6614843
0.59940135
0.61165524
0.56838071
0.62884599
0.61683244
0.45902112
0.55494547
0.70261663
0.6262992
0.61311072
0.67471021
0.56670356
0.56438065
0.58859938
0.72075188
0.66069186
0.6338113
0.70737344
0.65761757
0.7019375
0.71010762
0.70483172
0.79834151
0.85416055
0.59278321
0.63796979
0.5370568
0.80084223
0.7533586
0.65559536
0.76853764
0.70111847
0.71352488
0.72289449
0.77034897
0.73175049
0.72801942
0.72139651
0.77904975
0.81618655
0.77500176
0.7970553
0.75335884
0.78992945
0.6008926
0.67543793
0.76879114
0.58145946
0.81233191
0.71565127
0.75890952
0.84630388
0.69990551
0.81203496
0.80962372
0.74025023
0.72658718
0.73503107
0.7492035
0.81633133
0.75186825
0.74735391
0.67656273
0.81097758
0.75222325
0.6570881
0.76619327
0.70974177
0.75051832
0.77314764
0.65779436
0.79099214
0.82703727
0.86230773
0.77103823
0.81082457
0.87222505
0.78468579
0.82096606
0.82464099
0.87859583
0.78050005
0.74165338
0.77912688
0.77137232
0.7620396
0.75086224
0.77303171
0.72013187
0.71436214
0.72387719
0.66609925
""
0.88007671
0.87060338
0.67674643
0.7546941
0.75141454
0.84691411
0.80017501
0.74860424
0.76981539
0.69882113
0.84136987
0.6989398
0.73432702
0.50879061
""
0.71479803
0.74391627
0.70642287
0.64061934
0.77090657
0.8137452
0.75304657
0.72190922
0.85903776
0.76860982
0.8131367
0.73176503
0.75164932
0.76134431
0.8089999
0.82917506
0.78957438
0.6880886
0.75072002
0.62341058
0.70612389
0.81614214
0.64899313
0.71327913
0.73840845
0.75443023
0.78811598
0.824292
0.70057434
0.76448655
0.81369984
0.83844256
0.83464718
0.73424083
0.84049267
0.87097663
0.77272522
0.75548965
0.71172667
0.76748186
0.68229145
0.61082035
""
0.63850236
0.64453757
0.55240715
0.67240328
0.606942
0.49079624
0.67082715
0.54994106
0.5969457
0.54889256
0.61838806
0.64081478
0.72381681
0.64739811
0.78752124
0.85435641
0.77040029
0.6052357
""
0.77882785
0.68347228
0.76469952
0.74276263
0.79403222
0.72819126
0.73254013
0.82231152
0.75223368
0.632855
0.74122304
0.71091908
0.68986797
0.74113166
0.62867939
0.74721122
0.77594501
0.71541417
0.78821355
0.73090082
0.72916067
0.53482074
0.61162055
0.45173666
0.55656034
0.69252026
0.50587529
0.60233635
0.56359166
0.56829041
0.56698197
0.59392589
0.56462139
0.49754542
0.63588542
0.56331158
0.59908879
0.70014441
0.60737288
0.712641
0.64518547
0.58509529
0.65333045
0.62651527
0.65294367
0.73443061
0.76039618
0.79752815
0.72819173
0.72427231
0.73330426
0.74800885
0.686387
0.76269364
0.82492346
0.77160281
0.53425819
0.55103904
0.4368729
0.6375463
0.75298697
0.68903935
0.70309973
0.57918757
0.48276839
0.73250496
0.75706124
0.57136285
0.73796183
0.74371064
0.73721868
0.73446554
0.72944397
0.70216936
0.61042744
0.68967789
0.56335294
0.76526994
0.63165402
0.58422923
0.67125887
0.64916313
0.57382172
0.59197706
0.56039536
0.60382545
0.60559493
0.61304981
0.64491773
0.67133141
0.72063172
""
0.81275642
0.58905756
0.69925743
0.72137761
0.72207314
0.80062073
0.64228278
0.70106208
0.46491086
0.76539099
0.73554188
0.77852529
0.70227253
0.79766828
0.69968009
0.76991123
0.64350337
0.66162455
0.70408779
0.76522624
0.84796405
0.75995612
0.71987283
0.78829592
0.77821642
0.77669668
0.79676384
0.74028611
0.92235231
0.80159307
0.62009424
0.78138816
0.80874246
0.74929267
0.77611494
0.62786782
0.69372666
0.57381058
0.63662642
0.50373983
0.73213553
0.67684382
0.68571925
0.80005342
0.6435256
0.79863745
0.73403275
0.79713303
0.66768426
0.71289879
0.80831534
0.74050391
0.67435235
0.56790936
0.8441447
0.74476802
0.85402954
0.68445528
0.67832989
0.64833128
0.70715851
0.65010452
0.6433934
0.73025417
0.6960457
0.70659423
0.72157615
0.80372787
0.77096403
0.73471147
0.62542284
0.63469708
0.7417894
0.67161626
0.66362494
0.66951132
0.5453068
0.64913261
0.65750647
0.77208447
0.76480502
0.66656864
0.65963984
0.71097368
0.72369802
0.6906361
0.77885318
0.82112211
0.71752745
0.82788187
0.79831249
0.80183375
0.71055114
0.74832344
0.84012932
0.71883875
0.75313079
0.84825635
0.6164211
0.51322699
0.62993258
0.57112294
0.62886512
0.39734644
0.67505288
0.78267258
0.73043388
0.80875701
0.93159652
0.72508973
""
""
0.69111568
0.5209654
0.4480142
0.65658689
0.57536346
0.63367653
0.72963983
0.80703181
0.56146997
0.66575021
0.6347816
0.72012788
0.66630048
0.71373463
0.78280216
0.60288018
0.58861494
0.63859868
0.65364414
0.6368596
0.68749034
0.64487642
0.72435254
0.75518161
0.76881731
0.7445693
0.70881617
0.65520918
0.75359994
0.56135559
0.66854995
0.65726662
0.84048355
0.69834697
0.65234423
0.59044945
0.59395015
0.68273652
0.72372735
0.71100646
0.66249549
0.59712869
0.61700499
0.5766657
0.57654488
0.63080931
0.63356173
0.70559615
0.65091616
0.66375709
0.53532004
0.58810395
0.71201581
0.68295133
0.78329074
0.86552835
0.80468941
0.84646755
0.88024056
0.81750154
0.8518092
0.77379328
0.78642374
0.77061856
0.84876639
0.85986924
0.81029093
0.77842557
0.8595171
0.72317934
0.82132417
0.8154099
0.79717582
0.84362096
0.80599099
0.78049856
0.8291536
0.79041803
0.8512513
0.77549738
""
0.75710255
0.73148
0.79555261
0.74280691
0.71183997
0.58507222
0.53677016
0.62893772
0.71787339
0.69317818
0.74969792
0.61479127
0.61798835
0.67664278
0.84840208
0.65720493
0.81733626
0.70775545
0.79810131
0.83970422
0.60415602
0.6080032
0.65476656
0.63845289
0.67436862
0.64333165
0.67967218
0.57975101
0.58951861
0.7477544
0.69162995
0.70109177
0.71118337
0.67910796
0.67921579
0.60090226
0.59487182
0.60332906
0.674146
0.62276417
0.70752025
0.69958967
0.75595868
0.66085494
0.6880632
0.76215988
0.69800979
0.65738875
0.74790633
0.68212122
0.78219712
0.79583919
0.72352612
0.45015872
0.50116926
""
0.5554924
0.59405857
0.51912487
0.6879676
0.56387079
0.80818504
0.73150605
0.82679063
0.7850365
0.6838662
0.73145485
0.7651363
0.7008993
0.64969814
0.72518378
0.63773084
0.60360026
0.73901278
0.61997306
0.6970948
0.64368498
0.75849485
0.60377944
0.71765453
0.68326223
0.59566826
0.68088937
0.76703179
0.71558297
0.64876854
0.5914892
0.72257787
0.54365635
0.63549668
0.50084603
0.56477267
0.6137054
0.64074934
0.62115109
0.79023468
0.69428748
0.76309139
0.48770982
0.63657659
0.62692565
0.61062759
0.65032655
0.62621194
0.56303889
0.72489095
0.63908738
0.55891758
0.69790202
0.67135489
0.5840739
0.63985884
0.49142542
0.58525902
0.62347466
0.65924454
0.62831914
0.66546774
0.61530668
0.70431209
0.64735025
0.58469301
0.62540781
0.60313272
0.59993804
0.58874679
0.64377815
0.56310844
0.64964288
0.881634
0.83357626
0.84423065
0.88140881
0.85603505
0.79360688
0.88305354
0.81333035
0.85477024
0.79738945
0.91299343
0.82860702
0.76044559
0.78490245
0.70607787
0.83122236
0.78177756
0.78968424
0.72858495
0.78889894
0.75026447
0.68484652
0.6564889
0.64520806
0.60073352
0.69950527
0.64727104
0.58261484
0.71706873
0.58467591
0.54847199
0.55102408
0.50515562
0.47115055
0.53816503
0.66754735
0.77818668
0.73810375
0.77074218
0.80075651
0.78315979
0.77491736
0.7053889
0.61925852
0.67965746
0.71632707
0.48499811
0.67092186
0.72488874
0.55029637
0.58396852
0.5606361
0.57908559
0.62737179
0.67018324
0.61932945
0.55916655
0.54750854
0.67628175
0.7682218
0.77445477
0.7138871
0.59442055
0.68295217
0.65104038
0.53008795
0.77879763
0.62858832
0.64817739
0.66000003
0.60573816
0.7367807
0.74504983
0.68785566
0.53211164
0.69856745
0.59132856
0.78338391
0.76208133
0.69420725
0.55937916
0.70153141
0.68805128
0.75819319
0.71749091
0.69818997
0.77655137
0.71682656
0.61839205
0.68830144
0.62010431
0.66991562
0.6920315
0.53413564
0.65298492
0.68959099
0.57766932
0.66248465
0.69684064
0.63439721
0.6852147
0.58499187
0.70283777
0.61872149
0.6626628
0.64326513
0.71214551
0.65001607
0.752253
0.74958807
0.77387059
0.79726148
0.72508645
0.7648176
0.71935409
0.77533537
0.81186861
0.8361991
0.84061706
0.82102424
0.82552028
0.82240218
0.85333407
0.78943229
0.64515811
0.79197425
0.78825802
0.74069023
0.77924329
0.82865798
0.71001726
0.73869133
0.78887063
0.78150046
0.69832182
0.71059352
0.77251202
0.74082828
0.66977525
0.73857999
0.8111518
0.66502047
0.7594223
0.68004429
0.6106984
0.69108093
0.6764136
0.64146912
0.64572138
0.64693958
0.72771031
0.71886843
0.60674864
0.76985973
0.63756651
0.53162205
0.60122931
0.74322867
0.70319009
0.75902522
0.7953229
0.65118277
0.60923362
0.57916474
0.69688648
0.64959377
0.51748031
0.72145867
0.64894491
0.62859905
0.6620158
0.58033419
0.64552516
0.52588314
0.56900334
0.65807402
0.55229861
0.67075121
0.62727183
0.69200331
0.74314559
0.73656809
0.75715071
0.7822836
0.67255068
0.72324848
0.70659471
0.73353142
0.67484212
0.72779489
0.66591793
0.66663605
0.73793417
0.73152697
0.76825458
0.74216151
0.72341573
0.60713035
0.66985255
0.66193902
0.65511686
0.56906259
0.55444622
0.44588122
0.70741498
0.67690563
0.60205346
0.64025253
0.67245752
0.52473587
0.52673817
0.62148261
0.66121852
0.60649818
0.6776709
0.55460751
0.62844664
0.6761564
0.74717045
0.72376019
0.67873812
0.73157632
0.74357939
0.75357437
0.76316434
0.77190048
0.81815076
0.79940224
0.79310763
0.77570623
0.79364294
0.80248904
0.76757538
0.82340622
0.77526128
0.7080366
0.72618496
0.80753803
0.78598511
0.74653703
0.81995481
0.83580095
0.78202254
0.7752412
0.75670767
0.77243984
0.68026012
0.67497146
0.60979164
0.76450896
0.59744364
0.67232382
0.62374228
0.55459929
0.6612758
0.65380192
0.64582288
0.56514627
0.6049127
0.58842766
0.63487333
0.5693776
0.48908186
0.60570675
0.67590249
0.65128553
0.67149121
0.60931474
0.55397856
0.67624724
0.58049715
0.53799194
0.63970631
0.62211382
0.67882115
0.76146114
0.67382908
0.82242674
0.86252081
0.87743843
0.87026256
0.68216634
0.63804018
0.41589341
0.46198946
""
""
""
""
""
""
""
""
""
""
""
""
""
0.65826505
""
""
""
""
""
""
""
0.40021226
0.39639881
0.42598012
""
0.5673492
""
0.61788237
0.70985067
0.74609804
0.75590366
0.77858001
0.3990449
0.67269754
0.62485546
0.73710269
0.68474948
0.72310841
0.75221199
0.74151641
0.78789926
0.71911335
0.72140038
0.68165439
0.74491197
0.73625261
""
""
""
0.6300087
0.67986381
0.6998263
""
0.59167701
0.66641742
""
0.72771204
0.70532328
0.65692592
0.63116413
0.74763983
0.57401145
0.63989443
0.67108035
0.64726597
0.70949477
0.63439322
0.67017758
0.72282499
0.62420785
0.69505852
0.76219082
0.70541883
0.6255523
0.71453184
0.60036254
0.71251142
0.75405878
0.78332347
0.68535566
0.70905972
0.74379361
0.72139126
0.75563651
0.64881569
0.65468574
0.6904344
0.66267657
0.62010348
0.73754239
0.56277812
0.73138613
0.57827234
0.66066515
0.72881901
0.74835849
0.79355615
0.62700647
0.66984755
0.70481342
0.63841832
0.68766153
0.79707277
0.65635645
0.70838165
0.70518631
0.64001447
0.58970118
0.75992405
0.72587067
0.64446443
0.64578992
0.68363035
0.58938062
0.65543002
0.67226171
0.64285046
0.70405239
0.61611003
0.66667354
0.79790115
0.68307024
0.72845197
0.29201069
0.4838123
0.60895401
0.68659461
0.69333929
0.7186861
0.6153391
0.63562137
0.66392022
0.68150097
0.73019153
0.62128311
0.64524794
0.68606341
0.66086304
0.65800124
0.71458393
0.61708885
0.58117396
0.686225
0.73097467
0.81023312
0.74892014
0.74770254
0.68271041
0.71295124
0.75065547
0.66937184
0.68595564
0.69211203
0.73140752
0.79543012
0.77825189
0.76637518
0.70326114
0.72056437
0.74692708
0.66688979
0.59784216
0.77290577
0.59440941
0.69510907
0.72162443
0.62355107
0.7100625
0.64796865
0.73311949
0.68206
0.63171166
0.54957914
0.59271783
0.6152088
0.67319286
0.72658032
0.72944188
0.63503385
0.64053035
0.6650272
0.66808623
0.72332829
0.6084733
0.69256121
""
0.65795535
0.66634196
0.56667632
0.78219163
0.67872715
0.66795486
0.62127292
0.62675375
0.66411239
0.57433379
0.81317985
0.65398777
0.73408628
0.73249418
0.76860774
0.81755137
0.74911547
0.75653124
0.66899359
0.79390454
0.78612125
0.68239045
0.4594028
0.48889074
0.61079127
0.54577726
0.71204948
0.6437934
0.63352793
0.65274227
0.7488637
0.62625331
0.68469661
0.69366258
0.68726397
0.64201653
0.68987858
0.64814436
0.60573715
0.6942876
0.80165112
0.6909582
0.74018967
0.62558883
0.68170172
0.68690991
0.85576236
0.83330077
0.61408061
0.69604141
0.52684599
0.49507159
0.89446735
0.6661334
0.84071708
0.91370445
0.75838363
""
0.62036753
0.62806791
0.67079502
0.6217674
0.60775638
0.58061534
0.68672824
0.67670107
0.78689516
0.74332273
0.6871621
0.74105591
0.6851896
0.77647626
0.77760714
0.80519307
0.63554817
0.80625248
0.76604867
0.80519289
0.75674832
0.75733626
0.70384508
0.77663273
0.84098172
0.72795755
0.74950248
0.81425095
0.76207799
0.73911041
0.77418804
0.80758172
0.7163108
0.8071208
0.83818364
0.72027928
0.7067247
0.71992594
0.8367011
0.83598232
0.75701833
0.75934088
0.7690919
""
0.93106663
0.84012377
0.80051625
0.78247112
0.84851265
0.82775909
0.8267138
0.8238793
0.85648233
0.90212399
0.85226983
0.88518518
""
0.62506342
""
""
""
""
""
""
0.7339645
""
0.42069128
""
""
""
""
0.81989795
0.80535144
0.80264872
0.80405474
0.79499346
""
0.5985136
""
""
0.4659138
0.81163788
0.70888191
0.83047336
0.88200897
0.77649403
0.86406022
0.87640035
0.80658305
0.8469857
0.91999155
0.83969033
0.90271384
0.93452233
0.93096799
0.87450612
0.87609297
0.83584887
0.84880167
0.85769504
0.79221702
0.87545019
0.78347784
0.86672163
0.84040964
0.80638248
0.8707304
0.81876814
0.79436523
0.75346971
0.86804163
0.76092881
0.84555918
0.78875118
0.70946383
0.80628932
0.78630459
0.74777275
0.77701241
0.8317219
0.81827939
0.84106755
0.80148983
0.84104341
0.77971619
0.88141721
0.79670763
0.80481088
0.83519411
0.84068853
0.75902933
0.88022095
0.83933914
0.83253914
0.81632811
0.77907455
0.83676761
0.87600636
0.81038153
0.76471144
0.81160426
0.77826327
0.81427085
0.79805201
0.75648761
0.83350873
0.86881065
0.77284276
0.84613395
0.70375901
0.7789759
0.74510688
0.78739762
0.76159614
0.71416384
0.79621196
0.83803833
0.81758052
0.88548726
0.87539548
0.81805134
0.77228451
0.83020312
0.86034721
""
0.61142963
0.84610391
0.82660627
0.49597576
0.67444313
0.61574179
0.66817832
0.75600165
0.6984297
0.66142011
0.50255591
0.63236296
0.62060535
0.59101725
0.65839177
0.63873208
0.6328848
0.697523
0.66054434
0.78868055
0.52126867
0.65871155
0.69437605
0.57487285
0.60974944
0.68490201
0.5798983
0.52163696
0.64854622
0.56483805
0.36588609
""
""
0.65743965
0.40113902
0.63805217
0.56468451
0.65947872
0.81705636
0.66410339
0.79743087
0.65254432
0.51504904
0.54355407
0.49310863
0.41680554
0.49482328
0.4919101
0.69689959
0.5662744
0.69107771
0.75702965
0.72431511
0.67271692
0.68694443
0.64949775
0.77782112
0.70667368
0.70087796
0.70406473
0.46436352
0.64758033
0.6328072
0.53677726
0.62191373
0.57397062
0.67955929
0.64448798
0.51262963
0.72755373
0.80185992
0.79834503
0.80220562
0.79398727
0.78916454
0.77513117
0.77575028
0.82215708
0.83343261
0.7864747
0.75765783
0.81560838
0.76535642
0.58049303
0.55631417
0.39444461
0.50257158
0.62447995
0.54383266
0.57117426
0.63136488
0.70053005
0.64764583
0.62598795
0.58389813
0.56445873
0.59943444
0.748685
0.7206409
0.65015447
0.75871348
0.7024526
0.63953847
0.71209139
0.60877866
0.65749437
0.54605842
0.64029008
0.70627993
0.69864309
0.72778583
0.67735291
0.67071408
0.66454268
0.77230692
0.70599186
0.70132101
0.64784908
0.80260563
0.75738448
0.74935895
0.74306965
0.85015303
0.60859281
0.57004261
0.61085242
0.62633193
0.65664196
0.71397984
0.45886075
0.65263981
0.70400327
0.72067916
0.63575029
0.66122341
0.65180987
0.67792338
0.6577965
0.59019279
0.64020073
0.59173822
0.54366708
0.58406818
0.54542536
0.56469554
0.51013047
0.57252216
0.59565455
0.68269074
0.63633525
0.74918401
0.72316796
0.62447637
""
0.8000139
0.69624186
0.76988238
0.74367511
0.76243198
0.74026871
0.75891024
0.59742314
0.48359305
0.55542284
0.5047217
0.7209987
0.64259183
0.62046188
0.58409435
0.64893973
0.61996627
0.71926105
0.53317589
0.69957042
0.55302596
0.6017139
0.51824886
0.60469198
0.52250808
0.66229576
0.73857689
0.5943265
0.76124251
0.69254386
0.68485647
0.63750476
0.66534561
0.70535737
0.72390181
0.77561337
0.76611525
0.76431799
0.82030863
0.60878307
0.76445067
0.74080563
0.75348902
0.60313672
0.60885537
0.51971501
0.6820181
0.69307351
0.64452171
0.55201989
0.60445589
0.66503268
0.72476023
0.54681998
0.38228753
0.56316203
0.81509912
""
0.84674108
0.86443591
0.82075518
0.69427818
0.76806194
0.82504749
0.8063584
""
0.67230785
0.73539656
0.5739882
0.68764949
0.69198185
0.70660961
0.6815902
0.75074476
0.70347148
0.75828892
0.70414144
0.6133343
0.74342507
0.75441122
0.67239815
0.65157312
0.73874915
0.87605113
""
0.69617331
0.5975455
0.71405357
0.41400635
0.41993639
0.61289281
0.59459257
0.4739227
0.63809901
0.65419757
0.69188237
0.77132308
0.54943508
0.60816985
0.66459358
0.57723629
0.63751292
0.65889513
0.63264972
0.66251081
0.62093914
0.58068222
0.76120239
0.71713537
0.62976283
0.75912988
0.56503302
0.74344909
0.78267217
0.71030676
0.66454673
0.62273407
0.79481137
0.82345998
0.82609308
0.70528722
0.69064069
0.72447181
0.74637997
0.71185464
0.7703951
0.77521634
0.76022655
0.72709477
0.80817831
0.7981416
0.74137449
0.77289993
0.70451081
0.59689909
0.7415778
0.72045094
0.64647573
0.52613264
0.60892004
0.54359877
0.71893859
0.55096906
0.71491963
0.57088977
0.55582631
0.6955868
0.77504283
0.71107608
0.68533289
0.65963078
0.63119447
0.68353993
0.75364453
0.69477159
0.70854145
0.83678758
0.73296803
0.68187577
0.62301433
0.70829934
0.61671025
0.7054199
0.62149096
0.65931451
0.67254519
0.64991188
0.64959449
0.62377894
0.61440504
0.70439881
0.67299777
0.54386944
0.31435129
0.40245348
0.42099595
0.42059624
""
""
0.68659389
0.6447174
0.54717332
0.46743917
""
0.37811947
0.61961836
0.55859149
0.59118736
0.59435815
0.70174438
0.70958275
0.75600678
0.63945442
0.64555067
0.55536717
0.57584494
0.61960268
0.69561392
0.82789934
0.70141774
0.73123378
0.77719492
0.7347796
0.66079074
0.68561816
0.82493716
0.7543748
0.83220804
0.75521141
0.76989532
0.83320534
0.6058858
0.62560153
0.576262
""
0.76032442
0.93447149
0.84346128
0.787377
0.80393338
0.84155661
0.88296407
0.81718463
0.8550961
0.78474498
0.78148788
0.83662152
0.74037176
0.69836068
0.74677807
0.87600625
0.64459479
0.81135601
0.60397059
0.62761831
0.76817006
0.71922016
0.73656243
0.66559136
0.77967137
0.74724925
0.87005442
0.71808928
0.75031561
0.89796335
0.72730941
""
0.47659341
0.69221032
0.77483881
0.7483812
0.73749101
0.82490927
0.81894672
0.77386391
0.70762849
0.67551732
0.70864892
0.72755593
0.68241799
0.7497713
0.68943256
0.50859493
0.59488243
0.56224906
0.70565534
0.74475038
0.71548176
0.74924833
0.7493037
0.7418527
0.77933848
0.72675163
0.71915138
0.72774523
0.59430289
0.68523371
0.75548327
0.55466026
0.62961841
0.59505683
0.64778882
0.62298954
0.61338991
0.62585831
0.62168813
0.56960356
0.52432388
0.70288032
0.63659239
0.79349464
0.78618509
0.77912998
0.87013602
0.85567653
0.8050288
0.64578968
0.68435282
0.70390856
0.69527799
0.68270051
0.76299757
0.7395941
0.73744619
0.73184818
0.74560028
0.83250046
0.6598959
0.4977088
0.713534
0.69234639
0.6024071
0.62653619
0.7135573
0.60210186
0.58193618
0.64318466
0.60505712
0.54722327
0.51007998
0.64402854
0.58149529
0.6312142
0.63502473
0.77006549
0.62847573
0.72700649
0.78359187
0.60225356
0.71173084
0.67694753
0.56699324
0.54604936
0.62184489
0.57790786
0.64646167
0.60000157
0.60011095
0.62788767
0.74732071
0.81642556
0.71746922
0.7430687
0.74905908
0.76026797
0.7193864
0.75039154
0.6279161
0.62976754
0.48351264
0.38304105
0.46988651
0.52247423
0.48532236
0.65177548
0.46401519
0.4536714
0.54030174
0.53464657
0.53840268
0.56580186
0.46954465
0.45462525
0.41012859
0.76569629
0.61177427
0.67876774
0.72053117
0.7055673
0.67493576
0.62575221
0.88050658
0.69275099
0.72635418
0.84728724
0.82686794
0.66969895
0.80912626
0.58630508
0.66947615
0.66275758
0.64267343
0.61861402
0.54978812
0.60523951
0.56688589
0.59493136
0.66005385
0.71058053
0.78751194
0.6980598
""
0.62256098
0.75920194
0.64197665
0.57571089
0.30049926
0.46629867
0.50335634
0.47699517
0.58663666
0.50570649
0.67804223
0.72370672
0.62946409
0.74537545
0.51298386
0.59942389
0.58486736
0.68360472
0.73703098
0.637622
0.74211806
0.71214885
0.79742354
0.66405821
0.60223162
0.503766
0.53180581
0.74353355
0.53984356
0.54261196
0.60662735
0.60968083
0.63354087
0.69870377
0.66735297
0.56556666
0.55084717
0.64622694
0.31763265
0.4246524
0.43024004
0.37122041
0.30260029
0.42892718
0.65552622
0.54321581
0.59867823
0.63346231
0.73976833
0.53705007
0.49588782
0.57189053
0.43511879
0.45860243
0.43930352
0.37465379
0.48014924
0.4718951
0.42612731
0.39767665
0.47275046
0.57305461
0.39188719
0.47227651
0.46317288
0.52254343
0.61806071
0.56831646
0.70192516
0.58584833
0.59887886
0.56894261
0.5362311
0.54733133
0.52086169
0.50999004
0.49294388
0.48401326
0.42064089
0.57077694
0.39744046
0.47641608
0.3892045
0.49295411
0.4801982
0.57129896
0.51095808
0.34064841
0.47998396
0.51057339
0.62668812
0.4481993
0.51990569
0.45898473
0.44846791
0.59522587
0.45148662
0.48789793
0.5895164
0.64128351
0.51744986
0.66138738
0.65782148
0.58033586
0.49893028
0.48197657
0.56686467
0.47097084
0.5356335
0.4908959
0.57305002
0.58632398
0.56168759
0.4787055
0.39385292
0.37908655
0.41930482
0.41119128
0.74509299
0.72153229
0.70788932
0.69633126
0.78150421
0.79577047
0.70732701
0.75599933
0.68719184
0.72149187
0.75426298
0.65760803
0.77838945
0.6464892
0.73406601
0.66427267
0.60531306
0.6074701
0.34305355
0.50652951
0.59174401
0.53928345
0.42318824
0.50090605
0.66865122
0.58356893
0.63726354
0.5965457
0.58213735
0.45124641
0.54665238
0.54301167
0.53886819
0.625669
0.66930431
0.5480454
0.44875884
0.49594411
0.53035206
0.52025592
0.67329347
0.62869829
0.6372335
0.72897655
0.63321429
0.64575452
0.6075139
0.52663308
0.52579296
0.6491065
0.6207788
0.63628417
0.6031583
0.53824508
0.47695261
0.63943964
0.65197599
0.69999307
0.57210737
0.69579804
0.68161452
0.67118967
0.5961563
0.58250368
0.53764242
0.65405041
0.42240474
0.40486369
0.4494859
0.38826871
0.5317148
0.52395427
0.59656858
0.57484436
0.52377111
0.45094016
0.55172014
0.60010946
0.41252333
0.42385074
0.52197051
0.47478864
0.52669209
0.3507731
0.41436842
0.44957674
0.34618622
0.45715967
0.4526329
0.44487092
0.43130806
0.51190543
0.5866068
0.63171673
0.58312005
0.4517695
0.64936203
0.62475473
0.728028
0.4526087
0.42995867
0.52285272
0.49077842
0.50937539
0.48833099
0.54937536
0.51585668
0.52686346
0.49864399
0.58787137
0.43439668
0.49764657
0.53034127
0.39914912
0.55301678
0.64810228
0.71561444
0.70610249
0.79326022
0.55320019
0.60369307
0.47581556
0.4768846
0.5601607
0.48274526
0.553675
0.56194371
0.48749927
0.52024484
0.56857705
0.37976462
0.51602787
0.47343144
0.404641
0.62965178
0.62677622
0.58821881
0.60254061
0.4974443
0.46341702
0.57508296
0.47983029
0.51505798
0.5614509
0.47074655
0.61628693
0.57411641
0.5086019
0.60972816
0.49334487
0.57216299
0.56238937
0.54983342
0.56857312
0.64903128
0.57371819
0.4136053
0.4577409
0.58049846
0.45255572
0.46000081
0.47204703
0.444042
0.51916677
0.36974344
0.51376849
0.46481541
0.56197208
0.55655855
0.65158254
0.54391706
0.56145346
0.61222076
""
0.45489958
0.53616136
0.46331677
0.49389279
0.51195556
0.58992344
0.69859916
0.57287568
0.61235607
0.5971871
0.64428246
0.70750624
0.43423223
0.50573164
0.59477252
0.54351461
0.37699795
0.4184458
0.47372177
0.40281871
0.32714993
0.51513189
0.56633812
0.60983342
0.63722599
0.61663163
0.65194994
0.63491958
0.57135087
0.61777049
0.5153693
0.67603827
0.60839677
0.67368037
0.72273779
0.52912664
0.68715692
0.54858702
0.59011829
0.68985415
0.57539183
0.72795427
0.73505533
0.68445474
0.7697565
0.64569092
0.45009947
0.6593715
0.74884379
0.64401257
0.72417539
0.7508657
0.73749
0.67947429
0.69969338
0.44450304
0.63352722
0.66432863
0.57887304
0.78025407
0.83689988
0.65383977
0.73339742
0.76350749
0.70782691
0.65153277
0.65482253
0.72013974
0.68600583
0.72032279
0.71489531
0.62745959
0.70233512
0.75285202
0.73342389
0.6303094
0.71036941
0.55680639
0.67163718
0.51545769
0.64930391
0.46184844
0.37591001
0.35739988
0.41355199
0.48752171
0.49666223
0.53996515
0.79593635
0.71063823
0.72291028
0.64521664
0.52666163
0.63413697
0.46867335
0.51823992
0.53921759
0.6493482
0.49919116
0.39643678
0.48214692
0.58874536
0.51543635
0.58070761
0.63324445
0.75209051
0.59447956
0.49522889
0.61433804
0.59358251
0.64758044
0.55870104
0.4456057
0.4165231
0.55068672
0.41073516
0.63495928
0.68541074
0.75126541
0.67399389
0.67589909
0.48001313
0.49632916
0.39586598
0.58905482
0.54971963
0.60421818
0.60372019
0.61140877
0.66813821
0.67220789
0.49227285
0.37013841
0.47116026
0.42840695
0.64185309
0.60958189
0.63096976
0.68857121
0.62767744
0.53394771
0.68359643
0.67758811
0.63528585
0.75292128
0.37655333
0.51139396
0.3925992
0.3768416
0.41683009
0.41050833
0.48418704
0.54117054
0.4759708
0.46429497
0.56534857
0.45714185
0.46795797
0.473059
0.40026081
0.49980381
0.48313102
0.5484013
0.64725679
0.51485896
0.62214392
0.53463662
0.30828485
0.4892841
0.53339112
0.7986089
0.79621512
0.79068327
0.82492369
0.83616793
0.77022195
0.80495739
0.73535258
0.7501983
0.73234016
0.75941253
0.70306456
0.70631671
0.73485547
0.7638756
0.8093037
0.75576645
0.60460806
0.73352188
0.78492063
0.6509124
0.79459453
0.73268467
0.83359152
0.79983276
0.85244483
0.74950045
0.7291612
0.6897589
0.69265807
0.704678
0.66782326
0.38638958
0.55068451
0.78277922
0.75070053
0.78729576
0.66135275
0.70558953
0.77344131
0.79489243
0.8555463
0.81903774
0.75534374
0.80521023
0.75532699
0.81022155
0.75485611
0.7989338
0.55838555
0.61881822
0.68437558
0.79806316
0.83092099
0.71711552
0.69576043
0.71140939
0.67697388
0.61196154
0.65409142
0.60801291
0.63914293
0.69162107
0.66642064
0.66800106
0.62916338
0.66364563
0.73463678
0.70558852
0.76596242
0.82028311
0.70190889
0.72847688
0.78821051
0.69247782
0.81010526
0.79465234
0.75149202
0.78385431
0.6707148
0.63171715
0.64074528
0.64215416
0.69237405
0.72549903
0.63756448
0.58495933
0.62423772
0.67221731
0.59415716
0.75646025
0.54226005
0.74093199
0.69224709
0.72303766
""
0.75302434
0.67538673
0.80225945
0.79216015
0.7723859
0.53986615
0.68422812
0.72665089
0.65602601
0.73076457
0.78816122
0.76061821
0.79839158
0.79446226
0.82968736
0.7756567
0.85613322
0.81826425
0.77554727
0.77050549
0.77119017
0.76478899
0.75559133
0.78475422
0.74712658
0.83255488
0.82494992
0.7041049
0.74022591
0.74139631
0.73359066
0.76737297
0.54718059
0.61716682
0.38327798
0.55631721
0.4909026
0.48482317
0.51954073
0.52420795
0.39534372
0.35466737
0.28169402
0.68087023
0.64515907
0.59231257
0.6325652
0.60686237
0.55392557
0.75302655
0.70900744
0.66299993
0.73010832
0.59974277
0.70159346
0.64818007
0.76715726
0.68841141
0.64026171
0.61347842
0.53143144
0.68283373
0.6249966
0.66683728
0.61987054
0.7414242
0.75645101
0.83094025
0.64853448
0.69302553
0.69348353
0.75501943
0.68290389
0.73615259
0.5781768
0.64412773
0.60254425
0.66853666
0.43077761
0.55160463
0.48053846
0.71076626
0.53919894
0.77416974
0.587852
0.62962765
0.56208766
0.4711417
0.50679219
0.56903821
0.28134722
0.44107682
0.34479249
0.43479112
0.55787206
0.61082727
0.53873438
0.47209054
0.59850335
0.47010052
0.46095422
0.6175406
0.61711657
0.51260161
0.57412338
""
0.50418055
0.12016311
""
0.50616717
0.53925002
0.46874025
""
0.5389837
0.53717554
0.73257494
0.60500938
0.70286357
0.66501123
0.681189
0.56722385
0.46016824
0.42500019
0.6181525
0.45160171
0.46756709
0.57311451
0.47685122
0.45174989
0.52530229
0.52607328
0.49900585
0.55678177
0.42020786
0.54738671
0.53129262
0.65603435
0.64294988
0.43148881
0.67308104
0.72611654
0.63863438
0.71122038
0.63921982
0.6421867
0.73004544
0.65155452
0.80114985
0.77407587
0.75651503
0.78678769
0.81750613
0.7926212
0.71275574
0.65872461
0.73777407
0.78356951
0.75379711
0.72664189
0.64185363
0.54093808
0.59750664
0.49759251
0.55157429
0.50095356
0.55677474
0.70314682
0.45059058
0.5788483
0.6736204
0.52886838
0.75228059
0.64072639
0.65770918
0.58346534
0.60647672
0.41654438
0.60248208
0.65236986
0.55304992
0.41588283
0.44716632
0.52748376
0.40351266
0.48272106
0.4463723
0.46647093
0.71735466
0.60655212
0.53325766
0.44258285
0.66994298
0.68820912
0.67869258
0.64500177
0.57452142
0.6899448
0.60172129
0.78402585
0.57708353
0.67058814
0.59928411
0.57676268
0.66036993
0.67652404
0.46776187
0.59618628
0.53343427
0.59797078
0.59561998
0.62960953
0.59121662
""
0.54596555
0.59089917
0.55655611
0.46442398
0.46345216
0.47397029
0.34727201
0.55866319
0.41404042
0.56859601
0.44977009
0.54731423
0.55823714
0.53517479
0.60422593
0.54472214
0.50309372
0.55161703
0.47244978
0.43655992
0.27313006
0.46006763
0.55628502
0.57787544
0.49602595
0.4045074
0.46798983
0.42115808
0.52453893
0.72218621
0.62129766
0.52592206
0.66232109
0.53017193
0.51887351
0.40817228
0.58238113
0.61416912
0.70557046
0.63951558
0.7541275
0.6759572
0.5851987
0.68713969
0.68949383
0.70717484
0.73091555
0.6854046
0.64837223
0.67168599
0.41471696
0.39225456
0.74345338
0.63139778
0.62868154
0.75824022
0.76387233
0.70754248
0.4787986
0.22109377
0.5616625
0.52013284
0.53094721
0.4431456
0.4328917
0.448342
0.47672531
0.47772846
0.42325252
0.29661879
0.52236134
0.54146826
0.56158853
0.45838213
0.48506764
0.47229543
0.48616022
0.44037479
0.39489111
0.51445389
0.54915482
0.70759755
0.62189311
0.55457914
0.60139155
0.64771199
0.57904017
0.68281358
0.56279308
0.52880406
0.57880819
0.59251344
0.36085051
0.32220367
0.63540375
0.52984601
0.46585411
0.47062847
0.51716805
0.45880139
0.57127452
0.61941254
0.73603302
0.63862354
0.6531201
0.51198804
""
0.56441426
0.38736919
0.50405943
0.53697789
0.50061661
0.39158073
0.3797307
0.54065984
0.51724362
0.6001116
0.60596097
0.59902078
0.50829297
0.65164721
0.51719379
0.65929288
0.66820312
0.45204619
0.49799591
0.35880268
0.40392691
0.52176017
0.51027858
0.57345957
0.41442925
0.44729698
0.6068114
0.57726598
0.44155025
0.46604595
0.45306125
0.39699945
0.40046033
0.26371211
0.48979548
0.46795547
0.37022248
0.46588573
0.40691844
0.41013741
0.40353495
0.57677501
0.47992086
0.33074021
0.41783634
0.39735261
0.44947445
0.36317301
0.50293875
0.57323349
0.50373328
0.56268054
0.57333201
0.44091287
0.43760669
0.42898086
0.43606108
0.53730255
0.38430712
0.49342811
0.46064749
0.37931347
0.42190996
0.36555356
0.55505496
0.41993803
0.36037964
0.45637101
0.41038698
0.14366186
0.50107807
0.44226629
0.46474251
0.3274591
0.60704041
0.62187707
0.60410565
0.56645805
0.43483713
0.4988299
0.57776952
0.44767299
0.46084791
0.47382018
0.44903257
0.70025021
0.6353699
0.63795066
0.65941244
0.73090816
0.66459328
0.58214462
0.3820003
0.36829591
0.64720654
0.69289595
0.648449
0.70585847
0.77194905
0.78682989
0.66094494
0.80165762
0.72972798
0.42924184
0.69421834
0.59175611
0.73924351
0.73007685
0.67789251
0.65265739
0.69651669
0.77151793
0.72558826
0.53598142
0.71348035
0.5862211
0.60175049
0.69926733
0.57093418
0.69862604
0.73517245
0.6388731
0.68098885
0.70749551
0.66282487
0.67328119
0.64456218
0.66838658
0.57751507
0.71488988
0.70143282
0.75134134
0.74125636
0.69666612
0.73933095
0.68467033
0.67741573
0.68674815
0.72651273
0.76173109
0.85160536
0.61541528
0.73789805
0.75614214
0.68667811
0.69772536
0.69201487
0.60027921
0.72533035
0.69307446
0.74400771
0.94482046
0.76981497
0.73673636
0.73739338
0.71524918
0.75809437
0.73801416
0.78953254
0.62725103
0.70689017
0.71893269
0.76841974
0.84223163
0.59591448
0.59236866
0.64550972
0.69807976
0.65180224
0.62549758
0.59526211
0.56605786
0.68709964
0.68785733
0.65477997
0.57277602
0.53145874
0.58581632
0.48153892
0.57733774
0.76783484
0.56623298
0.56927729
0.54464269
0.74199384
0.71615905
0.62905282
0.70474833
0.6414609
0.53927153
0.44000164
0.61214763
0.54278648
0.66387099
0.88542163
0.89828193
0.51306432
0.83723867
0.69333577
0.65366161
0.63684136
0.59224117
0.69899768
0.69359952
0.6371485
0.75734806
0.71102357
0.69588059
0.67151439
0.86195976
0.75825578
0.66449058
0.65368414
0.58445102
0.62586081
0.7709502
0.68520766
0.66479075
0.64212781
0.76942629
0.66800708
""
""
""
0.37313604
0.73222375
0.5029645
0.64066178
0.30733225
0.56043607
0.57453799
0.55810529
0.6109488
0.64645553
0.53342688
0.58950675
0.4568916
0.21256484
0.4578273
0.61796039
0.55383885
0.56403673
0.56961185
0.41566035
0.56323785
0.60470659
0.37058991
0.60210872
0.63348264
0.58766347
0.47948346
0.50479567
0.57717967
0.32720718
0.57394117
0.6972245
0.62848818
0.33767861
0.46122772
0.37064064
0.45407736
0.419081
0.5108276
0.55650574
0.55813617
0.48624665
0.6549328
0.46129751
0.44664186
0.44805887
0.55464578
0.39109841
0.62760437
0.58049148
0.50033957
0.39853972
0.50445902
0.4957037
0.43909636
0.57291919
0.50019145
0.33691582
0.22994114
0.61635458
0.736
0.6385569
0.62559193
0.70437735
0.63563049
0.8084693
0.69760668
0.32905275
0.36143175
0.56068951
0.66175544
0.43825483
0.51364428
0.57512957
0.59607726
0.59641945
0.5242995
0.56950706
0.50755322
0.5953877
0.6407699
0.57443219
0.52947295
0.56011915
0.37418759
0.42260531
0.36498004
0.47354519
0.45915383
0.54240733
0.52433646
0.47176328
0.63870722
0.44164163
0.31638089
0.36028868
0.6779089
0.68104911
0.49004564
0.57801187
0.60466903
0.42895269
0.49048024
0.50823909
0.4409233
0.46795613
0.55243123
0.38306892
0.37899697
0.59395576
0.51102889
0.42688331
0.57378381
0.54158908
0.41474131
0.30717441
0.41358596
0.51607156
0.43874195
0.46751475
0.54220325
0.5595203
0.63774598
0.63180155
0.59486407
0.64091223
0.51615185
0.53643596
0.46804076
0.59617758
0.43350774
0.58595276
0.48299474
0.41856474
0.40266174
0.50544047
0.41578466
0.49956182
0.560844
0.49648595
0.46159074
0.48618844
0.47031346
0.53456718
0.43687597
0.52887124
0.4589791
0.41032168
0.47465861
0.46769944
0.43624744
0.49459893
0.51936382
0.37364668
0.54161835
0.53952092
0.37189311
0.48583388
0.55744165
0.58387506
0.64569104
0.58865881
0.54849237
0.50847626
0.59690678
0.5004198
0.48699722
0.49951896
0.34185094
0.5092904
0.50853288
0.36643866
0.73900026
0.67978346
0.81359506
0.75595397
""
""
""
0.75634658
0.54759735
0.78901541
0.65838736
0.66769344
0.80734122
0.69812036
0.65454
0.52359211
0.69013208
0.76174116
0.61181509
0.73519737
0.63751185
0.71736038
0.73306233
0.79087287
0.6850965
0.78736472
0.74443173
0.59916288
0.65931231
0.83747184
0.74479091
0.70976299
0.74550939
0.59682262
0.78533924
0.70144582
0.78408557
0.74790084
0.71918356
0.72570908
0.76698804
0.75229764
0.74117404
0.63747442
0.77567559
0.7219522
0.69504315
0.66227877
0.7002368
0.82852799
0.60818565
0.70352179
0.70852476
0.72699004
0.65676403
0.63179576
0.58309788
0.65360165
0.6221469
0.67692113
0.51555049
0.58010668
0.35386831
0.72738761
0.59020805
0.61903983
""
0.71998233
0.66717476
0.75780588
0.75454122
0.70830756
0.80467159
0.61708224
0.77971345
0.7080434
0.78608406
0.75431263
0.76238167
0.74050444
0.73263109
0.72576487
0.65233767
0.67583555
0.59443176
0.60936195
0.67999607
0.67953652
0.70372128
0.80824053
0.68205798
0.67775697
0.65900898
0.60762489
0.69984007
0.7570771
0.70824951
0.70775074
0.75861567
0.69334543
0.56909972
0.67333478
0.48322892
0.656551
0.63353795
0.65007728
0.59621096
0.70318693
0.56910342
0.58788472
0.44169986
0.67640835
0.61556458
0.56741619
0.60022908
0.62454873
0.66855538
0.72097456
0.59757549
0.72614199
0.76620436
0.64252841
0.51716137
0.55660635
0.28552997
0.33937994
0.29908279
0.39897364
0.45309001
0.68076289
0.66324836
0.80180746
0.72284263
0.75158668
0.76158905
0.70045543
0.68044311
0.8073312
0.71803224
0.67956495
0.6519171
0.72469872
0.52894336
0.62320483
0.55233914
0.62046957
0.59250391
0.60179961
0.62626708
0.5718869
0.56104034
0.68547851
0.66930079
0.57363409
0.68882585
0.73723978
0.65076762
0.6425004
0.67022759
0.67888021
0.66013151
0.77023292
0.67460763
0.452869
0.5891977
0.61766803
0.60992771
0.6412068
0.67036802
0.59395564
0.60814899
0.74654704
0.32107764
0.29079384
0.46954635
0.41262937
0.29056042
0.40929386
0.45021459
0.43485913
0.19322981
0.27802753
0.38893503
0.68536711
0.73310149
0.62561387
0.68191504
0.63088542
0.55754048
0.3973996
0.4797782
0.44659981
0.61005861
0.62617844
0.337879
0.46926284
0.48047969
0.41209877
0.48737669
0.56011254
0.49175149
0.53790778
0.55510914
0.49086958
""
""
""
""
""
0.88307869
0.86462271
""
""
""
""
""
""
0.84350932
0.75225312
0.74520504
0.79636854
""
0.70177847
0.81456834
0.74952924
0.80998772
0.76340717
0.82105953
0.9003368
""
""
0.78836429
0.85528523
0.75222832
""
0.72750354
0.75392157
0.82273018
0.77134752
0.78146827
0.79849857
0.76024395
""
0.79668975
0.6257683
0.81317323
0.78759503
0.74128085
0.77971423
0.82981199
0.67415524
0.70789218
0.66764641
0.79767394
0.69596279
0.74571574
0.67179179
0.64080298
0.82827973
0.78269571
0.73852348
0.67813981
0.73120719
0.58444107
0.72776026
0.78216922
0.7158407
0.88530493
0.65304875
0.8551209
0.76339787
0.67320627
0.6693145
0.71438962
0.69417447
0.62777799
0.73009098
0.68509364
0.39582959
0.78445977
0.78470516
0.7422182
0.73170233
0.65532213
0.76957244
0.76820028
0.7704699
0.7566911
0.67536432
0.67704046
0.7146585
0.74198866
0.76636612
0.75399697
0.64971864
0.7336359
0.71932626
0.68313313
0.72351575
0.74829733
0.72150159
0.71375847
0.73085278
0.66473246
0.7373718
0.73890126
0.67431539
0.61842018
0.74802053
0.65229577
0.6897583
0.65762222
0.70357567
0.62457919
0.65210176
0.8032673
0.84305006
0.80406404
0.79066706
0.71110702
0.78730071
0.81138265
0.83142513
0.85287845
0.81946701
0.81967646
0.7989772
0.79142702
0.8176803
0.81649691
0.84311259
0.88088304
0.79993016
0.79854083
0.86171299
0.8332082
""
0.75615603
0.77735025
0.70291644
0.75499868
0.74202609
0.75698954
0.84015709
0.70497751
0.72735983
0.68004304
0.69093108
0.66130298
0.69816363
0.77807689
0.82853073
0.7393021
0.7756694
0.76107168
0.765962
""
0.4874199
0.6629895
0.59166843
0.54999298
0.63421917
0.65503645
0.74745214
0.66305941
0.73889267
0.73541105
0.73711938
0.64840102
0.67321253
0.53394848
0.73849481
0.75620747
0.66616249
0.65124315
0.67568403
0.64609456
0.83333713
0.69214672
0.83141792
0.8287937
0.74781418
0.78267723
0.77858788
0.76814073
0.85696614
0.82279199
0.82809263
0.85950637
0.8387562
0.74638444
0.81914634
0.80638874
0.78514022
0.80455583
0.76686984
0.80401117
0.68477482
0.6824916
0.64010954
0.85611373
0.75252032
0.65474081
0.62487268
0.63283128
0.65734881
0.64328808
0.71080172
0.65194154
0.4596253
0.61820036
0.55122399
0.65953124
0.60421586
0.86746836
0.83723438
0.89283884
0.80944711
0.89935642
0.88449746
0.88792527
0.76305008
0.86758667
0.83905411
0.88287771
0.86836207
0.83839995
0.88234097
0.86241812
0.85929841
0.77260423
0.88351578
0.85836452
0.81020707
0.82132351
0.88287389
0.8233819
0.76116222
0.79731667
0.67482221
0.73617333
0.61085367
0.6734851
0.63575882
0.7513538
0.85582989
0.74683267
0.84462905
0.75434572
0.73403883
0.81221473
0.79936254
0.63814247
0.67370021
0.69283319
0.65656978
0.77880347
0.58522373
0.63672733
0.63759238
0.71109623
0.5519979
0.5747658
0.64285553
0.75327337
0.63193649
0.75032544
0.69904464
0.79358596
0.73490953
0.41732281
0.60689932
0.45553213
0.44275922
""
0.77882129
0.74589449
0.70623612
0.81901175
0.69308501
0.76236337
0.76804894
0.78491569
0.71032447
0.7070722
0.63092542
0.74769998
0.6728667
0.75327736
0.81626797
0.73170877
0.60681921
0.62893188
0.53474629
0.78326303
0.66428787
0.55192387
0.73064172
0.68986869
0.49370191
0.81606108
0.82990718
0.72400898
0.75418013
0.695373
0.70550561
0.54211545
0.67352712
0.64137405
0.70132291
0.63172024
0.69713908
0.73350477
0.65348405
0.72869653
0.74651831
0.77985758
0.56800103
0.72473258
0.74146497
0.60461897
0.74662232
0.75046873
0.7198891
0.74896801
0.77779633
0.71151811
0.70411241
0.81618118
0.74150532
0.80688816
0.88614881
0.69735086
0.67254102
0.71098202
0.87914312
0.76316297
0.66520083
0.55163532
0.56515682
""
0.57368833
0.80737758
0.72983998
0.70943666
0.77126592
0.75819063
0.79944617
0.72656262
0.78945869
0.70855272
0.67293656
0.75762796
0.69277698
0.69782192
0.58099115
0.53877717
0.55441529
0.59671474
0.66991162
0.73994786
0.58622992
0.67858368
0.73944294
0.74390465
0.78813416
0.64404184
0.81110853
0.79213721
0.71917087
0.70196748
0.66166872
0.7236414
0.68131924
0.66456211
0.62434071
0.64160609
0.72524101
0.72828996
0.75359207
0.78029376
0.70946205
0.79552168
0.69775879
0.57713485
0.76001346
0.65052229
0.76511407
0.71745086
0.70470667
0.72573221
0.52489215
0.68207312
""
0.51509494
0.14773889
0.82301801
0.75165802
0.74927127
0.59863842
0.50449979
0.84557873
0.68121004
0.70930171
0.63954455
0.68843144
0.68474913
0.60272199
0.70889592
0.65184641
0.60718995
0.56250638
0.756347
0.75548917
0.64314139
0.70534414
0.65095568
0.6877377
0.47494775
0.9188956
0.71466535
0.78525943
0.68734252
0.6233533
0.71809131
0.8457942
0.72118247
0.74501216
0.71478939
0.8505435
0.66753376
0.66766584
0.73157614
0.72581935
0.71432841
0.82630628
0.74307185
0.81124896
0.74573487
0.56039786
0.66502839
0.74802816
0.77493405
0.61606336
0.67278618
0.68100047
0.65615928
0.8371104
0.76957363
0.76833391
0.79085761
0.54776293
0.63284409
0.65555412
0.64998966
0.67939788
0.5958097
0.66249233
0.6981715
0.55404848
0.79056299
0.74639523
0.73888767
0.67974681
0.74915344
0.78567165
0.74194998
0.80469674
0.65198725
0.70905995
0.53985041
0.57307255
0.6509214
0.73463023
0.72154105
0.72696882
0.68681747
0.77816504
0.60034925
0.65512085
0.70767206
0.73168433
0.78664577
0.69480222
0.48492667
0.48157215
0.48971531
0.52535689
0.58896726
0.54479808
0.58169848
0.60390401
0.69793856
0.61532432
0.66951793
0.6297428
0.52936864
0.50420088
0.53635007
0.59439296
0.54169589
0.69249815
0.7202912
0.72440612
""
0.74816108
0.6181277
0.64434391
0.31608322
0.49309698
0.6448648
0.52349526
0.4284043
0.54369271
0.72949332
0.48955166
0.76058483
0.80237854
0.81613594
0.79919201
0.85130191
0.66071975
0.50794894
0.70089203
0.67574012
0.731646
0.66893679
0.79637873
0.73277527
0.71585709
0.64434236
0.59004223
0.72533685
0.65040016
0.73576689
0.70727295
0.7351923
0.71092373
0.78900319
0.81352139
0.71986765
0.81949937
0.60040462
0.68905342
0.72681069
0.64574844
0.67930031
0.68894339
0.70935792
0.71100175
0.65440309
0.74564105
0.75862479
0.61507356
0.76076216
0.85790819
0.83336055
0.69413131
0.90946269
0.95582253
0.8684839
0.64302307
""
""
""
""
""
""
""
""
""
""
""
0.92023379
0.90988946
0.8494795
0.83677751
0.86261642
""
0.94186604
0.87594265
0.82676232
0.87273633
0.87636989
0.82018173
0.86043823
0.85068762
0.8504774
0.87611115
0.85440844
0.83603388
0.62810367
""
0.72881252
0.66151643
0.70915085
0.84879416
0.77121872
0.80115819
0.85966522
0.80764443
0.73457021
0.73734438
0.7981106
0.89960676
0.87583005
0.85752881
0.85236371
0.63901144
0.60938072
0.74362969
0.80550361
0.90441054
0.72282052
0.72561294
0.78933847
0.80953676
0.73327166
0.70184261
0.75208431
0.71522897
0.70977956
0.55532217
0.77941775
0.79846346
0.80606562
0.80197811
0.80761451
0.84175402
0.83344275
0.78089374
0.73555338
0.74004644
0.68381399
0.70580035
0.66849339
0.80295521
0.69363385
0.69841266
0.70576519
0.64101905
0.71752459
0.77189749
0.71870404
0.74422204
0.78191268
0.65953398
0.59465593
0.64786589
0.92814392
0.59023684
0.79067546
0.63877541
0.77817935
0.80881917
0.73931235
0.6431669
0.66831201
0.70482576
0.72108543
0.71108532
0.68356067
0.68449748
0.72294956
0.6466583
0.60964608
0.78235269
0.81124979
0.81343943
0.83569247
0.82799602
0.75788707
0.75817335
0.74027288
0.85116041
0.80885106
0.88263148
0.76521444
0.80887967
0.87442851
0.70118147
0.7737022
0.80388016
0.81421924
0.86685091
0.85224241
0.86438358
0.86345202
0.86067516
0.77939492
0.80325878
0.83413994
0.82711065
0.76847559
0.81746298
0.78812522
0.74795473
0.81066787
0.79871869
0.88698757
0.73146218
0.87295216
0.79954082
0.79775453
0.85441792
0.73497087
0.86067075
0.75104946
0.85033804
0.87433445
0.77389783
0.87015569
0.885607
0.89606792
0.83755606
0.76415998
0.85037911
0.86784995
0.86035389
0.87780279
0.81696206
0.83105677
0.81301111
0.85724312
0.83579957
0.86626428
0.8509813
0.79848492
0.89494985
0.81480807
0.81737423
0.90580022
0.84274769
0.79898787
0.8709538
0.8850556
0.82889438
0.87881798
0.79018766
0.85397744
0.818609
0.82729
0.90370822
0.91448587
0.8076942
0.91970325
0.94334316
0.70518261
0.82823884
0.73284227
0.7479803
0.75701827
0.7692185
0.62252641
0.83257675
0.70291227
0.70692462
0.68954819
0.63354307
0.72215688
0.66390473
0.63805401
0.64407593
0.66456044
0.81253415
0.85538173
0.80736154
0.8231293
0.89123684
0.84593683
0.89611256
0.85532075
0.77393508
0.82947224
0.83492494
0.84068674
0.81115139
0.85957539
0.88656694
0.86325026
0.74808687
0.73764414
0.8237198
0.82783937
0.85213494
0.83697027
0.79765803
0.78074366
0.73514968
0.84315443
0.85355037
0.87753689
0.75313586
0.84617758
0.63144648
0.82621294
0.81482637
0.81673181
0.84054035
0.85618311
0.91590685
0.85521263
0.86123139
0.79551846
0.85277665
0.56098634
0.77245575
0.67467564
0.49333221
0.74046385
0.70491141
0.8687765
0.68950045
0.72212678
0.75270057
0.74832785
0.65981966
0.74699092
0.66108066
0.62850887
0.6299262
0.68134367
0.78426212
0.78561497
0.75265682
0.691791
0.64291096
0.65667039
0.76660907
0.78077143
0.69352543
0.74015415
0.71708214
0.73666447
0.75810677
0.62933499
0.67796832
0.78189987
0.74359536
0.77596611
0.63468075
0.41343126
0.55733258
0.70827866
0.56026405
0.79964995
0.52948874
0.61716819
0.73900062
0.5944007
0.69574612
0.71585798
0.72508699
0.55249375
0.59874737
0.72366023
0.67241955
0.72048855
0.65173084
0.67488348
0.73192561
0.6569742
0.73162967
""
0.67730904
0.68226653
0.76133066
0.64428669
0.7431801
0.70870197
0.57350123
0.71782911
0.58057576
0.58478469
0.67176962
0.60439557
0.62057626
0.73986059
0.61873281
0.60926795
0.57575053
0.46392509
0.60278362
0.7431792
0.56180221
0.66914749
0.53835702
0.56381649
0.62491125
0.73506463
0.69226164
0.74064457
1.0500189
0.81775552
0.80247772
0.79897922
0.7073257
0.7786445
0.76493448
0.61915147
0.63446301
0.6977703
0.67693603
0.64830685
0.57489276
0.5692609
0.52282917
0.70275968
0.67117918
0.68594652
0.75752711
0.6954838
0.74453443
0.71484625
0.62732309
0.61787242
0.68116289
0.62695748
0.72350866
0.72855866
0.84091616
0.73765463
0.72620833
0.81988549
0.75719613
0.74701846
0.5555613
0.64642417
0.68866074
0.67592436
0.65395558
0.65526474
0.69451344
0.61012703
0.67737597
0.57041967
0.57796293
0.54055798
0.5188188
0.60745835
0.63821268
0.49822241
0.49416018
0.73923773
0.70413321
0.67435658
0.69677866
0.72034758
""
0.55856341
0.70256752
0.66749418
0.72797799
0.6923489
0.63594633
0.5496158
0.71367943
0.73893559
0.72326016
0.79334855
0.78917795
0.73787081
0.70316154
0.77644676
0.6796723
0.65373325
0.72062552
0.69152695
0.77251387
0.59919161
0.4972724
0.71984476
0.54278415
0.73330986
0.93439889
0.6822803
0.75778288
0.67599308
0.66318452
0.66658211
0.73795027
0.66935551
0.72730565
0.7694211
0.71651053
0.76897073
0.70945925
0.64999866
0.6812855
0.69629073
0.75652939
0.74955451
0.81680822
0.80692476
0.79864961
0.77857375
0.76162201
0.82616842
0.71853119
0.7756114
0.75319725
0.75386441
0.72063756
0.67663074
0.76997757
0.74090785
0.78999275
0.82984853
0.79375952
0.82357132
0.77216035
0.700252
0.740601
0.79042065
0.73407322
0.6538434
0.78908771
0.6697154
0.50882721
0.54946893
0.81836522
0.80036414
0.84617579
0.81063098
0.71294904
0.7249279
0.69280875
0.72729301
0.64011234
0.69346619
0.65781021
0.71680242
0.62287867
0.6058532
0.71483856
0.6854654
0.85143316
0.71960741
0.71254277
0.71928549
0.65702528
0.77703792
0.71583575
0.71341169
0.53789335
0.67037296
0.53043741
0.6308217
0.62712389
0.80253911
0.72124076
0.7447291
0.72556657
0.76169002
0.73670942
0.71979672
0.63805455
0.69536543
0.63880408
0.69125456
0.68501532
0.68150264
0.74419177
0.68959683
0.62571049
0.65936995
0.59637052
0.83309507
0.78650248
0.69278127
0.88438511
0.61033881
0.53896326
0.65641481
0.68383592
0.7620737
0.68908089
0.71061432
0.71204835
0.68008184
0.71125865
0.72783315
0.78313231
0.76777351
0.82021111
0.84009004
0.96202427
0.88545859
0.75019574
0.86774051
0.88006639
0.76146501
0.7542721
0.76410681
0.77668041
0.71928084
0.75379294
0.82366127
0.82908863
0.74614137
0.84051424
0.70520115
0.81841421
0.85671818
0.7453239
0.74110711
0.72887105
0.79542518
0.81475455
0.88934416
0.8498953
0.72800642
0.610578
0.60111219
0.57295364
0.60943335
0.63299924
0.70246565
0.64168984
0.70275277
0.6310674
0.6052379
0.59896916
0.68738335
0.6645751
0.79121453
0.76092768
0.69168901
0.68257099
0.63183099
0.76463401
0.74735236
""
0.66848207
0.64717144
0.53275925
0.60031664
0.60760349
0.62384206
0.53327459
0.57981461
0.70525748
0.71392959
0.66414648
0.72480869
0.75168377
0.56441581
0.7440837
0.71832716
0.74571848
0.77934235
0.78310114
0.71542406
0.75952274
0.71051246
0.65135479
0.62351573
0.72001415
0.69913465
0.70324272
0.76399702
0.78263211
0.78567076
0.76752597
0.77722704
0.63587815
0.70529294
0.7211498
0.73641121
0.77310908
0.67688626
0.81493652
0.78669298
0.56866401
0.56751347
0.77027804
0.81790268
0.63586175
0.72484547
0.72367144
0.68900466
0.72580338
0.77975178
0.77452856
0.7808454
0.74612135
0.79295039
0.86080563
0.78914732
0.80537224
0.77131039
0.63303167
0.72192019
0.81961954
0.8146621
0.81087506
0.62726527
0.70867676
0.69768006
0.75637966
0.75453162
0.87689799
0.91297555
0.78130913
0.8289625
0.74527931
0.86753356
0.81358337
0.76116061
0.83598179
0.83749449
0.82616502
0.67878461
0.77677989
0.78722644
0.71940392
0.59379613
0.73103899
0.69619948
0.7767067
0.72285467
0.77536392
0.85076421
0.78429943
0.75944275
0.71589708
0.6194489
0.72787029
0.66343188
0.70035434
0.70242804
0.63344938
0.61113691
0.57209867
0.72950882
0.83720148
0.56338668
0.8985312
0.69142407
0.74048036
0.66137183
0.5829922
0.69171351
0.72908723
0.72264719
0.73471498
0.6931867
0.69353127
0.66020942
0.67554069
0.63961262
0.47690833
0.71984738
0.81313097
0.72086149
0.70421636
0.71644807
0.76426709
0.70473313
0.7188679
0.67814213
0.70114022
0.64031816
0.741395
""
""
0.64121926
0.71762836
0.61065483
0.56712538
0.64723587
0.62469149
0.53928578
0.68152356
""
""
""
0.70516437
0.64282715
0.8238225
0.7180652
0.8232801
0.62631661
0.63890684
0.60210663
0.623757
0.63600886
0.47568855
0.90191138
""
0.73970872
""
""
0.68900025
0.62589383
0.59900641
0.74698907
0.60277838
0.47587672
0.6296047
0.72598892
0.71842265
0.72181016
0.71759099
0.63195914
0.73879623
0.64628893
0.71455991
0.74895823
0.64233226
0.59938049
0.68411654
0.57357365
0.66524667
0.70211101
0.84575766
""
0.66405201
0.63313723
0.78373879
0.77465838
0.45432216
""
0.70534092
0.70426959
0.67951286
""
0.62331444
""
""
""
0.56093246
0.71710867
0.72117853
0.74826372
0.69845492
0.75595933
0.66461265
0.74623662
0.70233017
0.70193833
0.82001907
""
0.69215804
0.79306126
0.7594797
0.69441587
0.77231002
0.63928252
0.81104904
0.84480047
0.79769814
0.77431703
0.77309597
0.75033253
0.77002144
0.78402704
0.77963614
0.81781
0.82443833
0.66630399
0.68384409
0.74068451
0.66313916
0.83211577
0.7678315
0.74242806
0.73650283
0.691688
0.76160544
0.75319177
0.63783079
""
0.76250279
0.80015343
0.54374748
0.50386173
0.74990422
0.66759372
0.6126554
0.72376758
0.63643044
0.61917722
0.59812194
0.52185994
0.60065198
0.56333387
0.72520304
0.78982204
0.64000577
0.66914099
0.75659454
0.57031387
0.74579751
0.76444936
""
0.7670635
""
0.6675505
0.71600801
0.76914245
""
0.6416713
0.55126959
""
""
0.59683406
0.53189719
""
0.61568993
0.72623658
0.67775357
0.72116172
0.73905373
""
0.68471259
0.48455188
0.64784425
0.61893016
0.71861273
0.48230362
0.61896837
""
""
""
""
0.72444391
0.73040169
""
0.84878176
0.72590423
0.64322925
0.77557242
0.74057704
0.74587142
0.72269326
0.73250413
0.73010296
0.67103249
0.77322918
0.71922624
0.66166162
0.67644697
0.70690268
0.66271681
0.63008147
0.67432636
0.63336319
0.68438697
0.60521621
0.62070274
0.62409073
0.75550407
0.66445839
0.67051595
0.61319911
0.71240073
0.61833268
0.67551893
0.61586517
0.71958953
0.85417926
0.80801916
0.69936144
0.78572363
0.83620161
0.80081666
0.80644435
0.73784065
0.71182477
0.76930183
0.72616035
0.6640659
0.65429223
0.72412509
0.69104022
0.73011386
0.71580338
0.69689816
0.82142663
0.58744872
0.62741804
0.51434726
0.63114792
0.65987593
0.14877051
""
0.30917647
0.50111544
""
0.83274639
0.75602651
0.86473328
0.8521933
0.77665192
0.75664842
0.65706402
0.82238579
0.76970315
0.67271584
0.77254868
0.75010359
0.7821911
0.71996838
0.64635044
0.67574251
0.73015618
0.74156719
0.70954382
0.75785255
0.7110495
0.6497106
0.76042449
0.72654337
0.76205814
0.83645302
0.84322029
0.82030898
0.85745138
0.81679308
0.75647908
0.76520216
""
0.88765991
0.74278939
0.82588959
0.80554718
0.83126038
0.82703644
0.80078745
0.84442669
0.85391808
0.79786849
0.85337323
0.89822173
0.69722801
0.64442503
0.61355799
0.7425679
0.62420487
0.700234
0.75711697
0.81785953
0.70898157
0.54640633
0.71866977
0.70148897
0.6733281
0.64182889
0.67951423
0.74637336
""
0.73444873
0.73390245
0.78048801
0.62104005
0.6205976
0.62887043
0.68357944
0.75454128
0.71990478
0.71946371
0.69113559
0.64552701
0.80980301
0.8244276
0.81751746
0.78609383
0.80556786
0.67265922
0.73776281
0.78826821
0.76653481
0.67785579
0.70365524
0.65619969
0.72666752
0.7824021
0.75613022
0.92611456
0.7715463
0.62759531
0.73763847
0.57708377
0.75874633
0.70954901
0.78057069
0.64665616
0.72829515
0.82375056
0.76210344
0.78700721
0.72333884
0.73262364
0.80234522
0.72949338
0.83911282
0.84225148
0.74136996
""
0.62927872
0.71441609
0.77189708
0.78749627
0.7443136
0.79848778
0.74162912
0.81798559
0.74952716
0.72493434
0.70585179
0.73862416
0.90034521
""
0.68226248
0.74582922
0.59486997
0.70642149
0.66583949
0.66360623
0.6779483
0.73481703
0.62582141
0.74844289
0.70034164
0.63876754
0.75841939
0.7903288
0.72095293
1.0176357
0.8312971
0.67928195
0.80171245
0.8201769
""
0.80858994
0.71566588
0.82166356
0.67333543
0.73051518
0.70160186
""
0.78959489
0.7840187
0.71973455
0.72717237
""
0.74067962
0.51408142
0.66973406
0.8223775
0.63332993
0.72874612
0.72521031
0.77828586
0.73728383
0.71326846
0.71881485
0.72300571
0.70193559
0.82181871
0.78979886
0.76684654
0.68725419
0.73422462
""
0.77339077
0.80007154
0.78470528
0.71395391
0.68603599
0.66584122
0.6354174
0.69730049
0.93153346
0.80972701
0.78407109
0.79988509
0.69511312
0.83924598
""
""
0.82546532
0.72144049
0.81892443
0.77131128
0.81453085
0.73047125
0.68421876
0.7495935
0.63413739
0.70936078
0.70535153
0.67161351
0.6616708
0.79528207
0.7562654
0.82120913
0.57706559
0.6871869
0.67017728
0.62171489
0.70000809
0.80428171
0.79504353
0.77046299
0.78112203
0.8245393
0.81539416
0.79758555
0.82404989
0.76509166
0.85045028
0.80953252
0.54088867
""
0.78435928
0.56059426
0.66365284
0.80030364
0.75752848
0.7177552
0.7695899
0.82094866
0.79793108
0.7811417
0.70068991
0.76096565
0.79007179
0.84171236
0.70199353
0.81822813
0.85155994
0.8066535
0.83433324
0.757258
0.71994191
0.73094898
0.54121971
0.68617058
0.64457899
0.76142913
0.50438023
0.55342174
""
0.39290079
0.43986356
0.51131445
0.59459478
0.52269423
0.71902555
0.47713888
0.8495667
0.82656157
0.88173527
0.8207984
0.78560621
0.83420277
0.76979065
0.79912132
0.79752976
0.7439031
0.78212571
0.85477066
0.81742758
0.7550838
0.81746209
0.80516845
0.81048977
0.46830535
0.45149934
""
""
0.48579735
0.66569394
0.62217301
0.69044125
0.68067634
0.6624772
0.69413745
0.79219931
0.71256572
0.56267959
0.72556633
0.692563
0.53082538
0.5257383
0.5504238
0.46927869
0.68652964
0.54108769
0.71794587
""
""
""
""
""
""
0.44516391
0.47646007
0.64487851
0.48797306
""
0.24176747
0.6335994
0.73166537
0.54803449
0.57112437
0.44894278
""
""
""
""
""
""
""
0.58649975
0.77291232
""
""
""
""
""
""
""
0.46209443
0.88485944
0.5829851
0.67088103
0.66899914
0.62671149
""
0.78609043
""
""
0.66469425
""
0.75582761
""
0.75821608
0.83160645
0.6870237
0.8979851
0.95809931
0.67346686
""
""
""
0.56153286
""
""
""
""
""
0.83843035
0.65638226
0.68757892
""
0.683155
0.64743799
0.66976768
""
""
""
""
""
0.67005867
0.52125841
0.75548846
0.73434538
""
""
""
""
""
""
0.83054984
""
""
""
0.86366713
""
""
""
0.66155124
""
""
0.72122127
0.70079589
0.71590948
0.7293734
0.74049014
0.88860917
0.60584462
""
""
0.79276675
0.594787
""
""
""
""
""
""
0.49745998
""
0.75951701
0.41576827
""
""
0.5397135
""
""
""
""
0.53429037
0.87416887
""
""
0.81769335
""
0.67597878
""
0.36420149
""
""
""
0.63705426
0.48400986
0.49621606
""
0.58103698
0.80084807
0.61506397
0.48710728
0.64254761
0.62149495
0.45110908
0.5146699
0.45116186
0.60261881
0.57940722
0.72251183
0.77362138
0.59030914
0.60937655
0.71860641
""
""
""
""
0.59223223
0.48048076
0.60641617
0.50955606
""
""
""
0.76299316
""
""
""
""
0.55309737
""
""
0.48693642
0.58544457
0.45633128
0.55047071
0.60177088
""
""
""
""
0.60617244
0.68428051
0.63275325
0.63956571
0.67215753
0.65398943
0.6275056
0.69215906
0.6083656
0.65706098
0.67176896
0.66263211
0.71971393
0.7023325
0.69977391
0.56865263
0.68701923
0.53038436
0.66690439
0.67930335
0.69973153
0.74463636
0.72805154
0.76073581
0.70046484
""
0.30153438
0.008676609
0.81730676
0.72844189
""
0.83884066
0.7077378
0.58514887
0.63224167
0.7174741
0.51203138
0.51145542
0.52233398
0.83259416
0.67151535
0.80733377
0.88183677
0.65779144
0.88819647
0.73733693
0.66378528
0.59673935
0.61526221
0.76316601
0.74352974
0.74426109
0.58816421
0.60556114
0.59451461
0.62090224
""
0.48132014
0.63818252
0.52034169
0.54804546
0.65661663
0.60436237
0.5600642
0.65739524
""
""
""
0.74504304
0.69616437
0.63038212
0.66659254
0.74687397
0.7106753
0.70183337
0.61229676
0.74695385
""
0.83120471
0.80040878
0.57755351
0.79556531
0.71977782
0.72659892
0.64624345
0.73713863
0.65813184
0.56566185
0.83350837
0.57025039
0.65233481
0.51891208
0.52857679
0.78752404
0.74122363
0.75848401
0.70944947
0.74081129
0.73039943
0.69542253
0.72033572
0.70370311
0.73506367
0.67828393
0.75680619
0.70078689
0.68427485
0.74958831
0.71806633
0.70550054
0.69651562
0.80765438
0.89252245
0.74124211
0.75210518
0.70193821
0.70660913
0.73878479
0.79029679
0.63092124
0.84137583
0.63519949
0.7329523
""
0.7253387
0.83517659
0.67183113
0.79969597
0.60887164
0.45223281
""
0.68306214
0.71692222
0.56718665
0.6282981
0.65261871
0.63140339
0.7007218
0.71551079
0.72027242
0.64296198
0.73660272
0.61849624
0.4945713
0.75186861
0.89393431
0.79259127
0.72833204
0.80298406
0.80592763
0.82754695
0.71257728
0.74731487
0.71821135
0.70832032
0.83320516
0.82362604
0.72016108
0.69118279
0.73571283
0.73607701
0.83101851
0.79859275
0.86684483
0.81388199
0.8090899
0.88385475
0.82879996
0.84442878
0.76032329
0.78660524
0.85118335
0.89863676
0.59637386
0.70768636
0.54966545
0.63854086
0.67388844
0.64941227
0.63412398
0.54384911
0.70285702
0.577537
0.56346059
0.43645337
""
0.51422316
0.57361966
0.45473596
0.60958993
0.72602439
0.7798959
0.69687533
0.71207142
0.6976034
0.62788188
0.57197934
0.70694119
0.59931099
0.62401819
0.71951455
0.53740036
0.6372329
0.71042067
0.68287128
0.6316238
0.68610924
0.62817901
0.65226972
0.50566834
0.57969469
0.60655648
0.69153041
0.61359847
0.69946045
0.69950199
0.67361057
0.55933911
0.69753999
0.71333015
0.70668203
0.68056238
0.68695754
0.64809257
0.71499729
0.72794706
0.54954177
0.65227664
0.65745604
0.66923171
0.64209563
0.66233367
0.71860939
0.74598813
0.82616532
0.76181477
0.73930562
0.77060723
0.77538568
0.80646628
0.80151957
0.76885492
0.75861752
0.7903977
0.58858889
0.64947951
0.62984908
0.67163891
0.77922624
0.72477567
0.73075753
0.75328416
0.42232093
0.52269357
""
0.77628028
0.77116191
0.78632933
0.78243095
0.8164162
0.74093252
0.77638584
0.74829143
0.81167668
0.79428941
0.79621071
0.71668136
0.78720158
0.91140085
0.80881286
0.87236792
0.8570714
0.80226862
0.69452298
0.84915119
0.70610434
0.7525323
0.70723963
0.60215127
0.7307328
0.73267543
0.679362
0.85804814
0.75845712
0.86789662
0.85065311
0.81107485
0.8103447
0.79028445
0.88155526
0.8238439
0.84539336
0.83113122
0.87086421
0.6505661
0.61913055
0.72142273
0.55269587
0.52331936
0.53047031
""
0.49297479
0.4111357
0.44046035
0.77406305
0.71973801
0.67354238
0.73751217
0.79744041
0.79032266
0.73117763
0.70905721
0.72988814
0.70404661
0.47875187
0.69085467
0.75929177
0.64814174
0.62384516
0.54022872
0.70578241
0.69841498
0.73731273
0.77176923
0.81330812
0.72903895
0.69644308
0.7518214
0.82912999
0.8090986
0.81562585
0.88443315
0.76254088
0.51951325
0.54188049
0.52269888
0.81090456
""
0.75806409
0.65932119
0.51569968
0.54493701
0.60891718
0.80976397
0.73788142
0.7261644
0.79158711
0.77372307
0.71618164
0.78314024
0.62900245
0.78846526
0.75644839
0.73123002
0.79771209
0.66017699
0.66346115
0.70746285
0.7250905
0.8124783
0.76476997
0.69566733
0.77156913
0.73466355
0.77232796
0.75460273
0.6897639
0.68692601
0.88296896
0.71683472
0.78883696
0.47317657
0.39073783
0.48617697
0.42860165
0.55252051
0.59038585
0.47267658
0.57390809
0.66328919
0.52101213
0.61242384
0.51330435
0.61335909
0.63935417
0.63685006
0.58807361
0.62866735
0.57599008
0.53337419
0.5419544
0.5391044
0.58448541
0.50826448
0.58404046
0.58224505
0.68498552
0.63616407
0.63321781
0.52013576
0.56001145
0.71139085
0.58433884
0.430666
0.67169529
0.64225316
0.63967925
0.6372239
0.57357872
0.55031574
0.69984382
0.72414857
0.762546
0.71464515
0.56322575
0.46412757
0.56796783
0.67910218
0.67478853
0.6570465
0.68417859
0.69527847
0.74539083
0.65179259
0.70272332
0.59167963
0.59614301
0.59130168
0.55892986
0.54232991
0.59290743
0.6649971
0.58253992
0.59125185
0.59163254
0.75284761
0.62076187
0.66141897
0.69768733
0.67192316
0.64190179
0.67086679
0.72699267
0.65640897
0.5707168
0.67955816
0.70652235
0.67204612
0.69354403
0.67004174
0.72148508
0.70596701
0.60426056
0.7254169
0.56104523
0.60113716
0.73042303
0.73973894
0.69098943
0.55123174
0.5963518
0.71972811
""
0.74450952
0.68128598
0.60295355
0.73679954
0.72787529
0.59758598
0.66860723
0.57931709
0.61091304
0.69896728
0.6132611
0.52842778
0.65257937
0.67922175
0.64804322
0.53610784
0.40469456
0.6067999
0.71765077
0.62414765
0.57683837
0.60622162
0.67485756
0.73375487
0.7082569
0.80974597
0.67525995
0.6621812
0.72705585
0.77665526
0.65489978
0.77172953
0.76842219
0.70852864
0.68923664
0.74673843
0.71445829
0.74785107
0.72187114
0.65766132
0.73350424
0.81238705
0.8079825
0.70486838
0.75264221
0.63553476
0.74500626
0.68781108
0.75173038
0.65208864
0.62216014
0.63681781
0.72065115
0.6908288
0.67207646
0.51835412
0.60851038
0.58741033
0.47285411
0.58500463
0.64146113
0.68632859
0.70980334
0.72717792
0.68414772
0.68536359
0.61680633
0.72253186
0.71553087
0.68612558
0.75152832
0.65817177
0.57881194
0.53451025
0.81364989
0.75224721
0.73156512
0.70934618
0.69514835
0.6751219
0.64624059
0.64721775
0.78637725
0.69262415
0.77132607
0.80311179
0.77246511
0.60897452
0.54254097
0.67323428
0.66301453
0.62946641
0.73160297
0.56429464
0.5691517
0.62359685
0.58118808
0.67212898
0.58760989
0.59867829
0.69292068
0.6265083
0.58584619
0.55280983
0.74748176
0.54112107
0.49640515
0.62244415
0.76265442
0.81669956
0.71476364
0.65039343
0.66364986
0.597893
0.6693083
0.60366338
0.67137009
0.67890847
0.64648277
0.65756017
0.54933399
0.67713702
0.75195372
0.69153446
0.68683839
0.72979832
0.59949994
0.60112447
0.67428136
0.72777992
0.52745336
0.55188847
0.52209789
0.57699299
0.68154687
0.66906226
""
0.39036271
""
0.52166843
0.5120362
0.51568806
0.50012773
0.60721791
0.60420734
0.70580316
0.76085335
0.60772777
0.72922218
0.74244308
0.67388505
0.72061282
0.73997688
0.69482458
0.81319577
0.64036298
0.63838369
0.60069937
0.72147363
0.57861441
0.7744453
0.61477321
0.64426821
0.70454633
0.64979124
0.71855587
0.67355269
0.7491045
0.74211615
0.69944626
0.64896011
0.7925331
0.61464751
0.65576798
0.63094717
0.51216805
0.58187264
0.65144765
0.60803074
0.42479217
0.60580736
0.52233267
0.47633606
0.48273689
0.57304513
0.67012566
0.6315757
0.4577463
0.66530412
0.48978686
0.39886427
0.64883649
0.68819422
0.62288725
0.60137945
0.59869283
0.65175742
0.59234607
0.60180724
0.4644407
0.54101473
0.62550622
0.6607452
0.64966112
0.61684066
0.70037687
0.67034441
0.72642821
0.67430001
0.3245053
0.71163893
0.50858641
0.58273381
0.48271066
0.67005134
0.6944381
0.69313329
0.71200299
0.66399527
0.69430828
0.78468871
0.79267836
0.56119037
0.67446351
0.66661853
0.66714913
0.63007975
0.75902736
0.682392
0.64960706
0.68242431
0.63051218
0.67583537
0.66120833
0.68178546
0.75096118
0.60727876
0.63172346
0.7612074
0.75947952
0.5666011
0.58744144
0.7150439
0.63993037
0.69638377
0.76264977
0.75710374
0.80956268
0.74057955
0.63620585
0.78579444
0.65149093
0.77272624
0.75692356
0.71477669
0.69686222
0.64168137
0.67254627
0.69433773
0.71053559
0.67907321
0.59922779
0.65481335
0.57477003
0.53326547
0.72813797
0.55490714
0.6094892
0.56385916
0.58965939
0.47463635
0.5155288
0.6111905
0.61575711
0.6267212
0.63791704
0.73931128
0.55636936
0.50320333
0.54682708
0.66482085
0.75547475
0.56231815
0.61906713
0.77320939
0.69526869
0.76643384
0.79216135
0.70131153
0.72695333
0.7355963
0.70565683
0.62061745
0.63204032
0.62544477
0.80355209
0.57555586
0.63687909
0.60695988
0.579813
0.64363372
0.67082042
0.63247669
0.65601355
0.56485486
0.66902977
0.68102038
0.65964192
0.6467942
0.72048265
0.70763981
0.7671653
0.69203931
0.81676954
0.73575914
0.72599238
0.68077379
0.74663979
0.70347285
0.76777714
0.72019637
0.6428169
0.54141849
0.77042603
0.70734805
0.67611486
0.67463899
0.66323256
""
0.65771055
0.45982811
0.54868823
0.50019127
0.70220172
0.70757425
0.70637316
0.66283751
0.656106
0.79973853
0.78227955
0.63374627
0.79614216
0.87133956
0.76339686
0.70496517
0.71335679
0.82326233
0.7621395
0.77283174
0.74327129
0.69238216
0.76484305
0.87416685
0.75636011
0.65050226
0.73458904
0.7967934
""
0.75601304
0.63565665
0.65475649
0.70289284
0.77140069
0.74112755
0.75479931
0.84665257
0.57022065
0.69300944
0.73934072
""
0.45399356
0.67261678
0.69559449
0.57261992
0.65570325
0.69263923
0.71208
0.73019081
0.60710472
0.66751981
0.60942721
0.61732739
0.73082817
""
""
0.48541549
0.85186338
""
""
0.76181859
0.5951739
0.73778772
0.69020665
0.70653528
0.42891431
0.76672655
0.62338024
0.59458345
0.86872309
0.72233248
0.83977824
0.97048002
""
0.64798987
0.55741656
0.7136156
0.62346613
0.66300488
0.53475338
0.65377158
0.52323836
0.74761009
0.65205145
0.7180835
0.63165414
0.67798597
0.65711451
0.6780923
0.73960751
0.634893
0.69881326
0.64527684
0.68958163
0.7568754
0.86316961
0.67259395
0.73346245
0.53341126
0.63515031
0.6436854
0.67036921
0.58315486
0.67452908
0.56770408
0.75147867
0.45549417
0.65702987
0.69245374
0.69080389
0.70230615
0.64053088
0.66232884
0.74857235
0.75536096
0.63186198
0.66183305
0.63766593
0.65112925
0.53652829
0.6168952
0.75808483
0.77651668
0.83264571
0.71397811
0.73903173
0.7658397
0.73370832
0.82518756
0.73834741
0.85883802
0.83069402
0.86089915
0.73482507
0.79043692
0.76806223
0.76845127
0.78665262
0.95169657
0.78934038
0.86868244
0.73883116
0.84299272
0.83658898
0.79219192
0.79404867
0.80474567
0.84800631
0.82490116
0.86598372
0.72879833
0.79760849
0.80957305
0.81418931
0.8836745
0.78458577
0.85301739
0.78805715
0.83035499
0.79403758
0.84199101
0.80843872
0.76764435
0.81517851
0.77571183
0.74754184
0.78090453
0.81941468
0.711339
0.77962238
0.7902317
0.77507198
0.81763506
0.81840259
0.79965943
0.86434782
0.80667681
0.85941333
0.80482632
0.85249287
0.83714169
0.86221063
0.80609334
0.78633916
0.8637706
0.82391417
0.78636873
0.89727038
0.86346495
0.84881127
0.9308629
0.75823826
0.83613402
0.83859861
0.74575913
0.85057974
0.80454123
0.7932806
0.76408172
0.86979526
0.88764125
0.79780096
0.79354644
0.76808327
0.82437646
0.63681096
0.72083992
0.62037754
0.61524916
0.66417462
0.51264685
0.54791576
0.68082476
0.48438784
""
0.77973872
0.55377173
0.64644706
0.58362252
0.6830402
0.6083101
0.73689657
0.71926707
0.79777658
0.64359707
0.76510417
0.77597106
0.75428361
0.82088274
0.74248344
0.83018845
0.82210302
0.80074704
0.83646595
0.78783989
0.80381417
0.76661605
0.61620867
""
0.61969763
""
0.58511728
0.62621325
0.62842005
0.65835422
0.66956747
0.65828729
0.68838531
0.66072947
0.60958976
0.74385655
0.59388834
0.73768151
0.66786122
0.65345258
0.62893701
0.73621416
0.63296711
0.60823381
0.72868669
0.63404179
0.76348567
0.70955324
0.65752709
0.49947959
0.67072511
0.67171293
0.64939511
0.54458219
0.60836077
0.62747234
0.61733234
0.67184317
0.6741212
0.7042166
0.70493042
0.71814805
0.68840885
0.65736634
0.62456143
0.66618186
0.59981078
0.59281534
0.62141883
0.63834733
0.58917534
0.62260503
0.62790656
0.64725929
0.48284277
0.6402089
0.64326715
0.55395263
0.56826746
0.65756047
0.65032846
0.64565223
0.62339509
0.55865163
0.56124735
0.58683276
0.48607454
0.50854421
0.82207209
0.65832406
0.60992801
0.72078592
0.72459763
0.76389986
0.62463903
0.72109824
0.70548815
0.74867254
0.63392293
0.70205933
0.66720873
0.6874451
0.63984203
0.75125974
0.71034145
0.64914888
0.66951811
0.69641107
0.64486206
0.6795975
0.67843115
0.63571292
0.42553884
0.66601425
0.65619582
0.72563928
0.62452954
0.64589679
0.55404168
0.73466188
0.5714969
0.53264618
0.63384664
0.62329382
0.62826163
0.61360043
0.60112077
0.6350221
0.59390056
0.83115917
0.59764695
0.67370486
0.61349052
0.63006198
0.81347007
0.6662243
0.7654115
0.62538797
0.67146128
0.54488474
0.58993232
0.63162917
0.61805028
0.71652991
0.69522661
0.72763681
0.68474144
0.79503286
0.71033102
0.5946576
0.59673446
0.65913451
0.55821162
0.58849263
0.4936378
0.51728678
0.53941345
0.65356928
0.59406036
0.58952397
0.59801972
0.5596168
0.60519964
0.7953366
0.64770365
0.59743273
0.621705
0.57406312
0.47903594
0.77152264
0.5896939
0.57507467
0.64986962
0.73595929
0.58041847
0.57287031
0.67938149
0.46331772
0.61053109
0.4754191
0.58244532
0.48202619
0.57189757
0.56999999
0.80537593
0.91237038
0.5441469
0.60250878
0.45203555
0.55033129
0.58275032
0.51972514
0.58783668
0.59590024
0.58844781
0.60923749
0.49396202
0.55978251
0.62214833
0.63514924
0.56034523
0.42435384
0.56447417
0.62120974
0.59244579
0.63286287
0.55139202
0.58368266
0.59019876
0.73468202
0.63753206
0.63424796
0.63527203
0.67417598
0.61790371
0.65652353
0.63966388
0.66140306
0.70590937
0.76529944
0.7254917
0.78206789
0.78194815
0.60885823
0.73423928
0.77582014
0.71681279
0.70145249
0.75104785
0.77235657
0.77283478
0.70314008
0.71662039
0.69187486
0.56302893
0.72981977
0.76864004
0.64740723
0.75403714
0.6911422
0.72374171
0.65838718
0.71881974
0.68297148
0.77560037
0.7261309
0.77109241
0.72347367
0.78817743
0.75602841
0.71901655
0.76420158
0.83785754
0.80453235
0.70457119
0.74364275
0.73338783
0.75243104
0.75599384
0.75133145
0.66882259
0.70098239
0.79684681
0.63687885
0.74258488
0.74571335
0.73670471
0.68994319
0.59976935
0.70306665
0.66439825
0.81004053
0.62522405
0.50038624
0.74415171
0.77821946
0.7079795
0.63268882
0.6456517
0.7211625
0.65087634
0.69430578
0.74347097
0.62710732
0.67459714
0.54830229
0.72807515
0.51774597
0.55810237
0.5856635
0.61682564
0.55608797
0.63093567
0.66420406
0.63956255
0.63821071
0.78501743
0.51366323
0.57580978
0.56504464
0.67110378
0.56156301
0.5419879
0.56727284
0.51862454
0.58781487
0.86669272
0.5799818
0.51995516
0.65153724
0.6032508
0.56463861
0.68410516
0.62711608
0.58915234
0.59464216
0.66976887
0.74898267
0.50196075
0.61385328
0.63940674
0.62960148
0.54526412
0.70892674
0.74449819
0.60824478
0.62685198
0.61712229
0.65137297
0.558456
0.64314383
0.57365012
0.63552392
0.77157444
0.71707565
0.50066125
0.58872557
0.6776185
0.6758461
0.6421361
0.50211126
0.63156587
0.66829807
0.63298267
0.5694387
0.56142467
0.56879896
0.55161393
0.50381964
0.54128206
0.80484408
0.64108437
0.65498281
0.59084612
0.56786466
0.48786846
0.5266304
0.58984762
0.58777308
0.5443756
0.56043941
0.64652383
0.63108569
0.67938524
0.66711593
0.55105376
0.65122008
0.62852263
0.72885132
0.65658641
0.53140384
0.62731212
0.4971458
0.52234536
0.66218084
0.77898222
0.74040097
0.68426913
0.70341372
0.51736826
0.67983299
0.68815094
0.54387164
0.64850992
0.62202859
0.65568238
0.58469391
0.64273715
0.58626068
0.66796887
0.43554139
0.53163886
0.77653992
0.55937719
0.66080999
0.47585997
0.6134727
0.62280625
0.37822232
0.68184263
0.50449264
0.73027784
0.62299889
0.69085985
0.75376421
0.62654942
0.61757249
0.42813477
0.46540377
0.71298391
0.59272158
0.75605655
0.53162682
0.55217719
0.65192032
0.75391561
0.74447429
0.52318335
0.52316946
0.46559885
0.6700114
0.40385389
0.66349894
0.59335935
0.47463152
0.48421618
0.72214234
0.64059478
0.83251715
0.55740398
0.56490266
0.52303106
0.53641778
0.56508338
0.5192281
0.70049471
0.72605312
0.64321905
0.58910114
0.6594699
0.35591736
0.5233081
0.59661663
0.49851379
0.49550289
0.62182623
""
0.66040236
0.62654293
0.5507912
0.61557317
0.58250612
0.69741434
0.59627777
0.8283304
""
0.80463147
0.71063668
0.12780091
0.65312982
0.50600463
0.5562337
0.65480477
0.36306
0.51503867
0.74816507
0.54968232
0.53370917
0.56114072
0.53429615
0.67719275
0.63967723
0.3799364
0.51716304
0.49073517
0.46854535
0.5986557
0.39301616
0.47421223
0.68545157
0.69222522
0.81408155
0.52023685
0.58609796
0.65449023
0.47745067
0.59821701
0.57246238
0.59317946
0.56539696
0.46274471
""
""
0.618572
0.70018303
0.65471292
0.68446141
0.63150126
0.66658401
0.53418601
0.73261851
0.69664848
0.61512363
0.69221514
0.59978837
0.64881057
0.68243092
0.79840696
0.43586037
0.68183088
0.61085135
0.68047506
0.66830909
0.58982176
0.73988265
""
0.52727336
0.63649833
0.59281582
0.64923072
0.65055096
0.53581268
0.84914464
0.64030558
0.71880037
0.71487838
0.53701979
0.53742445
0.46007171
0.22685972
0.4231917
0.53793031
0.39685339
0.50470525
0.66243738
0.37198442
0.50443202
0.4445118
0.5367192
0.34833238
0.4611187
0.53926748
0.54971266
0.90259778
0.64812392
0.46474341
0.55792081
0.69839281
0.48352349
0.53163439
0.37744167
0.44815406
0.41213301
0.54791111
0.54000765
0.57844704
0.61277997
0.4895075
0.57203108
0.62072325
0.57390809
0.40863132
0.42668647
0.61382788
0.40352798
0.35128158
0.4564968
0.49271029
0.42700741
0.41050518
0.53894424
0.56771851
0.57784754
0.58566815
0.48890901
0.57261479
0.53960156
0.43778253
0.38001159
0.48641568
""
0.53054941
0.50210696
0.28618139
0.60897583
0.38051969
""
0.58676285
""
0.45848852
0.71157211
0.65167665
""
0.63922763
0.53276044
0.52526027
0.68065643
0.53908455
0.68631816
0.7165491
0.69388437
0.70038491
0.65959185
0.6276443
0.46614575
0.68572295
0.76046056
0.74610943
0.72169042
0.66546303
0.70957828
0.39745846
0.55845678
0.82529831
0.62080985
0.71710849
0.56232309
0.8924821
0.41139543
0.78085423
0.46368319
0.67114151
0.66468453
0.65791595
0.58967865
0.4157182
0.68271446
""
0.53466487
0.55974209
""
0.91678965
0.57111943
0.64340729
""
0.4329465
0.59483397
""
""
0.68977749
0.70412576
""
""
""
""
""
""
0.58828038
0.65135181
0.77656817
0.6372413
""
""
0.77154034
""
0.69582212
""
""
""
0.2814236
0.47664264
""
0.8413325
""
""
""
""
""
""
""
""
""
""
""
""
""
""
""
""
""
""
""
""
""
""
""
""
""
0.63748574
0.57045025
0.50107187
""
""
""
""
""
""
""
""
""
0.57560778
0.50550538
0.74192309
0.47141552
0.59493911
0.76762527
0.61261207
0.53796291
0.58602273
0.56391174
0.60245168
""
0.50716865
0.50342947
0.65661621
0.71982443
0.53542554
0.69915086
0.73998922
0.59683561
""
""
""
0.38999096
0.30892962
""
""
0.68794626
""
""
""
0.37244138
""
0.49964458
""
""
""
0.72192848
0.4747408
0.69442701
0.63065368
0.8308931
0.39485404
0.60786074
0.41650391
0.59020495
0.51470596
0.5787816
0.40443382
0.48973331
0.46461207
0.50532037
0.55303335
0.58392459
0.50743508
0.48744157
0.48193944
""
0.40190005
0.889431
0.6266399
0.52848268
0.55379719
0.60493881
0.69067597
0.5184679
0.37244937
0.61336017
0.75279182
0.66579646
0.71156085
0.75032568
0.53661066
0.79228514
0.61946929
0.55881989
0.47059301
0.63681537
0.77042669
0.76606125
0.71211922
0.74524355
0.86446738
0.81179535
0.71770084
0.72797549
0.69472539
0.48118359
0.58279085
0.61506563
0.67496771
0.62358272
0.57175273
0.63090783
0.66368377
0.72391158
0.8115412
0.81364667
0.71883416
0.74850649
0.77548754
""
0.65993577
0.53309476
0.70555997
0.63671863
0.62060046
0.63329619
0.537588
0.5939967
0.70708263
0.60082304
0.61873817
0.68371093
0.90565968
0.86347431
0.71545827
0.80651742
0.80129385
0.75079495
0.77785099
0.78912646
0.8569268
0.71495461
0.72368693
0.63770497
0.71005398
0.64216495
0.76840854
0.75036699
0.8325544
0.83126336
0.76652169
0.82455271
0.72727907
""
0.76372588
0.70774233
0.79928154
0.78968763
0.80718786
0.72874826
0.75555658
0.75694948
0.80023772
0.65940672
""
0.59742594
0.63518214
0.67402095
0.67648834
0.70338988
0.60706931
0.66644615
0.72425342
0.70713848
0.73686755
0.75045651
0.67959011
0.77110058
0.80429631
0.74362719
0.69636548
0.60178351
0.52961665
0.49467227
0.64689094
0.56557381
0.59816724
0.79564363
0.77338457
0.61566925
0.57385498
0.68213177
0.65571982
0.68559039
0.72039396
0.64072573
0.83201426
0.89272487
0.79825377
0.59770948
0.75600022
0.76207125
0.799061
0.62012583
""
0.53681952
0.35285833
""
0.77476597
0.84206706
0.73834813
""
0.94670081
0.91513258
""
""
0.67510962
""
""
""
""
""
""
""
""
""
""
0.39285046
0.74579024
""
""
""
""
""
""
""
""
""
""
0.45466125
0.64753467
""
0.4418917
""
""
""
""
0.63831556
""
""
""
""
0.75283629
0.78262156
0.72212493
0.76506096
""
0.78442907
0.62649101
""
""
""
""
""
""
""
""
""
""
""
""
""
""
""
""
""
""
""
""
""
""
""
""
""
""
""
""
""
""
0.87768108
""
0.7356391
0.76491028
""
""
0.70463276
""
0.79825056
0.7605201
""
""
0.873707
0.95975047
0.8317647
0.4643397
0.80878651
0.83128232
0.86155319
0.73010528
0.82507521
0.78489447
0.82655531
0.81753749
0.72950798
0.78627151
""
""
0.83354992
0.73774165
""
0.9804911
0.83521944
0.77909642
0.70889312
0.73992568
""
0.81254953
0.89513099
0.63476712
0.81974679
0.66807783
0.79269016
0.7261982
0.70863706
0.82431954
""
""
0.87566912
0.8094691
0.86844575
0.81645107
0.7554788
0.86287665
0.85382438
0.78395867
0.86819297
0.82980251
0.76423442
0.74635768
0.7080521
0.76648259
0.67940247
0.74905276
0.79797584
0.76891166
0.76527566
""
0.62955666
0.81175995
0.90722179
0.83735073
0.56955481
0.74465007
0.6560756
""
""
""
""
""
0.52299136
0.73685497
0.56323111
0.47573334
0.55122513
0.47858399
""
""
""
""
""
0.47835961
0.59492058
0.66573441
0.56051856
0.40891021
0.52499241
""
""
""
""
""
0.33437574
""
0.72217458
""
""
0.76977617
0.70230907
""
0.62534481
0.78511983
0.5861004
0.57261014
0.75869012
0.77376854
0.71524429
0.67029583
0.69283098
0.70400965
0.75229114
0.66338682
0.5479061
0.72212696
0.7530508
0.74860889
0.62965029
0.70616823
0.66377425
0.68738097
0.68392348
0.72510523
0.64773351
0.67214441
0.81054431
0.71330059
0.70250434
0.66890717
0.7947101
0.77975893
0.70113915
0.67186648
0.68056315
0.60516536
0.69666392
0.68341637
0.71906126
0.75258482
0.72743762
0.58994961
0.55908531
0.63876259
0.65954143
0.76941055
0.82524312
0.74289519
0.64415741
0.618222
0.73217571
0.71434534
0.65913016
0.80523163
0.72162253
0.61339235
0.75596744
0.76437193
0.70383781
0.66379768
0.73216951
0.77117091
0.63012952
0.58604246
0.56342912
0.73904914
0.66454029
0.60178798
0.65603793
0.4142541
0.59010881
0.68568778
0.66064644
0.7316727
0.72565824
0.63943642
0.78732359
0.70596915
0.40002635
0.52178001
0.56164074
0.65802228
0.6549747
0.76050371
0.61598897
0.80664063
0.77983254
0.67611474
0.51584536
0.49098808
0.50519496
0.59876436
0.6825121
0.71823603
0.46703503
0.54669201
0.53812671
0.51835412
0.65760505
0.63555127
0.63002241
0.61383891
0.57552916
0.59828383
0.65212214
0.63580209
0.60229117
0.68552089
0.7948848
0.72526628
0.77393174
0.76745325
0.76969409
0.73694593
0.75105166
0.77148986
0.76817429
0.74969268
0.74626917
0.84972286
0.71385998
0.75342399
0.69919157
0.55316669
0.67670429
0.58204556
0.67220426
0.67209715
0.71026808
0.67748153
0.67127961
0.68253064
0.74933624
0.68196434
0.72014827
0.69254142
0.78381705
0.75805545
0.75826526
0.78368413
0.87799996
0.90184462
0.90595216
0.81319672
0.87833315
0.90504336
0.8618058
0.8614623
0.87184745
0.80594963
0.89355803
0.85322154
0.87275374
0.92807817
0.85748076
0.84641385
0.86152577
0.81524855
0.83599538
0.8700633
0.83150023
0.88812828
0.70042646
0.78961563
0.77775824
0.75259584
0.7961899
0.77979302
0.81943655
0.75219095
0.79236078
0.80809265
0.77469498
0.79655588
0.7732901
0.84369391
0.73601836
0.79032588
0.7449317
0.83233625
0.87603909
0.88633925
0.85047376
0.81735241
0.79456502
0.77499026
0.70209694
0.7793203
0.85906482
0.74625933
0.84861314
0.82123274
0.79067135
0.79113233
0.72121203
0.94561452
0.75458139
0.71773314
0.77138853
0.83735114
0.87588507
0.81615174
0.93768859
0.7921046
0.84155029
0.69411451
0.7587629
0.805273
0.76463813
0.76991028
0.71345788
0.75575691
0.79849529
0.72445786
0.82948291
0.73658407
0.75390464
0.78389722
0.50658786
0.52705896
0.096825339
0.41903472
0.52442032
0.77620316
0.74599153
0.82419795
0.7508105
0.62361687
0.58943903
0.66183954
0.71676344
0.80652612
0.76594114
0.69994956
0.72718954
0.80636555
0.79464459
0.79229236
0.75841814
0.84443247
0.73785794
0.71222967
0.81146795
0.74714625
0.75581175
0.85135311
0.83767003
0.77936924
0.76918513
0.83786243
0.74372596
0.85091043
0.85200715
0.86633003
0.77006882
0.76345509
0.74715811
0.84019399
0.66084349
0.70260394
0.83992106
0.75750309
0.82717186
0.75987166
0.81134748
0.84561658
0.842767
0.77131736
0.80474561
0.84272635
0.82976919
0.72728407
0.83565241
0.76494664
0.83965158
0.79262352
0.921974
0.79165709
0.72900665
0.74981284
0.9010042
0.62356871
0.76859599
0.67822909
0.7276082
0.7109732
0.71657515
0.62635136
0.75675064
0.73048973
0.71387231
0.76677734
0.84433687
0.71343058
0.71500295
0.78335166
0.68747663
0.76543319
0.77570558
0.70613855
0.78619444
0.85652834
0.72207642
0.80078411
0.81205356
0.65604162
0.70959169
0.72476929
0.83130026
0.78609049
0.72714877
0.66607058
""
0.72548372
0.54168922
0.85329473
0.91878605
0.54248178
0.69583762
0.66973007
""
""
""
""
0.25972283
0.69671696
0.65835363
0.73171633
0.64679503
0.69993222
0.56572002
0.76876491
0.67519635
0.63837218
0.77256012
0.6881755
0.67615217
0.8012979
0.73654419
0.60209394
0.66034472
0.73795635
0.7751314
0.65784836
0.74804443
0.73978436
0.76714206
0.65865731
0.54688501
0.57533622
0.60254443
0.5525856
0.52739275
0.6536842
0.74783534
0.70641696
0.7076295
0.64470148
0.68777275
0.62149483
0.74926561
0.75736761
0.76623893
0.67824429
0.66795367
0.67649454
0.68093121
0.6997171
0.57820106
0.65048218
0.63169301
0.63979608
0.69132513
0.67474836
0.60742539
0.59373128
0.5517754
0.68156308
0.66878623
0.69459498
0.7221489
0.66808134
0.64059728
0.6626243
0.74332064
0.68542135
0.69767356
0.472767
0.55847257
0.55316681
0.56917071
0.51755774
0.67731535
0.73548019
0.66268831
0.58309084
0.59833276
0.64881647
0.5853433
0.65077335
0.68074363
0.57196945
0.6039384
0.74419165
0.72425789
0.77422303
0.84067357
0.6792891
0.80760729
0.65113139
""
""
""
0.8356241
""
0.62521201
""
0.63342607
0.70201117
0.72970015
0.70369357
0.74465775
0.76142967
0.6396237
0.67895293
0.78570563
0.72529614
0.62183112
0.74735564
0.85926366
0.47074643
0.74341017
0.66518521
0.64763701
0.67399848
0.62124121
0.73597288
0.62058264
0.66564441
0.65430373
0.66644645
0.74328095
0.70951796
0.70258254
0.81147993
0.78116661
0.74160212
0.78733975
0.62662113
0.7815451
0.71089524
0.77800173
0.69278806
0.77759385
0.7574259
0.74983805
0.81116325
0.68955052
0.81544733
0.95102525
""
0.7382375
0.53893149
0.80813342
0.63809627
0.77746886
0.79192156
0.84708959
0.7662977
0.78436214
0.71499628
0.69129586
0.71512562
0.68696833
0.74577898
0.77265793
0.68114996
0.66728377
0.74039131
0.68671364
0.74704182
0.66415101
0.71175057
""
0.66082466
0.69092107
0.66110414
0.66079676
0.70247722
0.68094313
0.66300547
0.70491213
0.58297014
0.42340431
0.24596304
0.40412501
0.64710987
0.70807588
0.61316633
0.6479041
0.60411793
0.54135299
0.68036646
0.71919388
0.54940712
0.43854079
0.68010718
0.67674357
0.33349514
0.64183676
0.73413754
0.55142319
""
0.47126839
""
0.36113194
0.42383915
""
0.77469891
0.75816369
0.66114241
""
0.70005012
0.67479765
0.69026744
0.65054929
0.61768621
0.70685416
0.49881896
0.49929386
0.73218852
""
0.70912093
0.72049356
0.7472778
0.70898169
0.71380854
0.67617065
0.54238492
0.75045341
0.64637876
0.66248864
0.72339487
0.65886259
0.73756272
0.79120028
0.76420146
0.7276082
0.82649666
0.73782253
0.83776194
0.74248034
0.74995601
0.65647388
0.83150685
0.76387179
0.68201774
0.71154898
0.79285538
0.75666636
0.81830913
0.8008039
0.68672919
0.7447843
0.73954433
0.71582389
0.82384449
0.77375466
0.69444209
0.56591243
0.57797188
0.58510405
0.69671577
0.72426873
0.74055135
0.61778885
0.75418264
0.74330252
0.75259537
0.83997422
0.8376587
0.74773216
0.76104343
0.73240244
0.6937815
0.7679764
0.80590087
0.79979384
0.81226224
0.65268892
0.65377134
0.6882847
0.53180724
0.72181487
0.69693667
0.76915348
0.70037389
0.70063466
0.60552675
0.56805331
0.71786219
0.78601265
0.7764954
0.686629
0.73106146
0.78567159
0.82539552
0.60772914
0.83022749
0.69581574
0.69730198
0.77713162
0.81330276
0.84998286
0.68369633
0.88746881
0.64238673
0.70788753
0.61625886
0.72884881
0.60355097
0.67182511
0.70216972
0.55189967
0.7241075
0.70102006
0.74325126
0.81173497
0.68963724
0.79517621
0.86295164
0.75381774
0.76916003
0.71606058
0.74918431
0.79329932
0.76959348
0.86075455
0.84031379
0.77719808
0.81500477
0.74778789
0.72245687
0.77744275
0.75094563
0.79425693
0.80183452
0.72050118
0.81401408
0.76973623
0.79797792
0.78856868
0.81179881
0.88438523
0.68833584
0.85917526
0.79251575
0.8229506
0.80978012
0.75485379
0.73119909
0.68847787
0.75933588
0.63797259
0.71836609
0.88253778
0.78028369
0.72482836
0.84416884
0.85055709
0.82103837
0.86142558
0.80455422
0.81488228
0.86320597
0.83679903
0.83145607
0.70565915
0.81969273
0.80652785
0.79416388
0.84478116
0.76145971
0.79407024
0.82025099
0.81164658
0.90800083
0.84559101
0.85177481
0.8609069
0.8155399
0.79871702
0.87426704
0.92349249
0.844087
0.83352369
0.93265128
0.80890733
0.87585849
0.78197491
0.86341941
0.89117169
0.87482142
0.87426507
0.79533899
0.7679106
0.7995218
0.84314233
0.77546835
0.8514412
0.85799676
0.8936671
0.90604895
0.91518271
""
0.7889055
0.71829998
0.81354886
0.80746019
0.85110205
0.77810651
0.83987325
0.89529455
0.71854717
0.51052129
""
""
0.72895789
0.62744248
0.65030068
0.60357457
0.49754491
0.58225441
0.55111545
""
0.53281504
0.57362288
0.55339903
0.6760965
0.65950722
0.66299242
0.83555543
0.73937178
0.54024816
0.64533603
0.68360841
0.86201364
0.71740764
0.78145742
0.8358888
0.63930547
0.75551218
0.59383792
0.64646232
0.86052203
0.63230228
0.7214781
0.78157192
0.56024837
0.73870909
0.58716983
0.48071888
0.53930169
0.81071681
0.56062365
0.7110008
0.64107275
0.64939916
0.55198467
0.68803811
0.58018661
0.56395072
0.61292815
0.55200464
0.52015615
0.49106666
0.58884948
0.62795335
0.67459065
0.53837347
0.59129822
0.66713011
0.82036227
0.68714857
0.65112537
0.58424205
0.77929544
0.61806345
0.59392911
0.82295614
0.65020311
0.82214713
0.85280299
0.8785609
0.7546981
0.82526559
0.8237161
0.88390595
0.7225396
0.74527407
0.71829182
0.78250301
""
0.84044242
0.83364367
0.8072108
0.73962939
0.81835991
0.82806218
0.90348202
0.77866715
0.69056952
0.6049332
0.51264375
0.45120743
0.55667853
0.57433397
0.73197007
0.74349517
0.72574806
0.79391229
0.54569918
0.46774137
0.55101651
0.76622438
0.82991081
0.78377366
0.64815313
0.76408231
0.71923023
0.60911763
0.82886875
0.76612633
0.70995003
0.83256543
0.89251614
0.80349278
0.8090952
0.74408495
0.78080446
0.84534097
0.89646304
0.7538293
0.85861075
0.66969651
0.7498216
0.59683019
0.82145399
0.66937482
0.75482142
0.81486475
0.75336039
0.70773298
0.65271449
0.79715896
0.70072418
0.67494774
0.73693579
0.73595399
0.35734984
0.48146719
0.46179703
0.45988378
0.52542716
0.56076366
0.72029603
0.6570465
0.47039929
0.54653722
0.69770163
0.67468572
0.61628443
0.69143748
0.67089897
0.65652716
0.49348688
0.82000881
0.81344414
0.89866662
0.80132002
0.85181409
0.70228142
0.62252516
0.78483224
0.66456598
0.6464442
0.70855743
0.65370792
0.54379117
0.60763198
0.76193297
0.4179529
0.61488909
0.65800512
0.67161947
0.79162169
0.66156584
0.72196704
0.61536616
0.72739345
0.65134728
0.52380091
0.68264389
0.73169047
0.72703147
0.76434356
0.74028397
0.68559498
0.52515829
0.77308762
0.76264352
0.8312161
0.75218529
0.72390687
0.80444121
0.74923271
0.56541437
0.52581233
0.68688536
0.67807633
0.66163886
0.71173245
0.80224007
0.75300002
0.67173642
0.68470722
0.71222329
0.76690316
0.88428682
0.86656272
0.56211668
0.87756252
0.91035032
0.81618297
0.70715564
0.81946373
0.7977376
0.82562453
0.80675393
0.82490277
0.77975386
0.83988184
0.86543524
0.82362419
0.80998105
0.77803862
0.80742699
0.85385293
0.82836062
0.83569181
0.83237642
0.81012976
0.83431208
0.72042173
0.73492736
0.82716769
0.82832581
0.77706635
0.73402774
0.75830692
0.75619626
0.75199878
0.74989152
0.85393983
0.80282605
0.80096447
0.75899923
0.8284142
0.80969936
0.81288213
0.70684946
0.85020906
0.73475504
0.71144855
0.55744052
0.71644604
0.73479503
0.64148593
0.69364792
0.67097753
0.7214219
0.76676261
0.6842404
0.76213777
0.7342509
0.78212422
0.67374766
0.72210509
0.72650051
0.70166409
0.69886267
0.65516686
0.78664315
0.78346729
0.80636358
0.81582731
0.78059393
0.75342238
0.71629071
0.5908457
0.65259892
0.845954
0.8014974
0.78035867
0.83421451
0.79459852
0.83083212
0.70264941
0.66791946
0.64837837
0.74747801
0.83201236
0.71695215
0.65187514
0.75233024
0.80377477
0.77897
0.69333446
0.60673612
0.75290239
0.82285327
0.84331113
0.73883796
0.7817471
0.79430526
0.73848349
0.63646632
0.72275406
0.77371889
0.76905221
0.63625944
0.65724206
0.71002454
0.67157072
0.62751043
0.80809671
0.6138193
0.765993
0.69664872
0.80703861
0.64155364
0.63389856
0.75390661
0.73517084
0.71383125
0.76493037
0.89706451
0.70362091
0.79521155
0.80894363
0.78198385
0.80143803
0.7230199
0.77087021
0.72415155
0.75836837
0.75419188
0.77747375
0.71706599
0.68651426
0.65977997
0.69180548
0.59631759
""
0.78436089
0.78108025
0.73303622
0.76701522
0.76007295
0.766478
0.75024289
0.70763433
0.77358234
0.72341889
0.77444923
0.77684027
0.63845199
0.68510967
0.57925248
0.61146623
0.68898058
0.62668383
0.61343682
0.70678979
0.72792178
0.73955745
0.71732807
0.71667886
0.7039687
0.77945536
0.77171826
0.65814751
0.55154788
0.74641532
0.83004117
0.87054539
0.8623656
0.84023899
0.76756465
0.55742604
0.43590528
0.82647097
""
0.73114145
0.82871205
0.61148727
0.66310239
""
0.75285351
0.84632671
""
""
0.24608767
""
""
""
""
""
""
""
""
0.52970904
-0.098170005
0.015131458
0.7369467
0.48076859
0.56040484
0.69201487
""
""
0.55307555
""
""
0.49413499
0.94977212
0.77569938
0.89243239
0.88297242
0.82921112
0.94173074
0.79407483
0.82076561
0.85519934
0.78926349
""
0.88320446
0.93458045
0.67996281
0.93124932
0.89370298
0.89685041
0.87115318
0.76405913
0.80443329
0.59561437
0.9964627
0.76714808
0.70980382
0.84683853
0.76151329
0.82314247
0.84566176
0.93579668
0.92912191
0.57087082
""
0.7808364
""
0.38149855
0.73060489
""
0.78051054
""
""
""
""
""
""
""
""
""
0.87603587
0.79033059
""
""
""
""
""
""
""
""
""
""
""
""
""
""
""
0.84932464
""
0.76165146
0.84263152
0.73666108
""
""
0.8192066
""
""
""
""
0.70480669
0.81977862
0.7211833
""
""
""
""
""
0.66879141
0.71082145
0.84374803
0.78447598
0.8321597
0.72792441
0.63787168
""
""
""
""
0.75578231
0.85928005
0.73581427
0.78850609
0.89051235
0.77445835
0.77638781
0.81800944
0.74333423
0.82051575
0.66903979
0.81641662
0.87066376
0.54614854
0.63173908
""
0.68764704
""
0.76249862
0.82495522
0.74449754
0.76929456
0.83011001
0.82897747
0.73864061
0.76604098
0.70121658
0.76279944
0.83415383
0.80804002
0.76768821
0.82526267
0.8651343
0.98318642
0.75727499
0.85110432
0.88825077
0.80423057
0.88199413
0.84217435
0.88793761
0.79790664
0.88087994
0.86626482
0.85128641
0.72296143
0.83956689
0.87785095
0.79510027
0.81510878
0.80024874
0.78962159
0.84021026
0.75030184
0.77843118
""
""
""
""
""
""
""
""
0.74556744
0.76490265
0.7038455
0.67630237
0.69013703
0.65930396
0.73094958
0.72050953
0.78582728
0.73404318
0.68266934
0.74513501
0.81484115
0.72572088
0.73059183
0.84103251
0.78018993
0.74041253
0.76370299
0.64138019
0.75974107
0.75339556
0.65252101
0.71375883
0.8314808
0.71128267
0.84702051
0.85069484
0.80132651
0.79172063
0.85957223
0.83342254
0.83227247
0.69597554
0.70539099
0.77882749
0.68920583
0.72057706
0.75561243
0.74704677
0.76248515
0.75654197
0.78937739
0.74551725
0.73052621
0.83410811
0.73861587
0.7049939
0.71695364
0.69722825
0.73279083
0.81220806
0.79435515
0.66639477
0.76833075
0.77645874
0.71937805
0.78751433
0.87607336
0.76567173
0.79566169
0.81670153
0.84597272
0.77481616
0.58989877
0.7733227
0.75662231
0.76865804
0.77971262
0.47558436
0.69866598
0.68598276
0.88600612
0.78315502
0.77147323
0.71611518
""
0.92364174
0.84539998
0.83153129
0.86564428
0.80831081
0.6937741
0.78147268
0.81200057
0.77395624
0.69347548
0.77326727
0.8093152
0.87224197
0.72984618
0.79930562
0.81005079
0.77778101
0.88838714
0.73015702
0.86030555
0.81214273
0.81475347
0.81422341
""
0.78682619
0.8920989
0.79008287
0.84956861
0.77241343
0.86925042
0.8065061
0.70923954
0.79837692
0.7385121
0.78976727
0.89929253
0.81824028
0.82772636
0.79301256
0.72447544
0.75115782
0.79760557
0.77392429
0.8147409
0.79992354
0.80653459
0.68475819
0.77765667
0.66610175
0.63120204
0.75746441
0.61963946
0.80067497
0.7598142
0.73991996
0.80627972
0.82617432
0.76560026
0.81069231
0.75532448
0.72584581
0.68035328
0.64275575
0.76062763
0.75367779
0.76105118
0.78652644
0.73778433
0.75957286
0.80180979
0.87930298
0.72083849
0.79311097
0.80070519
0.73107636
0.76856941
0.7498495
0.75269979
0.71934831
0.80266142
0.77729976
0.72106647
0.70120579
0.83352721
0.71529377
0.79517227
0.77799684
0.58882463
0.7018925
0.72310007
0.66933048
0.67706805
0.72221673
0.68204302
0.59529692
0.61634117
0.39584401
0.58484852
0.54326814
0.49011087
0.51709473
0.44732621
0.53274298
0.78378999
0.83003515
0.79334664
0.81038427
0.70865244
0.76888734
0.71994567
0.68097061
0.75727427
0.68928921
0.5700503
0.66264904
0.64185292
0.57974112
0.61100698
0.68553865
0.57342398
0.58594251
0.62429929
0.59641904
0.77400738
0.76800823
0.85457104
0.69029045
0.61843276
0.55452377
0.58602715
0.59444165
0.56859809
0.44902533
0.5580495
0.53727233
0.52002347
0.48913246
0.54796153
0.57352948
0.48992503
0.60982496
0.55230594
0.63257217
0.54083973
0.65154815
0.77185529
0.60513073
0.60994744
0.54932058
0.52419257
0.59598684
0.60635591
0.5598588
0.58450258
0.61801314
0.60677242
0.71208763
0.70349252
0.64338481
0.67021823
0.63320208
0.65026259
0.6609388
0.68760443
0.77942121
0.76001161
0.68770492
0.77235299
0.74073082
0.6871146
0.58624488
0.66018581
0.67079717
0.78518116
0.57730889
0.60597026
0.66938239
0.7167384
0.6834982
0.73405868
0.71848923
0.68884879
0.76153493
0.64870137
0.64484757
0.64301735
0.71940607
0.56505513
0.60485977
0.58242393
0.48736945
0.66139692
""
""
""
""
0.47972775
0.49021432
0.35010904
0.59911239
0.55502325
0.58492774
0.48709258
0.55052054
0.56532151
0.57629025
0.48738921
0.75300294
0.59043503
0.78652585
0.43099394
0.83708817
0.78305423
0.57969481
0.57151222
0.55322891
0.56023556
0.58887571
0.64018428
0.6387338
0.64358687
0.67735696
0.71825922
0.57466274
0.68167782
0.72534865
0.76861596
0.7470426
0.71333063
0.7681911
0.6763894
0.63562381
0.63397795
0.79003769
0.6542992
0.66360873
0.75260347
0.65973014
0.56434566
0.62811196
0.63744092
0.56417763
0.68319899
0.5609861
0.53528666
0.64872575
0.57479978
0.70471197
0.53534591
0.55528355
0.58504534
0.60497195
0.62390268
0.27706027
0.74598998
0.7228905
0.7940008
0.67987543
0.60041094
0.82337135
0.73166603
0.68690592
0.73976916
0.75973648
0.60996217
0.61244768
0.59450775
0.56471717
0.74205053
0.6329872
0.80180776
0.70519692
0.62622792
0.75496638
0.71868986
0.72203976
0.7438578
0.58601397
0.61877275
0.68353122
0.54108214
0.61923683
0.64751679
0.6574896
0.60952723
0.52723515
0.68016577
0.62786937
0.48785365
0.64238864
0.81735259
0.53980786
0.53228599
0.61165476
0.72981429
0.66202372
0.47332716
0.58066571
0.68010539
0.63605237
0.60555911
0.67412645
0.70734662
0.63301486
0.63892514
0.47368959
""
0.53958225
0.64703751
0.59007955
0.59448826
0.59978634
0.5480625
0.56094891
0.48131934
0.51231283
0.59734255
0.50952786
0.52091676
0.50792879
0.47271594
0.63304758
0.5578835
0.53723121
0.55611217
0.422472
0.47532737
0.52681601
0.42410013
0.66663498
0.52242339
0.5011943
0.47804937
0.37080443
0.53527266
0.51845658
0.53600222
0.61491185
0.44750023
0.51406318
0.51874125
0.57328969
0.48178801
0.61084461
0.53978336
0.63847023
0.60149109
0.65967834
0.53168833
0.71400815
0.69089073
0.71342379
0.54625595
0.61419678
0.55030894
0.55640191
0.64135098
0.64549494
0.66965508
0.56976062
0.49897873
0.74579221
0.63877702
0.49959603
0.57581091
0.6711874
""
0.67545313
0.54398888
0.55076969
0.45638192
0.49637419
0.55956692
0.6964922
0.61779124
0.56008726
0.60508376
0.62792331
0.53731608
0.64689666
0.57954103
0.6020847
0.53644574
0.53218007
0.58686978
0.62619573
0.54536515
0.49090016
0.47503111
0.46140549
0.5477016
0.52673352
0.54985136
0.60281599
0.63007218
0.61511612
0.57086039
0.53651482
0.49023706
0.54707491
0.57460797
0.64613414
0.67815715
0.6408866
0.67842686
0.54224652
0.58011425
0.66264313
0.62050748
0.67805946
0.65159488
0.60082
0.69392776
0.68941581
0.66677701
0.60413748
0.64274156
0.58519465
0.44207573
0.5586772
0.48023328
0.36368275
0.56127709
0.56302094
0.45710871
0.50473702
""
""
""
""
""
""
""
""
0.66655892
""
""
0.62488407
0.79256999
0.87157708
0.81172937
0.657722
""
0.77202648
0.72988963
""
0.67165977
0.77728748
0.71365184
0.74150449
0.66018301
0.74370199
0.75549203
0.56572741
0.45565709
""
0.70260167
0.65646452
0.59671682
0.71975321
0.70468813
0.65256512
0.7396062
0.65253776
0.70247054
0.67435163
0.72147769
0.67399478
0.66549331
0.75705671
0.85492551
0.88140094
0.82242602
0.72887826
0.71858978
0.69218791
0.70526761
0.56386113
0.67312181
0.70995545
0.65626395
0.63201183
0.57991546
0.73401779
0.66622108
0.75278205
0.6929782
0.62654346
0.63957101
0.6155442
0.54073381
0.63861942
0.49882078
0.63510579
0.6041888
0.60612077
0.71511239
0.77278948
0.71822417
0.75810891
0.64976841
0.72830641
0.7463665
0.7383495
0.67152399
0.67914122
0.66397619
0.72909915
0.77090472
0.71426958
0.61917728
0.65254909
0.73217112
0.80971801
0.67307943
0.72087932
0.76077712
0.83237529
0.73002326
0.75715566
0.70484465
0.65473819
0.83082104
0.74511415
0.74519598
0.72631109
0.67679584
0.71789557
0.70414585
0.67137682
0.67863727
0.72160423
0.62921363
0.6557557
0.75997734
0.66519952
0.6532585
0.66970283
0.79024935
0.71336222
0.80512094
0.7730999
0.73020339
0.73817623
0.82137281
0.74849015
0.64858896
0.71446377
0.76294267
0.68694371
0.66915095
0.76927769
0.77894115
0.7221908
""
""
""
0.5250864
0.5716238
0.5974552
0.63774234
0.66986728
0.53541327
0.51068503
0.61065465
0.69917142
0.33729994
0.54267573
0.35910952
0.60534114
0.47777617
0.43509591
0.57382143
""
0.52624357
0.58266598
0.63267118
0.66862208
0.64636236
0.65767574
0.60349607
0.61272681
0.63237059
0.57500196
0.5050267
0.59016079
0.58610189
0.62430161
0.49234268
0.51041603
0.59239775
0.57012856
0.59578508
""
0.58611441
0.53170598
0.59556651
0.4980078
0.62202096
0.58839351
0.68687391
0.60741007
0.59944892
0.582582
0.55310112
0.69450688
0.67024249
0.57724857
0.60082388
0.61375016
0.58605856
0.5939672
0.42975402
0.57359862
0.58559144
0.49373299
0.51219511
0.49562249
0.51936245
0.34540045
0.449123
0.4135856
0.71010697
0.62916541
0.70355844
0.52940619
0.67308235
0.60101056
0.61619407
0.67416352
0.6482349
0.54569829
0.63980246
0.5604254
0.75813073
0.68349886
0.50154579
0.60216773
0.65024269
0.62296677
0.6193186
0.63304061
0.78457439
0.68497068
0.57910269
0.64448434
0.62842351
0.6858539
0.65674967
0.66864568
0.63125229
0.6982798
0.76262462
0.64815414
0.56799191
0.44094357
0.70925182
0.62399071
0.75894701
0.77181083
0.45054933
0.38843
0.56021136
0.5461145
0.44264141
0.64327985
0.41459054
""
""
0.49650237
0.56247151
0.4015944
0.50831604
0.47424546
0.46165559
0.49402514
0.29901806
0.39094475
0.41678825
0.75425899
0.73762983
0.58255523
0.67148238
0.61402547
0.61310524
0.63813275
0.59329426
0.6319232
0.65268159
0.57428497
0.55064666
0.51302928
0.55062854
0.55269021
0.47774956
0.56258827
0.64292055
0.65363491
0.57993871
0.70919204
0.61532253
0.62484878
0.64368993
0.62792242
0.70030588
0.61853796
""
""
""
""
0.68845016
0.75088698
0.7064504
0.77173334
0.65645689
0.75354177
0.6899755
0.60946006
0.75962085
0.74881232
0.7103582
0.74786645
""
0.48075399
0.46614528
0.54983473
0.48908845
0.50753862
0.46651578
0.51402545
0.54476267
0.51289052
0.60445166
0.28391981
0.508448
0.48006687
0.52813858
0.57942384
0.60452992
0.63747984
0.56692624
0.29967287
0.44399393
0.5754531
0.51690656
0.57743943
0.67525131
0.65538025
0.59175467
0.52777773
0.39987373
0.47449028
0.66697586
0.71679467
0.67589706
0.64296764
0.77075189
0.51075554
0.60615158
0.71934903
0.25170568
0.83195537
0.70373499
0.73088866
0.74103701
0.49435836
0.53896427
0.49324039
0.59024805
0.72426522
0.55751985
0.6106295
""
0.78778583
0.72932458
0.72828466
0.7591843
0.64550054
0.57194805
0.50508887
0.58000118
0.63094252
0.63295746
0.6209684
0.63711047
0.62959284
0.49114913
0.61877078
0.66061395
0.69734877
0.76638997
0.79830515
""
0.69543606
0.62726218
0.64415997
0.6704495
0.69834787
0.60991424
0.5615952
0.63856268
0.71469092
0.57615215
0.53452092
""
0.5495013
0.4832249
0.50507712
0.71307641
0.27774942
0.56527722
0.78380084
0.66411966
0.67883831
0.68033952
0.71161598
0.55440456
0.54936785
0.63910383
0.60037631
0.50741082
0.64244074
0.59868729
0.64316636
0.81310523
0.62612951
0.62684166
0.65980154
0.58130449
0.70259684
0.55891877
0.56586272
0.67146719
0.61311013
0.65417582
0.70050615
0.71352369
0.71879023
0.741669
0.66434562
0.77980542
0.65433067
0.69645774
0.72951257
0.68304795
0.74249685
0.72454423
0.63580966
0.66809285
0.68196887
0.58721077
0.64606148
0.70201558
0.71925771
0.78803807
0.62661052
0.69630432
0.81002045
0.75087005
0.79209334
0.75334781
0.72913158
0.7719034
0.69433671
0.75373292
0.79007739
0.76824951
0.81437176
0.80466628
0.75737256
0.83275414
0.74710023
0.71575272
0.63961148
0.81825435
0.69969451
0.65034682
0.72536254
0.60941756
0.84821212
""
0.45053566
0.51065862
""
0.50957108
0.54811066
0.61740428
0.76854837
""
0.76339746
0.7714625
0.91564333
0.79256111
0.66063434
0.79139292
0.68829602
0.77699161
0.6605835
0.76887113
0.83074397
0.84233493
0.80428791
0.83426529
0.88107663
0.81000412
0.75040209
0.7700848
0.69487035
0.70947087
0.74933332
0.80755174
0.61441851
0.69794321
0.68465298
0.74625272
0.7292012
0.78061682
0.70312452
0.71751755
0.78471684
0.84274256
0.78650135
0.74456108
0.67282712
0.71300542
0.77885073
0.85162586
0.75771177
0.70158392
0.47541162
0.62273675
0.72872466
0.75451469
0.74283254
0.66510767
0.72377014
0.70042717
0.6202774
0.67880589
0.61240816
0.5425747
0.54608554
0.66869241
0.63814676
0.65138572
0.74211711
0.54906088
0.62636
0.57923383
0.73714793
0.63456213
0.83292228
0.73392427
0.71634507
0.78424311
0.7750091
0.77975249
0.78402668
0.8679812
0.81026322
0.78005213
0.70820469
0.80090851
0.77170217
0.76676351
0.82193023
0.87441915
0.83902985
0.73840207
0.81705636
0.7616725
0.77890271
0.7435348
0.77485049
0.77845591
0.68797857
0.68602425
0.69630796
0.65617001
0.6840111
0.6139698
0.60152274
0.53620988
0.56686163
0.57205212
0.74780881
0.64708841
0.68107444
0.70603514
0.76234072
0.74764657
0.80321479
0.71549225
0.62600678
0.71530956
0.70316041
""
0.71050763
0.69210923
0.71010244
0.80808377
0.72821826
0.63158113
0.77593219
0.73320121
0.80151618
0.73790765
0.66711211
0.73075914
0.64286256
0.61840737
0.66038054
0.56196833
0.57090384
0.53192121
0.6601153
0.60747111
0.5310927
0.65364659
0.67198521
0.74274206
0.67378438
0.60760361
0.56711507
0.67290163
0.59790313
0.61685574
0.55196846
0.51357257
0.72211099
0.62940562
0.70971501
0.63614941
0.61128449
0.57633519
0.61133564
0.52554083
0.53111392
0.5930531
0.63844711
0.71214032
0.74591565
0.68633115
0.59100944
0.69715977
0.67978013
0.72074574
0.63921005
0.57054889
0.74594861
0.55482131
0.66616368
0.71410501
0.75225699
0.69897884
0.70566523
0.78069031
0.70791668
0.64385051
0.66797006
0.66058022
0.6451624
0.71482587
0.69610995
0.69386154
0.47726241
0.80551249
0.57668847
0.64552736
0.72155511
0.67403901
0.79222906
0.84488571
0.59850752
0.53310978
0.73652261
0.75862598
0.77962512
0.73492223
0.75721079
0.85222846
0.62510985
0.72917545
0.75633502
0.59390265
0.74734682
0.77450699
0.61059666
0.78755921
0.81429082
0.80013478
0.76458633
0.71238416
0.76412255
0.67890263
0.80790806
0.6363278
0.69677299
0.81960815
0.47550681
0.43208846
0.39581037
0.47086909
0.49129099
0.21274631
0.31999803
0.70965981
0.72388703
0.78385323
0.81371909
0.78994894
0.77510774
0.70844781
0.737212
0.71009541
0.76363468
0.81467265
0.80709511
0.86875463
0.75773919
0.80445862
0.80718309
0.786192
0.77332598
0.80570757
0.78377402
0.81555301
0.8160705
0.82926029
0.86239338
0.85324961
0.88555706
0.72774816
0.91405833
0.82102168
0.84854013
0.82429516
0.93474209
0.88860536
0.86560857
0.84365916
0.86202341
0.80716008
0.84367222
0.80851495
0.77872318
0.78738749
0.90378827
0.88893551
0.84343648
0.81048268
0.8458519
0.7486189
0.83177984
0.75477529
0.80346018
0.86492151
0.77617377
0.79401553
0.79769546
0.70618033
0.81514472
0.83950233
0.89984912
0.84385324
0.79981101
0.77393466
0.8207953
0.82031024
0.80486625
0.88339037
0.85183656
0.88274574
0.83374858
0.74958915
0.8600958
0.87182468
0.83615035
0.81610894
0.83661652
0.84677237
0.78435719
0.78980398
0.7970286
0.79451883
0.81852883
0.83355373
0.82492185
0.75063711
0.80454797
0.84772557
0.80711365
0.8820802
0.84913272
0.81477392
0.72237933
0.83483183
0.76450521
0.84292346
0.86739522
0.79632646
0.81960696
0.78554142
0.77288175
0.7625851
0.86161017
0.85052532
0.85310036
0.72183967
0.85634673
0.85932648
0.89390761
0.79685378
0.79121202
0.82570314
0.83179891
0.70673561
0.77604419
0.80639887
0.80764222
0.84281296
0.77854317
0.81596428
0.75978065
0.83006299
0.86479479
0.81821734
0.83161652
0.70768255
0.83537561
0.87737179
0.80104119
0.87762362
0.82592803
0.84833074
0.81629723
0.77839899
0.90973753
0.8522718
0.85262132
0.85835773
0.95041281
0.83463985
0.77818424
0.84876645
0.82503051
0.82679379
0.82932132
0.76198328
0.78145671
0.76951373
0.83076847
0.78353512
0.83093381
0.88324672
0.88522929
0.8167392
0.82824951
0.82880479
0.74066544
0.74930972
0.856754
0.86805511
0.88931733
0.85630685
0.85161018
0.85661077
0.84203541
0.84532297
0.8701784
0.85893631
0.8844406
0.83006436
0.8615672
0.90557498
0.78757167
0.80880779
0.73235536
0.85024488
0.82405049
0.69815135
0.86332923
0.91123897
0.76744366
0.77758694
0.88942653
0.81071556
0.78265095
0.7379294
0.84264785
0.77668691
0.78268957
0.83193654
0.8925938
0.86458081
0.79009092
0.81841433
0.77916801
0.83009249
0.72538978
0.83365512
0.88948625
0.88798487
0.75426883
0.83803058
0.75676221
0.81090856
0.79729635
0.85217404
0.83047932
0.81836426
0.84872317
0.78778273
0.84479111
0.84259576
0.82715142
0.81557095
0.86174977
""
""
0.52174008
""
""
0.51803333
0.53867126
0.35049903
0.46401864
0.52456445
0.58040667
0.50553954
0.35135642
0.57049233
0.4155041
0.42312872
0.65860182
0.50372815
""
0.52787882
0.51735735
0.75243205
0.55163407
0.60432696
0.69064111
0.6309939
0.61997408
0.58969939
0.52608621
0.51985508
0.62088376
0.62736189
0.5628463
0.49140149
0.4094252
0.42152292
0.58115542
0.63185763
0.62532645
0.52210176
0.57313597
0.48952925
0.530734
0.52825779
0.62953609
0.59144503
0.49304792
0.50206172
0.64591062
0.53834355
0.53757262
0.32513723
0.49479666
0.63061577
0.56549793
0.57642126
""
0.54558623
0.56838566
0.62121952
0.62374371
0.54516083
0.55151433
0.54567504
0.63394761
0.62963051
0.49429154
0.50616354
0.57146442
0.73656207
0.62332481
0.51385605
0.39733073
0.51479161
0.75221235
0.67182672
0.60123712
0.67222762
0.6290403
0.67440522
0.68318689
0.64557934
0.62415892
0.59910899
0.57784617
0.62395829
0.66440284
0.64849824
0.73727113
0.71358967
0.60740143
0.6471957
0.74573362
0.52319509
0.61091083
0.65493774
0.77926081
0.77834499
0.68946505
0.68819588
0.60987252
0.66686195
0.51851326
0.73810035
0.82089651
0.70378131
0.72398967
0.7357049
0.7748872
0.76120853
0.74874258
0.72573084
0.7338326
0.78263116
0.79659569
0.69239956
0.70512873
0.68104076
0.67453992
0.68402088
0.74869436
0.77031648
0.70013672
0.57823706
0.6506716
0.60414922
0.60607338
0.65923291
0.64448667
0.71765143
0.81662935
0.69970268
0.72991186
0.61803222
0.65712065
0.74613202
0.72388184
0.76302809
0.4776189
0.47804761
0.55195576
0.54422688
0.58838338
0.80364549
0.79603636
0.78420973
0.85419941
0.75395817
0.70922834
0.76317304
0.77631134
0.72643965
""
""
0.8979302
0.66456074
0.72976363
0.76956725
0.81712133
0.86977667
0.83052969
0.86177891
0.79575193
0.64842868
0.67988586
0.69187093
0.66405272
0.71839482
0.74706304
0.83054143
0.76695168
0.83390659
0.8646614
0.76536852
0.86364049
0.80485719
0.77051121
0.80929458
0.7631945
0.69590461
0.66936398
0.7557773
0.82081342
0.68051428
0.87210155
0.57017511
0.71079159
0.75901604
0.54139072
0.70477438
0.68308604
0.65014195
0.70918602
0.7604084
0.76790112
0.76666325
0.82750142
0.7615298
0.80364251
0.72633809
0.63751519
0.75832707
0.78239816
0.73675102
0.75063491
0.79007339
0.81839681
0.74235499
0.7741521
0.78249216
0.75266123
0.72036034
0.73164511
0.714513
0.74644148
0.77046084
0.77027673
0.80807036
0.72678095
0.67061341
0.75603157
0.70672536
0.70218503
0.71061289
0.70967579
0.80499238
0.80066478
0.60709554
0.8078025
0.80674458
0.76983452
0.92613763
0.47440514
0.81055152
0.72646809
0.76303262
0.78015244
0.70025092
0.77924013
0.81310529
0.64961356
0.78443867
0.74547273
0.80547631
0.63199949
0.84517211
0.74114269
0.80309957
0.67837602
0.79620123
0.76506728
0.70041716
0.66694683
0.72153211
0.7666418
0.74425638
0.80670786
0.64363551
0.7370894
0.64492708
0.72280693
0.76547909
0.75740993
0.76168501
0.79653615
0.67449123
0.72494262
0.63593239
0.6041168
0.78959149
0.78042817
0.7366299
0.73872757
0.74024099
0.67534077
0.70133078
0.68688059
0.74519426
0.82460248
0.64795655
0.56100267
0.64834845
0.7466917
0.75783718
0.77242506
0.7597335
0.81101704
0.7784338
0.70492136
0.60813957
0.74376041
0.78831387
0.78996915
0.84007955
0.69026744
0.72937059
0.75295198
0.78107166
0.80680639
0.78112078
0.76347166
0.77018714
0.73958158
0.71980327
0.73334235
0.41949901
""
""
0.76589829
""
0.75300652
""
0.74680138
0.7122699
0.71758252
0.7790224
0.8362596
0.75767487
0.74244523
0.79129618
0.78474814
0.78903514
0.82193321
0.80548018
0.74429834
0.82409698
0.70628667
0.69952232
0.7126236
0.81555599
0.77871984
0.65965438
0.76165164
0.52902955
0.54139388
0.58344179
0.59935385
0.65704226
0.5108369
0.53615421
0.70809245
0.53184789
0.68721497
0.42279831
0.52990764
0.58292949
0.54597598
0.30533007
0.70133901
0.64775401
0.57714969
0.73750645
0.73845714
0.61611229
0.68971723
0.6743474
0.76374388
0.7435751
0.62397206
0.73633379
0.7246998
0.69551533
0.74839127
0.75844377
0.60099524
0.79110456
0.84423357
0.75376111
0.67319334
0.85795736
0.66612375
0.60709339
0.57519233
0.68118638
0.65303522
0.53851563
0.6756317
0.7624386
0.76897901
0.8144412
0.73865896
0.34196442
0.71228772
0.7043218
""
0.76392967
0.81050968
0.84809613
0.42791212
0.36175689
0.5351733
0.68407422
0.60702586
0.7754373
0.39331195
""
""
0.81510532
0.58025032
0.77188855
0.76618499
0.59580112
0.53097403
0.72450107
0.66430658
0.70402843
0.75828272
0.63910854
0.6785717
0.58204067
0.77636355
0.75007254
0.83019042
0.80583763
0.8101024
0.78002274
0.74933481
0.67051017
0.79157835
0.67668921
0.62513119
0.75912207
0.7103141
0.53227335
0.64273262
0.75030941
0.7434268
0.71141303
0.73138529
0.69118041
0.67284399
0.74233031
0.75090986
0.88241959
0.54899174
0.77726108
0.85547894
0.67618984
""
0.78972971
0.82756591
0.71520311
0.75870222
0.75651014
0.80775452
0.84608066
0.81824046
0.78239453
0.80835092
0.83509105
0.74218482
0.7788589
0.79795855
0.7338621
0.7140044
0.88510168
0.82452869
0.80158305
0.84522671
0.84749585
0.82000387
0.75228167
0.78230816
0.70969045
0.80350614
0.52528512
0.75622302
0.63874817
0.62505025
0.77009118
0.78886139
0.62820047
0.73223943
0.76918769
0.73606586
0.75427628
0.86879975
0.72559828
0.76472229
0.58832586
0.54082477
0.74547696
0.66279787
0.86843038
0.84339929
0.71780562
0.59917241
0.78745413
0.64135671
0.72684312
0.75888813
0.59489262
0.6120193
0.57851237
0.71814263
0.78564554
0.41582701
0.69596332
0.78743434
0.67641789
0.79527038
0.77402776
0.75094217
0.84507537
0.71257788
0.83321679
0.59342396
0.62697506
0.76540816
0.50687099
0.76907408
0.69270754
0.77882493
0.79408967
0.75832158
0.71444637
0.71129549
0.76938415
0.73900902
0.72726858
0.71038884
0.75539833
0.79967529
0.75474626
0.77098638
0.7827853
0.78301722
0.79108405
0.52220541
0.63928485
0.60864973
0.77537918
0.77134037
0.71965837
0.68131155
0.69926751
0.68823147
0.68379653
0.66556084
0.67119116
0.48376209
0.53168219
0.46170738
0.47355497
0.46067491
0.5093506
0.49762797
0.34477377
0.2501806
0.42854109
0.53772265
0.66837734
0.61575937
0.60731953
0.56900394
0.49927562
0.44787714
0.4023186
0.62051475
0.50433946
0.44791123
0.54893929
0.43000892
0.43615615
0.55437356
0.44633731
0.3728067
0.80196202
0.7280733
0.84144455
0.67271596
0.64476252
0.78431875
0.65825748
0.74315417
0.60461181
0.67193544
0.70693654
0.72279751
0.86259514
0.88972145
0.75616616
0.8149938
0.80709118
0.78485078
0.76058286
0.8206805
0.75084519
0.64220679
0.79073906
0.75721031
0.85449761
0.84274632
0.82317752
0.81017935
0.74902844
0.8034001
0.74548447
0.69998664
0.62893879
0.71361661
0.86003649
0.64655524
0.80503088
0.78265125
0.83280325
0.72600955
0.81808853
0.78040189
0.76314539
0.75458199
0.76797867
0.80946994
0.72563946
0.70223147
0.72635084
0.74983889
0.53577769
0.68490261
0.74589205
0.53565443
0.45923504
0.48735395
0.44426483
0.48817524
0.28425029
0.59195364
0.52752823
0.42106599
0.48076117
0.38231403
0.48481247
0.42611632
0.52694762
0.42162061
0.41299668
""
""
""
0.54320621
0.3702704
""
0.86682218
0.69356072
0.46294418
0.75822252
0.65886873
0.59862471
0.56547332
0.64661586
0.60963947
0.79458433
0.75195444
0.68012714
0.63593209
0.60676044
0.70075959
0.59247279
0.60426652
0.55804843
0.51875883
0.57681495
0.46456984
0.38785446
0.65341496
0.55017745
0.68343735
0.68551743
0.74208683
0.7701571
0.76410675
0.50291812
0.75733376
0.62786537
0.57145268
0.58172834
0.73369628
0.66697383
0.70900601
0.62930846
0.59149581
0.72203577
0.70537418
0.66706258
0.70582491
0.66905993
0.57604313
0.58346653
0.58584541
0.58790058
0.64465815
0.61148834
0.76808912
0.78815335
0.76874405
0.84033948
0.79945201
0.72061193
0.78736824
0.6922453
0.74712968
0.71705431
0.74317819
0.72753656
0.74430305
0.65442848
0.74178785
0.69388932
0.71804971
0.82352901
0.81149381
0.76484638
0.7915864
0.76433247
0.71104348
0.67307025
0.59564984
0.7831378
0.64361459
0.75313497
0.76682663
0.69279134
0.81348664
0.80416119
0.78340971
0.68863022
0.83060163
0.78106511
0.82363933
0.76511174
0.88468271
0.76951003
0.88111556
0.76518059
0.81471634
0.74476349
0.83741504
0.69669574
0.85063714
0.84103864
0.79645514
0.52399737
0.65738201
0.63318479
0.57113373
0.4805128
0.6233356
0.6883021
0.590105
0.57766116
0.56480777
0.55503732
0.57141238
0.6413613
0.6834076
0.66220635
0.58982426
0.71940047
0.59648687
0.54806232
0.64645994
0.73206758
0.67460841
0.71815091
0.72650725
0.69183481
0.69883764
0.67630988
0.77950883
0.70220315
0.58652079
0.60400015
0.49656707
0.6589486
0.53476059
0.68112808
0.5644533
0.59375215
0.71999168
0.63191015
0.67289919
0.70719743
0.71608359
0.55143601
0.44449988
0.57310444
0.61333078
0.68994123
0.70367169
0.70721298
0.56167966
0.64801157
0.70480424
0.67709327
0.68489081
0.65910947
0.67649543
0.54279834
0.67243218
0.5970304
0.58883852
0.62855333
0.60492617
0.66163296
0.59416795
0.51079273
0.43194723
0.56997997
0.44795844
0.65615052
0.70431143
0.61200321
0.56526023
0.61512727
0.63997024
0.58581984
0.63002771
0.62347007
0.95738882
""
0.31981283
0.74488258
0.48970866
0.56449747
0.57532078
""
0.48421979
""
0.61044461
0.57671535
0.53348148
0.73504293
0.64379805
0.5480991
0.54751289
0.65085828
0.52580798
0.59062874
0.63828313
0.51147979
0.55816668
0.68436402
0.40350041
0.61283678
0.59233689
0.73492438
0.48994896
0.52019507
0.59951913
0.7558037
0.76752955
0.49747145
0.64400369
0.725344
0.72841698
0.65066099
0.79156476
0.58973688
0.66662765
0.56126952
""
""
0.52953207
0.60106349
0.53372836
""
0.53711033
0.72646987
0.74343836
0.70859766
0.7329523
0.63426399
0.60927045
0.58669358
0.66744322
0.68063414
0.70749032
0.89130539
0.5265131
0.56348211
0.54011893
0.62655759
0.69167137
0.3703948
0.83276325
0.58863795
0.77091867
0.56965214
0.3892425
0.58656895
0.64689219
0.71160293
0.70202893
0.61773914
""
0.63942111
""
0.57412696
0.533521
0.72183341
0.62951028
0.55366206
0.5900628
0.70287186
0.58617091
0.60415703
0.56335396
0.61138487
0.44045496
0.57565928
0.71411526
0.68292403
0.51415294
0.71064609
0.78416288
0.72807848
0.83939338
""
0.83547556
0.68529713
0.66358823
0.91120547
0.8498655
0.72898084
0.74408507
0.71430326
0.86473817
0.70582873
0.81517398
0.87957692
0.45965591
0.84185731
0.76894706
0.70265925
0.78062606
0.79069752
0.7860409
""
0.76232857
0.76788026
0.80651343
0.81064904
0.80870825
0.80066895
""
""
""
""
""
""
""
""
""
""
0.87397981
""
0.36599889
""
0.97669309
""
""
""
""
""
""
0.4869166
""
""
""
""
""
""
""
""
0.90312463
0.90071285
0.94255888
""
0.90680319
0.82313567
0.87229925
""
""
0.87267482
""
""
""
""
""
""
""
""
""
0.70381701
""
""
""
""
""
""
""
""
""
0.63482344
""
0.60284853
""
""
""
""
""
""
""
""
""
""
""
""
""
0.67095286
""
""
""
""
""
""
""
""
""
""
""
""
""
0.90011215
""
""
""
""
""
""
""
""
""
""
""
0.92632276
0.79160744
0.73621583
0.91091794
0.77731681
0.77222973
0.7763533
0.81234288
0.79761803
0.79927325
""
""
0.84570974
0.79522413
0.93725616
""
0.88882399
0.78339529
0.67190766
0.85925227
0.75563043
0.74778891
0.83782321
0.79783511
""
""
""
""
""
""
""
""
""
""
""
""
""
""
""
""
""
""
""
""
""
""
""
""
""
""
""
""
""
""
""
""
""
""
""
""
""
""
""
""
""
""
""
""
""
""
""
""
""
""
""
""
""
""
""
""
""
""
""
""
""
""
""
""
""
""
""
""
""
""
""
""
""
""
""
""
""
""
""
""
""
""
""
""
""
""
""
""
""
""
""
""
0.59844351
0.48487759
0.67640483
0.81136847
""
""
0.84560484
""
""
""
""
""
""
""
""
0.47211823
0.68037182
0.66066927
""
""
0.44322446
0.90126401
0.73344821
0.82403111
""
0.89446938
1.0652908
0.59503824
0.73807031
""
""
""
""
0.78036368
0.77599812
0.75597006
0.74734819
0.78320515
0.77189523
0.76301157
0.69710511
0.75154316
""
""
""
0.63344753
0.50878662
""
0.57127821
0.70936322
0.4221451
0.60646904
0.59019274
0.6184693
0.60196626
0.48779196
0.63465041
0.68232369
0.63431913
0.75897133
0.64382887
0.75833058
0.76917464
0.73009729
0.65916246
0.76978791
0.86105901
0.89025611
0.84177196
0.908566
0.78955209
""
""
""
""
""
""
""
0.82811838
0.78332841
0.82144141
0.79957569
0.82340306
0.73348087
0.83864123
0.73769093
0.7301895
0.74274588
0.77560991
0.78160131
0.80515414
0.84905386
0.8254714
0.79825425
0.67056447
0.78729421
0.57664621
0.83175755
0.70728642
0.67048854
0.72128743
0.71376675
0.86600965
0.83723229
0.81406105
0.80732536
0.85633308
0.77726763
0.74688423
0.72273874
0.66936022
0.79295987
0.78833425
0.81748372
0.75882065
0.77380061
0.79876322
0.80021608
0.7364431
0.61963916
0.76321977
0.7236051
0.82705516
0.74213487
0.56892705
0.66249001
0.74624497
0.71093369
0.73999316
0.69562906
0.74149168
0.69412988
0.76548374
0.74956924
0.71222168
0.55179584
0.74602067
0.81792313
0.76048499
0.6974836
0.62577456
0.69629943
0.82416701
0.60340351
0.78516787
0.78189427
0.68612158
0.8483209
0.74306089
0.85908729
0.79922992
0.75280786
0.84491569
0.8878206
0.52176821
0.76950115
0.72436804
0.80238444
0.74935508
0.83703125
0.65285838
0.75001723
0.71512508
0.72640038
0.75968236
0.78655905
0.73251748
0.77068347
0.80366725
0.8231647
0.70071363
0.74917626
0.83023089
0.82337433
0.80806541
0.75944948
0.84069467
0.74369818
0.85168338
0.78411317
0.92997998
0.75135636
0.81203043
0.71571976
0.77278399
0.77662617
0.79350233
0.79942846
0.78101587
0.83194315
0.78929275
0.76855201
0.80800664
0.75266171
0.75175774
0.72387636
0.76924109
0.82737219
0.79168063
0.78292245
0.80303621
0.8285926
0.78453058
0.78926724
""
""
""
0.84296799
0.78836119
0.90691739
0.77029341
0.78961051
0.87623018
0.9379977
0.81286937
0.83903056
0.76830024
0.77802336
0.85365421
0.78974551
0.77054185
0.79044545
0.86985672
0.83298427
0.86777896
0.87602097
0.84532905
0.94252151
0.84758693
0.87191385
0.89865094
0.85933608
0.82911956
0.85755354
0.45716783
0.8488149
0.73485863
0.71794856
0.57262808
0.79729241
0.73578483
0.73269367
0.75557083
0.76510549
0.78309
0.81135142
0.84242105
0.84112424
0.75415444
0.8364929
0.91642517
0.79355288
0.7927593
0.72841215
0.81566346
0.69183654
0.73346275
0.73064768
0.83637005
0.81821316
0.7495147
0.79088163
0.77081138
0.80242854
0.81855541
0.80292314
0.79924023
0.82459706
0.89195704
0.79508328
""
0.82342041
""
0.80412674
0.7731446
0.65132397
0.75359696
0.82297546
0.83717972
0.80165523
0.7977519
0.77948904
0.82431787
0.76022607
0.82981622
0.8184033
0.87578577
0.87550485
0.80180341
0.83517945
0.79685903
0.81666267
0.73926073
0.80468881
0.80498075
0.84536213
0.82427764
0.81823176
0.82516849
0.8696481
0.75073153
0.85993141
0.75773889
0.84437996
0.76302546
0.73976988
0.81333691
0.82261753
0.73754805
0.83237183
0.86641991
0.84792334
0.83087522
0.66745204
0.70372635
0.86431235
0.76184881
0.77361828
0.81424165
0.73719603
0.784935
0.77904695
0.74359059
0.59163189
0.76186794
0.70657349
0.75654
0.79419494
0.70008361
0.76716167
0.65172845
0.82191706
0.76460207
0.88215429
0.78527141
0.76438391
0.76869804
0.73884374
0.70051235
0.74533272
0.6801616
0.79439378
0.77752137
0.74317527
0.68070596
0.74346727
0.7334578
0.81478572
0.80888963
0.85565907
0.69598061
0.64442289
0.78193033
0.72387862
0.79261523
0.75941175
0.70952117
""
""
""
""
""
""
0.62850899
0.52072984
0.49570897
0.55975699
0.55672807
0.517263
0.59336138
0.505997
0.59678817
0.56260687
0.55881524
0.56331742
0.50848734
0.56362087
0.79182231
0.72175664
0.73202085
0.79877663
0.78958124
0.75205714
0.73806381
0.68506187
0.76085156
0.80869007
0.80608451
0.81433046
0.75879091
0.71528471
0.78332406
0.73470581
0.76144487
0.6556254
0.69879818
0.74476784
0.75840652
0.79280341
0.71463162
0.71582556
0.75338686
0.83058232
0.79543287
0.80852193
0.79052001
0.78355443
0.88283384
0.87103534
0.67593503
0.68363416
0.72443658
0.82438636
0.71743
0.73030424
0.7694788
0.74508226
0.77949554
0.80003077
0.79662734
0.81688946
0.82269698
0.80619621
0.82612121
0.76591897
0.70393217
0.7676416
0.78626555
0.76965809
0.76285321
0.78222501
0.72123069
0.7787571
0.7982232
0.85810602
0.80273622
0.75831503
0.77684605
0.62952137
0.62399209
0.68346417
0.7720589
0.81412917
0.75883532
0.76580018
0.72864258
0.75969577
0.793262
0.80335927
0.77210468
0.815997
0.78634167
0.80912364
0.8210721
0.8038215
0.83346564
0.78811276
0.82331812
0.80018854
0.79730195
0.47930428
0.52683151
0.48537302
0.4436022
0.49235803
0.34275129
0.48779741
0.47508931
0.41158032
0.52773207
0.59242547
0.49195436
0.59973121
0.59345776
0.57733893
0.42886138
0.52116942
0.62193036
""
0.4049792
0.70859224
0.79064733
0.55543196
0.7294147
0.61300677
0.71702409
0.60959232
0.72170258
0.63552159
0.55322802
0.58445483
0.35745764
0.64235586
0.67913592
0.61342096
0.5472073
0.52424788
0.59240824
0.4706879
0.6107589
0.64200729
0.64646834
0.44828364
0.59376395
0.64271951
0.52087998
0.68192327
0.52147961
0.59453988
0.65679616
0.44314176
0.62190533
0.58557832
0.56197667
0.4412182
0.70100021
0.71205431
0.73511583
0.72195888
0.61839962
0.59090769
0.67085642
0.61772686
0.80433756
0.68773019
0.72163481
0.70821089
0.73499709
0.8094272
0.73241818
0.79438764
0.87138504
0.74284279
0.71649593
0.69195646
0.77351224
0.73546517
0.71606219
0.71492517
0.73824549
0.75565374
0.74428713
0.46716163
0.42366084
0.62296695
0.63767678
0.64741731
0.70926851
0.51143444
0.61359918
0.50954676
0.51978385
0.4168703
0.59663391
0.55831105
0.50414765
0.76864266
0.78283828
0.78589201
0.77500206
0.79438686
0.80010653
0.76563424
0.76838392
0.74145585
0.74333113
0.67378128
0.64682001
0.56036872
0.57811743
0.50605541
0.52465028
0.74727029
0.61575907
0.71096599
0.6870451
0.75582063
0.59162021
0.71006888
0.66331089
0.62490374
0.54738384
0.54075766
0.4695847
0.41722953
0.31908831
0.45214078
0.49302211
0.50171572
0.67638922
0.50010228
0.53766191
0.69997203
0.62011427
0.66052085
0.57624614
0.59054309
0.57194376
0.4905968
0.53262991
0.456081
0.6286006
0.67624784
0.64812624
0.84523666
0.80080432
0.82819086
0.87943447
0.86681682
0.86469394
0.72877789
0.8151989
0.82719439
0.82802838
0.87839454
0.83692789
0.86701334
0.80207062
0.8542245
0.85161215
0.73157167
0.81540751
0.83808392
0.86327595
0.83921236
0.69910938
0.63023144
0.66129428
0.77946526
0.7497707
0.74162471
0.8487944
0.75488931
0.65121084
0.77549517
0.78919834
0.7855565
0.75292826
0.80427372
0.85736394
0.77315533
0.77792066
0.65968603
0.6961807
0.77223533
0.66262275
0.85451049
0.6875456
0.78006566
0.75427008
0.74210483
0.75817037
0.71436369
0.74426413
0.72323936
0.77488798
0.65881932
0.73825252
0.75048852
0.72664905
0.67121965
0.76337534
0.70953226
0.75159645
0.80659223
0.84998274
0.74470609
0.7275486
0.69031835
0.6920076
0.69407934
0.83490133
0.64540696
0.77399212
0.78035676
0.72808117
0.73382986
0.84900445
0.78153884
0.65090191
0.74894857
0.80869669
0.75200826
0.82791525
0.83435488
0.83888894
0.77467811
0.73276097
0.66427159
0.65789336
0.79992563
0.82062167
0.74999857
0.77438331
0.79127443
0.74828804
0.6754083
0.68621331
0.55212039
0.66445267
0.5857476
0.59598452
0.553146
0.66719234
0.66009313
0.62157148
0.45492238
0.52882761
0.5060491
0.50769752
0.58004159
0.66073436
0.51034296
0.52248764
0.587901
0.45596889
0.38190734
0.39310047
0.40149504
0.62767601
0.62325007
0.65406036
0.57341629
0.58215988
0.63995343
0.55722845
0.43096685
0.5039621
0.5559532
0.54283512
0.59076226
0.61273944
0.58727014
0.57879186
0.51012856
0.49102184
0.48092115
0.59499472
0.64315867
0.69369608
0.52384275
0.50522679
0.58912879
0.74009144
0.69126731
0.45799214
0.56433105
0.81957871
0.8297528
0.81056327
0.83080029
0.79199356
0.80510956
0.77777272
0.93125069
0.75590199
0.89037573
""
""
0.37061924
""
""
0.62302703
""
""
0.64729196
0.7584675
""
0.72881633
0.86780506
0.84778374
0.62233293
0.66492188
0.91523463
0.78247052
0.90006083
0.72858936
0.77160078
0.77693146
0.78610003
0.76477611
0.81027108
0.74678522
0.8159104
0.62611789
0.79073083
0.80214489
0.74117631
0.77323461
0.77594727
0.80990595
0.80869222
0.80785495
0.82915956
0.75522661
0.86374819
0.92010611
0.84182513
0.81183249
0.81188679
0.76311225
0.73240697
0.81406718
0.72642565
0.75463194
0.76839715
0.79719132
0.77225548
0.77389699
0.7334742
0.67924225
0.78338701
0.84707659
0.64002222
0.69658273
0.74554116
0.74349535
0.74859941
0.79208106
0.7204715
0.76147324
0.71537882
0.55365044
0.70336902
0.70267707
0.69707716
0.8048858
0.57171595
0.70943087
0.77856231
0.72748715
0.7243247
0.73870248
0.69073522
0.79747361
0.66900402
0.81694287
0.66027236
0.61651379
0.73502374
0.67055786
0.76970172
0.51404542
0.62715846
0.74926257
0.79731017
0.775962
0.81031102
0.89745629
0.85373503
0.80417699
0.72765243
0.68265039
0.86553967
0.91846323
0.84955406
0.78588581
0.80130249
0.79464465
0.73620242
0.80941755
0.7671603
0.76431888
0.85594255
0.86347347
0.62326092
0.76419055
0.75296623
0.72745788
0.81495529
0.80829895
0.81788141
0.77587336
0.69548899
0.73803043
0.76325011
0.72098154
0.72371358
0.74106532
0.81529808
0.72156686
0.75858438
0.75266713
0.75675273
0.58654511
0.66458637
0.80779821
0.78738636
0.74753982
0.77744925
0.65135694
0.68599075
0.67447108
0.80087256
0.77563268
0.75797576
0.70063722
0.76975471
0.73561174
0.74935997
0.68781036
0.78325498
0.71389884
0.75603044
0.73697066
0.77472514
0.87056023
0.81593984
0.70560294
0.76838088
0.75166529
0.70833987
0.71022695
0.71635967
0.62491256
0.788454
0.78181869
0.73424709
0.7896533
0.78213501
0.78455383
0.80521739
0.75753331
0.72016793
0.70685565
0.72276956
0.84409809
0.67354465
0.79271185
0.80954421
0.76570821
0.74619395
0.70454341
0.73607415
0.73941505
0.80176234
0.76937294
0.67454869
0.74020022
0.7964282
0.88136357
0.69421506
0.74041361
0.70255727
0.6910907
0.72778624
0.63720745
0.76754767
0.79917347
0.75919831
0.76343429
0.7151646
0.6809001
0.76774991
0.67199385
0.73496747
0.78643167
0.71553642
0.83152848
0.72658396
0.78552926
0.73956186
0.79064673
0.71944404
0.82421827
0.74328971
0.79007202
0.80390155
0.76641756
0.75005716
0.8799513
0.81236047
0.75838256
0.78681445
0.63781554
""
0.81686729
0.93104678
0.85534149
0.81018746
0.90756857
0.87737769
""
0.64817446
0.53820366
""
0.84581804
0.71065629
0.66574323
0.67913961
0.46277094
0.73626614
0.5419597
0.67283618
""
0.70761281
0.61592293
0.63023216
0.39380991
0.70433044
0.72797787
0.52851284
0.47903496
0.7291736
0.28037131
0.76816469
0.85977888
0.93593395
0.80057114
0.73245037
0.70222783
0.78605485
0.82035667
0.76643443
0.83979321
0.72050846
0.77872062
0.73347735
""
0.87341046
0.61410034
0.80292475
""
0.78628063
0.81797719
0.76775748
0.75548643
0.86297089
0.58451384
0.70210981
0.85287267
0.77118427
0.78310668
0.82233524
0.74055147
0.76959229
0.8282693
0.74701583
0.80159402
0.73298305
0.67522532
0.64069808
0.73520118
0.42817694
0.42808503
0.7213186
0.54707193
0.70867634
0.59738791
0.5420903
0.61130226
0.65767914
0.50416493
0.54380804
0.51235843
0.52549106
0.45404124
0.40881968
0.6687842
0.63838428
0.7454105
0.69680113
0.75056541
0.70779294
0.73834449
0.69434786
0.51049459
0.55736768
0.52429104
0.61658984
0.5684492
0.59327269
0.52062005
0.58194947
0.51839435
0.61123788
0.52808619
0.53086233
0.50649256
0.54268408
0.34716609
0.52770752
0.55273223
0.50031441
0.48423788
0.5195955
0.46926245
0.54122657
0.44683379
0.4134692
0.46754026
0.50948352
0.49903157
0.54021752
0.53662097
0.52543771
0.51243544
0.48733166
0.3248741
0.52230603
0.45386475
0.49252993
0.44632921
0.47551706
0.49928445
0.44979766
0.60455412
0.57432288
0.69832915
0.4571749
0.40196428
0.52952242
0.46019644
0.61192185
0.46608379
0.69718599
0.69741726
0.46047255
0.42199096
0.48260927
0.47518468
0.47305241
0.3364788
0.43212983
0.50781941
0.32922018
0.58862066
0.57560068
0.50778127
0.46135876
0.57024014
0.57223272
0.54051626
0.46592772
0.49690798
0.49848714
0.53215533
0.25439677
0.39889708
0.40814337
0.65020901
0.53729326
0.52212512
0.46753612
0.49875578
0.50787854
0.55146718
0.4918389
0.45648599
0.51290184
0.45262834
0.62027562
0.59861904
0.5818978
0.63804805
0.48217189
0.46973717
0.60950238
0.48180777
0.59055513
0.51457769
0.6395089
0.5954839
0.5352596
0.47404695
0.54199243
0.65544921
0.31589174
0.51547891
0.66607493
0.53233975
0.54023409
0.44017515
0.50445467
0.53266019
0.50360221
0.52100217
0.3389326
0.48624125
0.34313565
0.61780381
0.6579327
0.51795155
0.5377416
0.52249521
0.61505872
0.61944157
0.49522582
0.38204658
0.44184002
0.50087631
0.49001831
0.35307977
0.69991261
0.5614984
0.79415095
""
0.67919153
0.75117087
0.45777631
0.61564988
0.63878638
0.62366718
0.70862329
0.74980778
0.56698525
0.65417778
0.45000574
0.63857466
0.6303798
0.57166362
0.53837991
0.5007019
0.63799411
0.58841044
0.51881248
0.46808773
0.62775862
0.47311822
0.67360592
0.72502792
0.63592911
0.51650882
0.75411725
0.70019841
0.65143949
0.62779683
0.66724735
0.68335474
""
0.59987402
0.4174144
0.5355612
0.55825895
0.55883348
0.56879807
0.56608915
0.56801492
0.42205599
0.46892416
0.41854635
0.46383196
0.42188844
0.47638446
0.56724417
0.57492518
0.57879114
0.51958752
0.51520663
0.42514336
0.50092191
0.47498268
0.48376617
0.51121414
0.58177102
0.56424004
0.55044323
0.51209158
0.55285537
0.51065224
0.59101605
0.37484342
0.38007712
0.51151359
0.30603212
0.54941344
0.64336407
0.58744854
0.62184697
0.58554333
0.50276172
0.53807884
0.54183906
0.49334309
0.4977226
0.53755605
0.56642628
0.56757414
0.45822531
0.69458586
0.7035225
0.43447736
0.83001405
0.772578
0.84215146
0.87371224
0.84680974
0.84204656
0.73326379
0.80689394
0.85333002
0.86180264
0.82075113
0.86041945
0.87662822
0.73530227
0.80170184
0.82726711
0.87051833
0.84126037
0.8160339
0.88761443
0.87897295
0.69796276
0.86500186
0.78290093
0.72684926
0.76583439
0.78647375
0.88756472
0.90129417
0.91953635
0.87133402
0.8173722
0.90453094
0.80799609
0.77180511
0.94087213
""
""
""
0.64321023
0.6874221
0.62305325
0.59892023
0.86983353
0.82152885
0.85648817
0.85866773
0.80028707
0.77178615
0.8443377
0.65561247
0.8406626
0.71779019
0.66291791
0.68167114
0.79037869
0.72890997
0.87404811
0.8566519
""
0.84863919
0.78025258
0.79504204
0.68153524
0.89302009
0.89659321
0.8229565
0.75098497
0.79914618
0.82473528
0.76223505
0.85848379
0.66762453
0.77317911
0.62483877
0.78279322
0.79827672
0.84373921
0.86698139
0.82948434
0.83151495
0.71952075
0.74688447
0.79820418
0.67622322
0.84071642
0.88731754
0.80353308
0.73349756
0.79999328
0.87651086
0.72281927
0.72947204
""
0.73350328
0.8380565
0.81885415
0.85455245
0.80577576
0.7053383
0.66528708
0.8337087
0.68751144
0.75113738
0.81473261
0.73615164
0.66837507
0.75449908
0.74413645
0.79052335
0.87762344
0.80148482
0.80423182
0.771752
0.69058758
0.72285384
0.81330007
0.82311165
0.85154277
0.82482958
0.81601137
0.87196469
0.83587605
0.85356462
0.77557796
0.79646903
0.85177833
0.82962871
0.85027647
0.85101026
0.93986475
0.78590876
0.81983447
0.59890938
0.39340669
0.4419319
0.39840031
0.35254958
0.43999952
0.28091231
0.31976765
0.49039814
0.36806202
0.38760531
0.4648689
0.42196825
0.45573348
0.47010726
0.52671391
0.66341645
0.60574311
0.49097434
0.42617616
0.51660621
0.51326549
0.37722039
0.60049129
0.53749216
0.71957332
0.59006059
0.49889868
0.43257505
0.4357461
0.52704793
0.48558351
0.39896929
0.47311461
0.55014092
0.61093414
0.62731487
0.61414838
0.57359296
0.4606677
0.57306135
0.47397619
0.61241269
0.58039147
0.44110301
0.70970833
0.61429125
0.64543283
0.38931733
0.5322758
0.66834056
0.63978302
0.52356505
0.64724231
0.63622981
0.66695184
0.71840483
0.6634692
0.51422578
0.72353727
0.69364578
0.7663793
0.64824533
0.66184849
0.59019798
0.69495732
0.6798535
0.73432851
0.63302958
0.71328914
0.73227233
0.73902583
0.7220785
0.68474853
0.61687726
0.63793677
0.65715271
0.54281169
0.61464936
0.59838563
0.63270456
0.60267633
0.58886111
0.67530346
0.60528547
0.65966159
0.65326697
0.57309955
0.71704811
0.58208108
0.67162097
0.71132046
0.68273818
0.64294136
0.68362993
0.54734123
0.59239197
0.63586044
0.73030055
0.41534233
0.68781662
0.79811788
0.85962409
0.70801306
0.70552641
0.77342212
0.65830702
0.79833502
0.77127802
0.72556657
0.73629832
0.72800434
0.78993678
0.70549685
0.82819909
0.70757043
0.78500944
0.75820506
0.78093541
0.65997803
0.5483079
0.77776164
0.5655331
0.65037441
0.64475107
0.65839225
0.57911694
0.6273458
0.65051693
0.54345632
0.5678336
0.59131527
0.50284106
0.55320126
0.46933031
0.50092179
0.48199841
0.50784624
0.56653816
0.6008805
0.53294253
0.67663819
0.64702427
0.69858491
0.57673234
0.63846618
0.64235717
0.56096768
0.54376405
0.62028557
0.71610773
0.71362615
0.68303269
0.73193181
0.73129702
0.730349
0.61330253
0.57200754
0.68435985
0.62465072
0.59681082
0.68532926
0.77455205
0.70828038
0.57259321
""
0.57839704
0.48745242
0.51463622
0.61935705
0.69921136
0.49203229
0.52202475
0.49133682
0.50488728
0.36409903
0.64364648
0.51707935
0.4897556
0.50423539
0.42356774
0.48832709
0.40215701
0.51552552
0.54363441
0.48387274
0.30231991
0.41284949
0.3591173
0.30737969
0.48858738
0.582322
0.67233592
0.49754453
0.73508835
0.73664761
0.71554482
0.44832787
0.44683903
0.36385974
0.5200274
0.48790818
0.51271111
0.4900839
0.54722059
0.80525148
0.73741227
0.79758388
0.83018655
0.84839028
0.78166407
0.75465655
0.81915778
0.90226555
0.78229678
0.82877666
0.84857011
0.76596808
0.76959556
0.80560482
0.79300141
0.74059767
0.79028589
0.72680241
0.86401516
0.73952544
0.86399883
""
0.73486477
0.82084984
0.81029856
0.8235122
0.84190738
0.95084345
0.86249554
0.79662585
0.78048438
0.80326605
0.67477363
0.75911623
0.81109393
0.83740413
0.79031295
0.86503565
0.68143851
0.81979036
0.77243787
0.86325419
0.76319522
0.78279775
0.80387813
0.81328309
0.77894449
0.80473113
0.55105853
0.50166845
0.5211274
0.69172043
0.53360271
0.54317439
0.57063693
0.55845749
0.5141198
0.43378413
0.55861545
0.60360736
0.58890694
0.53044754
0.52868813
0.56532812
0.69549286
0.65877044
0.59880602
0.61847085
0.6589576
0.72562331
0.71018207
0.6911037
0.71511626
0.7117123
0.63826257
0.70963001
0.73810631
0.73447663
0.68673921
0.56750947
0.49664837
0.46935302
0.43786916
0.41123489
0.61186844
0.4569101
""
""
0.57144356
0.3778398
0.33646968
0.59987468
0.43163782
0.7354964
0.64003289
0.74357611
0.75431603
0.79318535
0.78265971
0.79621243
0.59685665
0.53962576
0.57975793
0.63678074
0.57946992
0.63456744
0.54237676
0.47409922
0.58473289
0.68907225
0.68798453
""
""
""
0.58124715
0.54054981
0.41634506
0.39120218
0.30723849
0.72821748
""
0.77695543
0.5973863
0.69388598
0.5930565
0.51766968
0.81655782
0.73579878
0.75740844
0.68051052
0.86531764
0.59668905
0.55401587
0.43804866
""
0.29983646
0.68740904
0.70926827
0.48837051
0.57953358
0.52406168
0.65260118
0.62918007
0.47216594
0.50821394
""
0.5023672
0.61338824
0.48770174
0.51298916
""
""
0.69653755
0.82888329
0.68950731
0.60848486
0.69511151
0.62608159
0.63352668
""
0.62639219
0.72237188
0.72525841
0.80973703
0.76653987
0.86264479
0.7890209
0.7512458
0.71167523
0.67257959
0.7768507
0.74793458
0.78348392
0.67999887
0.73531806
0.74605811
0.73980838
0.763758
0.74817246
0.72359437
0.77755165
0.72319204
0.74632418
0.7476626
0.76377237
0.64615142
0.63706726
0.69417816
0.73986405
0.70792508
0.81408769
0.70057082
0.74383211
0.73056382
0.79713058
0.50111425
0.64946079
""
""
0.52683818
0.51023692
0.27305922
0.44076821
0.68232411
0.6368162
0.7228238
0.6931811
0.71124238
0.60620999
0.70118791
0.68752909
0.22938998
0.59641474
0.60331184
0.77292079
0.76679438
0.67839873
0.79318714
0.73758799
0.67057037
0.75457233
0.53897691
0.6117025
0.4991188
0.61184561
0.55631638
0.65976161
0.68733144
0.66278172
0.74033266
0.55941635
0.72878313
0.71245444
0.91376621
0.6977194
0.57207918
0.45207742
0.59985507
0.62498415
0.55355364
0.55475003
0.66298789
0.6348564
0.59014183
0.60099202
0.60698432
0.67215979
0.68993706
0.67241699
0.83870906
0.58699614
0.65471011
0.67819589
0.69627804
0.72169781
0.68291342
0.6581766
0.71082413
0.6744386
0.64491248
0.72269464
0.65937811
0.70443881
0.78039694
0.72837913
0.68299532
0.73557192
0.77282411
0.69698513
0.7630707
0.85141671
0.73173755
0.71365863
0.80409938
0.59030795
0.54921991
0.6151461
0.55596513
0.54834855
0.74449235
0.64438266
0.57225859
""
""
0.80384427
""
""
""
""
""
0.65670854
0.67783028
0.49529028
0.66904265
""
""
""
""
""
""
""
0.55664223
0.81766582
""
0.69836944
0.70613623
0.72343284
0.76987594
0.65740585
0.7401132
0.4689151
0.40876913
""
""
""
""
0.57021856
0.63161016
0.56809014
0.57510501
0.6355077
0.73719734
""
0.63784719
0.67100734
0.68315303
0.70635664
0.73854768
0.81968856
0.71143693
0.75574964
0.70373666
0.67183036
0.62793094
0.66604102
0.68848449
0.61296624
0.69715965
0.71439898
""
""
0.51672101
0.34910402
""
0.44796535
0.48702261
0.42288694
0.41649783
0.39722598
0.54687911
0.75289226
0.82118207
0.67038095
0.65650982
0.77748644
0.70096987
0.75666976
0.76510674
0.76123154
0.73533422
0.7210294
0.68198204
0.62761509
0.65115392
0.6231975
0.63555604
0.62130284
0.66863698
0.62988597
0.76093763
0.5625726
0.74014658
0.79493231
""
""
0.6711002
0.62882632
0.74321735
0.56633466
0.69742519
0.60113251
0.82358301
0.61038721
0.55483782
0.60437262
0.72974634
0.76348197
0.43529794
""
0.61184913
0.78329033
0.67865568
0.6846171
0.74031568
0.69976389
0.63094413
0.4518865
0.57525158
0.57418978
0.66426641
0.74221909
0.74692833
0.69615835
0.62612814
0.66254526
""
0.46206218
0.75198954
0.69518048
0.54907596
0.41593137
""
0.57555521
0.52068835
0.71771187
0.67190033
0.68016273
0.62876147
0.75923645
0.66608655
0.51894885
0.5498457
0.599702
0.71013135
0.72980881
0.66591305
0.63817638
0.50118196
0.4887014
""
0.62382227
0.65179181
0.54610986
0.48570049
0.49960834
0.46208066
0.60278255
0.55923885
0.614465
0.66535062
0.73068959
0.68961066
0.71914274
0.80092293
""
0.55764836
0.6341958
0.71889341
0.68421108
0.71021456
0.73827988
0.74854088
0.72020638
0.69551635
0.75633729
0.68770862
0.7222296
0.70771676
0.65101224
0.83867449
0.6411373
0.57735747
0.60399377
0.57093161
0.5891813
0.54717368
0.52956182
0.60261136
0.84899801
0.59235924
0.76709664
""
0.61547637
0.55452174
0.53286439
0.37887985
0.67618293
0.51149923
0.59025306
0.62755847
0.64280802
0.71149403
0.68319184
0.62260252
0.47800255
0.59302092
0.5207395
0.42153999
0.56681526
0.57978874
0.57928109
0.56568843
0.44234997
0.58430052
0.44507954
0.62676042
0.44513115
0.41831446
""
0.60385007
0.65584993
0.62455165
0.59204787
0.57760036
0.55556995
0.60614991
0.58154786
0.59127581
0.65193677
0.60364467
0.33484852
0.59202892
0.73594284
0.68136811
""
0.67655599
0.7376253
0.75631386
0.66112369
""
0.63577318
0.64103866
0.57274383
0.49957019
0.62600416
0.75603396
0.71789759
0.78999889
0.76203221
0.72013044
0.67587727
0.7194804
0.72519177
0.68527836
0.67451489
0.76875001
0.65011251
0.7078985
0.63004029
0.61491889
0.60170829
0.50163072
0.47816226
0.49801445
0.67971539
0.80605578
0.72067755
0.70431018
0.74109167
0.75951576
0.6453073
0.74110043
0.69170862
0.62783253
0.70921224
0.55585814
0.5753994
0.55986023
0.52799195
0.62044179
0.59492338
0.29621691
0.48333311
0.30831799
0.57116038
0.40846857
0.45681432
0.60580301
0.64111108
0.67695701
0.72403085
0.7653529
0.67467237
0.67577976
0.69611937
0.48080012
0.62722993
0.75966561
0.71990544
0.67178047
0.64940673
0.6517576
0.69007009
0.72712284
0.72135293
0.62581778
0.55489904
0.5937472
0.56717044
0.44927287
0.51714271
0.69404072
0.68149364
0.7431829
0.71734971
0.71403432
0.64825314
0.77701616
0.8354314
0.79258323
0.67526579
0.6079545
0.71902198
0.5996381
0.46983021
0.36686254
0.5998407
0.75949126
0.76518589
0.68444252
0.78264302
0.66110283
0.56876171
0.66440129
0.6474297
0.77221417
0.65461195
0.67017984
0.70511001
0.8289156
0.77511138
""
0.70637274
0.67765135
0.73797542
0.72385389
0.80892873
0.71684676
0.66934597
0.82863146
0.71239161
0.80543572
0.70809585
""
0.68779653
0.78080302
0.76267248
0.80908322
0.68467057
0.6235829
0.48037031
0.60701436
0.82492489
0.70669174
0.82190263
0.75006908
0.63390976
0.7475785
0.63916737
0.6468482
0.6422174
0.76187432
0.78528017
0.41709352
0.50462437
0.51095402
0.43318018
""
""
0.42635769
0.7009694
0.67012846
""
0.56044418
0.77490592
0.76491714
0.74745369
0.738563
0.72700506
0.68553364
0.75793338
0.70044225
0.68576556
0.75088525
0.72478992
0.64952433
0.64662594
0.62973803
0.83643872
0.67429554
0.75050008
0.67928368
0.58742183
0.63894427
0.7514354
0.68809104
0.68380475
0.63431001
0.55824769
0.47337911
0.4078576
0.46349132
0.50587893
0.47725496
0.49065611
0.49181122
0.50471306
0.59455508
0.56692648
0.65839732
0.51206416
0.32015133
0.50031465
""
""
0.42202565
0.48543534
0.43812165
0.43731534
""
""
""
""
0.3966226
0.52678752
0.36032635
0.50942218
""
""
0.54646051
0.5878951
0.72760403
0.72812855
0.7044301
0.65949965
0.68162864
0.59644711
0.43536165
0.63924789
0.6342656
0.50191796
0.57482719
0.58905512
0.6573236
0.64882618
0.65600085
0.59996009
0.34769893
0.37801984
0.65350538
0.33200908
0.5872699
0.47432742
0.5859555
0.38328186
0.41098171
0.48801437
0.48534909
""
0.59386295
0.61023277
0.69977748
0.66182351
0.537103
0.60819286
0.59983695
0.53772599
0.55235797
0.50225896
0.49072176
0.4769043
0.51763332
0.60315305
0.49802202
0.52099812
0.46542108
0.48332474
0.52526772
0.39955604
0.56725919
0.56471986
0.47391555
0.71360236
0.64296424
0.7295481
0.59939349
0.60358465
0.61037081
0.58088744
0.55398697
0.6955117
0.63279748
0.66079718
0.70961887
0.78322703
0.48593265
0.64408958
""
0.50942808
0.71710807
0.67293459
0.60586709
0.63193434
0.55891329
0.5221945
0.55291033
0.53044909
0.63804656
0.56657654
0.63905901
0.70624131
0.64058071
0.62141198
0.56662637
0.65180779
0.64143902
0.67819476
0.6379534
0.52164668
0.70282334
0.72534233
0.66508585
0.63275498
""
0.53744566
0.65688443
0.76534563
0.75048447
0.68984574
0.56450021
0.59790552
0.62419826
0.68048829
0.66306102
0.66043133
0.68798983
0.70785207
0.68217582
0.67931932
0.70133573
0.6965006
0.59081715
0.77129894
0.69502473
0.80965996
0.59498382
0.71451217
0.71998799
0.76724982
0.59125167
0.61778611
0.63348633
0.56841254
0.55151451
0.72402853
0.71405852
0.69126964
0.62062752
0.62162894
0.65336782
0.58591956
0.70925951
0.70911741
0.63917005
0.73453623
0.6327678
0.73301798
0.77362067
0.70937252
0.51101649
0.47880593
0.44044137
0.48817492
0.43872079
0.53510511
0.50422639
0.60552299
0.53554618
0.51274568
0.4130435
0.72625828
0.73042685
0.77858788
0.69936347
0.64972925
0.67822504
0.57279956
0.68410361
0.70980275
0.41411757
0.55128562
0.55984378
0.58986419
0.60393924
0.68373412
0.68163532
0.61113107
0.50347769
0.5520317
0.69105279
0.52958715
0.74352103
0.77527118
0.80262393
0.68421537
0.79466569
0.78524888
0.81971556
0.69150275
0.84157395
0.85049909
0.74097836
0.70045686
0.77274913
0.72552925
0.74559593
0.77654475
0.82164139
0.74203998
0.71034139
0.7443524
0.51132172
0.5080635
0.41871822
0.50171423
0.55315536
0.45229289
0.64296448
0.63012666
0.68721169
0.62193203
0.69401419
0.6432845
0.52004832
0.73878455
0.67032343
0.64001352
0.69910342
0.67918235
0.76601166
0.70685577
0.57019699
0.62782162
0.56503475
0.7937327
0.71771461
0.76745969
0.86176646
0.84959871
0.73665875
0.80893958
0.84421116
0.7118423
0.73134333
0.78368026
0.80625129
0.75588876
0.75003195
0.77292866
0.81871426
0.74354547
0.75811362
0.82854277
0.74995041
0.73631859
0.82217562
0.83398706
0.75473768
0.70277095
0.83640379
0.66067582
0.76020992
0.69323999
0.79175091
0.69594961
0.72527725
0.81946313
0.78946435
0.7740202
0.68831509
0.74055719
0.73478872
0.748689
0.71181476
0.77579272
0.82738417
0.69981289
0.69912022
0.51369977
0.57576638
0.57993829
0.56812531
0.67106515
0.65409648
0.62347955
0.65266949
0.69209927
0.55807364
0.60477275
0.60064548
0.81938189
0.71144158
0.6760751
0.68953472
0.72530621
0.71699601
0.74157798
0.71478915
0.58224362
0.61208868
0.58917451
0.73083073
0.78812784
0.77606875
0.72798222
0.74751765
0.68812394
0.69402844
0.49835354
0.5050717
0.6640895
0.68209445
0.78352296
0.59821206
0.60506642
0.62978625
0.63283968
0.70143294
0.64698291
0.50776619
0.48861256
0.55641001
0.66516745
0.64422095
0.51052701
0.46171433
0.59542531
0.6033144
0.62060851
0.6365574
0.58693957
0.55037272
0.62834328
0.55642933
0.83534896
0.76911032
0.78550553
0.78593457
0.73366481
0.811786
0.77295929
0.78767121
0.79369491
0.83597386
0.77673054
0.81949431
0.84573245
0.82960075
0.84398466
0.7228415
0.70085651
0.65402627
0.64597976
0.70421213
0.59767091
0.73918259
0.51937395
0.47390825
0.62070537
0.56843597
0.65058297
0.72344422
0.80518323
0.67583919
0.65714794
0.70051658
0.79239553
0.55786878
0.54824007
0.74075764
0.68776029
0.64008045
0.63240963
0.62653154
0.67165107
0.79383296
0.70299554
0.78765619
0.71327883
0.70920771
0.67318523
0.63621277
0.5857259
0.67481083
0.56134617
0.60159081
0.56605643
0.78643358
0.82358056
0.74498785
0.75402808
0.62967265
0.61525595
0.61939657
0.7331205
0.52098805
0.67540932
0.64598101
0.56374538
0.51979274
0.65229952
0.69663572
0.68839598
0.75943148
0.69960403
0.76571411
0.74707854
0.70144272
0.69707066
0.68000597
0.72226739
0.72327352
0.73973107
0.66703886
0.52320182
0.73672479
0.72191048
0.73368204
0.60876781
0.71691597
0.44871399
0.57016617
0.49842215
0.5283848
0.51311952
0.67313725
0.50805801
0.49834329
0.62592334
0.55775964
0.58502489
0.51124549
0.48687962
0.7320689
0.57996893
0.61283004
0.70058072
0.49755061
0.39512008
0.66754299
0.78031623
0.61949193
0.51216871
0.63099414
0.62612212
0.59260982
0.60785812
0.59445834
0.59127533
0.49932542
0.65752578
0.67981839
0.62312067
0.66535896
0.8610822
0.79471457
0.78082728
0.7821539
0.87206799
0.88512325
0.67512935
0.88211012
0.88990164
0.80070859
0.86277711
0.86919439
0.86992097
0.73848778
""
""
0.69915366
""
0.6800012
0.58899248
""
""
""
""
""
""
""
""
""
""
""
0.77370805
0.8002702
0.59728128
0.89839333
0.67793179
0.46895644
0.6850816
0.61333907
0.70631593
""
""
""
0.65706116
""
""
0.72251934
0.62136686
0.64378977
0.60325158
0.64226729
0.3470031
0.61755061
""
0.81928194
0.69976449
0.70544785
0.75837642
0.80411685
0.83885765
0.87984651
0.79884577
0.78447556
0.78019542
0.80298471
0.68205673
0.61856025
0.73029053
0.70822781
0.72691542
0.79274273
0.81534046
0.82550955
0.82134038
0.79620332
0.75647789
0.82882363
0.83769244
0.81168282
0.83758712
0.82202679
0.82614231
0.83526719
0.85776711
0.78498667
0.74553627
0.79705471
0.7589919
0.84081733
0.86621529
0.77263838
0.79555863
0.76325536
0.71495384
0.74435687
0.74929327
0.67297286
0.78548801
0.70990944
0.83019227
0.78258055
0.79852998
0.71191901
0.79021704
0.68965298
0.82170153
0.7464388
0.84028929
0.82708055
0.81579572
0.72359377
0.79415858
0.52761984
0.71181577
0.77306825
0.82449311
0.79215962
0.83572263
0.82947087
0.59964615
0.66617817
0.74636459
0.81400073
0.77219939
0.69922936
0.82689881
0.7778005
0.80908048
0.6694541
0.8279469
0.81763816
0.78018767
0.85431272
0.79552656
0.76756328
0.78213197
0.80158156
0.75278091
0.71486938
0.7585339
0.70467794
0.77104801
0.67292422
0.80359107
0.6568377
0.66766912
0.75363237
0.84217221
0.79272735
0.79427934
0.78874981
0.78363431
0.636576
0.7497943
0.89824098
0.84562188
0.73973054
0.81915796
0.80923581
0.85522687
0.52094042
0.83677983
0.91003805
0.80880862
0.81983703
0.42399323
0.58635378
0.66259384
0.74090409
""
""
0.7960583
0.68808872
""
""
0.71127248
0.77297264
""
0.82139826
""
0.78656107
0.82530439
0.72274947
0.83219355
0.83916968
0.83354676
0.75254923
0.77163923
0.79109198
0.75602484
0.93664223
0.5682869
0.74312544
0.81712568
""
""
""
""
0.53157276
0.59035587
0.65343338
0.63505071
0.63195193
0.61812472
0.7240724
0.61165601
0.70176089
0.6782952
0.59413201
0.67460322
0.64106959
0.64274722
0.68581641
0.69167459
0.6353389
0.62974173
0.70296782
0.67664969
0.63681751
0.80590528
0.82941741
0.76098293
0.83724302
0.8817783
0.87882257
0.8747102
0.84259766
0.79351282
0.85588974
0.80702078
0.7776686
0.87809062
0.79109913
0.84221238
0.78875673
0.81743705
0.83661747
0.87305838
0.82238358
0.85445923
0.81487459
0.78506112
0.82288593
0.79141444
0.8165313
0.83660525
0.84273744
0.76627815
0.801687
0.82635617
0.79244798
0.82218772
0.83552611
0.82151347
0.77970231
0.81839806
0.81812024
0.77431518
0.78487808
0.75135183
0.77653283
0.80550748
0.77463043
0.78724772
0.64349139
0.66358495
0.57999718
0.63013941
0.54229528
0.70350051
0.58783638
0.38022521
0.5882318
0.71313643
0.70666909
0.7068274
0.71263772
0.65021455
0.61786205
0.85257035
0.73649698
0.61315417
0.7414909
0.72128224
0.78672558
0.82934374
0.63864821
0.48631161
0.56164265
0.49359983
0.61604053
0.50050515
0.46104804
0.63701844
0.61121517
0.62799048
0.75821692
0.6987105
0.76700997
0.79549927
0.77212328
0.8037672
0.82040501
0.81416863
0.48231521
0.5581075
0.50370634
0.46431166
0.49349028
0.47483987
0.58097601
0.46476275
0.40582693
0.52811503
0.65838259
0.56058484
0.64137971
0.60989517
0.57245433
0.46895286
0.52403718
0.45238507
0.50739098
0.72211891
0.68670934
0.74567628
0.51684481
0.55896467
0.62397921
0.62471449
0.57062399
0.5606271
0.55224216
0.65156907
0.57558411
0.77943128
0.69798064
0.38564911
0.37531528
0.62552875
0.55954313
0.59543496
0.62664378
0.53075397
0.71906388
0.63541412
0.78061938
0.67763859
0.74479765
0.64308512
0.63657624
0.56577688
0.40351921
0.573241
0.68329436
0.52088237
0.5337283
0.54630148
0.49121332
0.56391335
0.59706646
0.48067501
0.65372622
0.57503015
0.79652357
0.70787805
0.63134372
0.64841944
0.63669431
0.62143654
0.63587523
0.57364833
0.60939503
0.69356298
0.56932002
0.58858162
0.68941963
0.64586759
0.72544676
0.62417287
0.61448729
0.62402242
0.66081512
0.63673359
0.38139483
0.46246547
0.5545314
0.44665059
0.48096067
0.44075078
0.72933441
0.72807682
0.74156505
0.52687114
0.39662296
0.42788386
0.5264169
0.55765253
0.68280822
0.55781698
0.7348814
0.54971111
0.70418704
0.60502315
0.64304698
0.61510146
0.5923388
0.57875389
0.52425092
0.60916817
0.58134526
0.53892398
0.73755985
0.59261334
0.54639268
0.5970571
0.51199311
0.62003791
0.68122774
0.54622048
0.41301692
0.58339643
0.62435114
0.54780531
0.48574576
0.56539154
0.49361801
0.55517107
0.55261767
0.65462714
0.60424882
0.54839236
0.4372488
0.69392896
0.74230784
0.81227732
0.67493212
0.68303913
0.50395715
0.69286376
0.76933211
0.868653
0.70571947
0.39181495
0.63821459
0.71511126
0.7570554
""
0.86373711
0.6538474
0.66234881
0.74007154
0.72702861
0.66270798
0.71938652
0.75153309
0.69558775
0.57495898
0.5804491
0.52017432
0.5392732
0.39937255
0.51851487
0.43932477
0.54081672
0.41552553
0.48438483
0.43653896
0.71397144
0.71243411
0.56311411
0.63492084
0.68068868
0.61629641
0.49405634
0.49583986
0.60312635
0.76293826
0.78222072
0.79412329
0.81517082
0.59046304
0.57777584
0.73229629
0.63144529
0.52637917
0.69449496
0.86121094
""
0.82112718
0.78171015
0.75730544
0.88346112
0.84850949
0.86797506
0.71088296
0.81726509
0.7890566
0.84962898
0.77851343
0.77539909
0.75842774
0.76573372
0.7510342
0.77240807
0.78577554
0.80338025
0.83124524
0.76975799
0.78034943
0.79346895
0.80608267
0.80688971
0.83975101
0.80671877
0.85803878
0.88640755
0.72857487
0.74964494
0.70026916
0.68771875
0.80758977
0.78245354
0.75565225
0.79158074
0.79698414
0.79152769
0.74410224
0.79281747
0.7697618
0.85210472
0.82038635
0.76923352
0.78203893
0.77165854
0.79594815
0.80293834
0.85185689
0.85765547
0.79528636
0.71347195
0.85012472
0.78149015
0.82365251
0.83732039
0.77937567
0.68195069
0.74711013
0.79582548
0.62822318
0.70117593
0.87879729
0.91265422
0.82317811
0.80794418
0.74490362
0.82504207
0.70440167
0.76556921
0.73848492
0.78267545
0.73139173
0.83772576
0.8415972
0.79261959
""
0.48890585
0.49769348
0.41210562
0.67027408
0.59689677
0.65717918
0.67351043
0.75867808
0.75419819
0.67674029
0.80690229
0.79916
0.73130423
0.63897055
0.70121944
0.63689178
0.73697883
0.69492751
""
""
0.78333098
0.82679647
0.88470173
0.78127253
0.96679115
0.77815664
0.78110397
0.74725723
0.80558461
0.86012614
0.76919794
0.80063868
0.77112353
0.75714207
0.77756703
0.82176459
0.82674807
0.79820669
0.71975952
0.883551
0.7310288
0.78776348
0.76404911
0.77851868
0.75749791
0.78618741
0.75574273
0.8045361
0.88473892
0.80267441
0.77702892
0.86104947
0.78867865
0.78445452
0.91944486
0.83756393
0.74417025
0.88968199
0.86781406
0.74750853
0.85078365
0.766864
0.75173289
0.73824114
0.7826587
0.84859484
0.70912218
0.73102337
0.77554423
0.78793687
0.76499051
0.68966734
0.83250207
0.76609075
0.8252669
0.82921714
0.82673836
0.79980737
0.82173139
0.70706892
0.69431871
""
""
0.89866757
0.87715024
0.82450229
0.80914277
0.77806777
0.85889906
0.8038258
0.79670531
0.87278569
0.81050307
0.69394529
0.6444639
0.72256708
0.66868645
0.70351613
0.67405838
0.69132787
0.68585283
0.81788349
0.72215241
0.54903835
0.55911922
0.63312793
0.65036315
0.51339251
0.60904557
0.66998231
0.66563416
0.64349425
0.68351841
0.53021252
0.53561753
""
0.53948116
0.56408352
0.43250811
0.5006302
0.47494265
0.67995709
0.5418613
0.74823391
0.80998045
0.81373757
0.76284885
0.77951658
0.60493153
0.55513626
0.5924229
0.63791323
0.68137032
0.68792289
0.73845148
0.77664113
0.5403164
0.61567843
0.70950812
0.66964495
0.75129116
0.77692491
0.77113593
0.75463051
0.75033307
0.68792039
0.74974287
0.72952014
0.6919992
0.64589918
0.80216336
0.72069949
0.82188654
0.64069158
0.76927668
0.66420299
0.65172535
0.61899143
0.79782039
0.6676057
0.79172856
0.65000826
0.81568962
0.73204845
0.75490707
0.7139684
0.81916386
0.84406245
0.84840167
0.92706817
0.87922299
0.79178494
0.86093694
0.85478425
0.72595596
0.80143446
0.80687189
0.80701458
0.83760911
0.80417842
0.81615156
0.80102396
0.86610371
0.89127982
0.83603251
0.85029525
0.80714607
0.80800045
0.84195966
0.76884323
0.72962052
0.68840736
0.82702959
0.82588977
0.70881855
0.79511672
0.71584064
0.78124243
0.78197318
0.81592637
0.77132344
0.80587202
0.80308902
0.73542756
0.77250862
0.69261098
0.77273834
0.63586527
0.81558388
0.66377014
0.76044095
0.71232533
0.98403531
0.56922525
0.63937986
0.66262233
0.79470623
0.75976217
0.85415143
0.59644026
0.58681124
0.60489577
0.50692463
0.52746689
0.50827402
0.56669629
0.55908066
0.66609943
0.53685457
0.57629371
0.40654126
0.66161561
0.7813645
0.69260812
0.67013842
0.69790059
0.65669733
0.75527352
0.80408794
0.65487617
0.64925623
0.56403536
0.54780287
0.56007349
0.52890962
0.57498264
0.79762954
0.6866889
0.64988488
0.63846791
0.65124005
0.63774574
0.68314373
0.61479795
0.62265599
0.54955941
0.49731615
0.44869465
0.48839492
0.53393555
0.45021066
0.25966689
0.38291126
0.51327181
0.4756459
0.50333822
0.52520019
0.53253537
0.55958277
0.53823364
0.57142186
0.68190211
0.47042945
0.52555472
0.62337965
0.49700996
0.46378118
0.61949563
0.58401418
0.4832654
0.58062923
0.60360807
0.62579316
0.7416752
0.71831882
0.86490321
0.80303222
0.76010102
0.78277647
0.69466513
0.66324478
0.76414245
0.72031486
0.51812065
0.54329449
0.54146516
0.57854772
0.76686609
0.77853101
0.68892741
0.70898354
0.67818487
0.77979124
0.81212276
0.78067517
0.48892838
0.62721121
0.6927644
0.75495684
0.58969796
0.78542507
0.78009462
0.80433232
0.88442302
0.87782961
0.80580729
0.89271951
0.91412431
0.8160159
0.86830884
0.84577519
0.79739845
0.84987265
0.8521291
0.84099096
0.8450051
0.70405799
0.80834037
0.52436066
0.83008432
""
""
""
""
""
""
""
""
""
""
""
""
""
""
""
0.81874377
""
0.84364247
""
0.59445286
""
""
""
""
""
""
""
""
""
""
0.69937855
""
""
0.50065011
0.81575996
0.79346746
0.77158093
0.80436182
0.86027014
0.88639045
0.87972581
0.79944432
0.87134057
0.80162257
0.78729111
0.78156829
0.86101556
0.79258239
0.79737902
0.85014594
0.84147519
0.80304867
0.82250136
0.68314761
0.65572304
0.73219627
""
0.60806608
0.50409198
0.39134088
0.68473339
""
""
""
""
0.83825326
0.81151879
0.7259109
0.85692406
0.68707883
0.8238337
0.8375544
0.67680389
0.74784338
""
0.79104835
0.83387607
0.79384279
""
0.75457609
""
0.75914133
0.60387582
0.80019546
""
0.68251163
""
""
""
""
0.319056
0.33286509
0.32496285
0.35103416
""
""
0.19155887
""
0.51988715
0.55763185
""
""
0.52976215
0.56946445
0.62269729
0.66109753
0.46801475
0.41250628
0.49268806
0.5336504
0.41203657
0.50076741
0.52726287
0.55075479
0.59531927
0.51354951
0.48192284
0.4531574
0.53700769
0.43140769
0.57735163
0.54473191
0.5542345
0.42051846
0.4548668
0.51090914
0.39146113
0.59799528
0.52073485
0.52176261
0.4541119
0.53740388
0.39375859
0.40470585
0.58929867
0.54063284
0.50485152
0.43289068
0.43482685
0.54425544
0.062871061
0.45172748
0.5218845
0.43790829
0.63156646
0.48638195
0.52510279
0.39572936
0.42309481
0.37189767
0.55739737
0.54628742
0.59153593
0.57106078
0.5367977
0.52296585
0.55367547
0.64705968
0.59642881
0.6457724
0.44052282
0.50499362
0.50618559
0.61765754
0.56159514
0.458765
0.59143066
0.56970668
0.68621993
0.57303804
0.59822518
0.488543
0.5620451
0.60209274
0.57919472
0.51277262
0.50363111
0.5830518
0.52595496
0.54258299
0.57971394
0.4889845
0.44980839
0.48053488
0.45790672
0.48120496
0.36935884
0.50269473
0.49870005
""
0.45869499
0.50456125
""
""
0.33571854
""
0.60358089
0.30973068
""
0.59627193
0.47402266
0.40189534
0.347303
""
0.4661361
0.3985272
0.31582031
0.51754242
0.46128246
0.46981958
0.45095837
0.45585945
0.44533426
0.43275186
0.35130611
0.26347837
0.4045096
0.53949547
0.41624248
0.5249126
0.58049905
0.50737661
0.47316915
0.5444302
0.48244533
0.45418277
0.38345197
0.43364087
0.55340672
0.50359774
0.59890825
0.49932158
0.41781169
0.35926577
0.33583513
0.36671218
0.32898059
0.33379653
0.37202153
0.40926465
0.37798735
0.41066259
0.38813305
0.53662097
0.5820176
0.62087029
0.57646638
0.61798573
0.46976331
0.66585684
0.55502284
0.51838416
0.57825667
0.56857508
0.58438128
0.50077748
0.5284133
0.52216786
0.49370992
0.62031627
0.58727479
0.47997877
0.53462058
0.49457455
0.52257359
0.48405397
0.59568965
0.53371727
0.54434115
0.41569999
""
0.46813491
""
0.27729627
0.35383052
0.3187235
0.27832523
0.44023797
0.51265782
0.52351236
0.44403404
0.55659485
0.51077962
0.59471464
0.59181845
0.47160527
0.50408429
0.43287227
0.47427177
0.41415653
0.42549902
0.52007085
0.42844674
0.2228002
0.27988777
""
0.31928423
0.18038556
0.22190675
""
0.5575031
0.43535313
0.35804796
0.38302541
0.41685683
0.58683139
0.44047806
0.60680181
0.60852247
0.56996852
0.62335455
0.56563568
0.52903211
0.56174272
0.4302865
0.66368026
0.31834489
0.47319594
0.57831818
0.33894399
""
0.30657375
""
0.79498249
0.37439823
0.37194401
""
0.51943707
0.64138108
0.77355289
0.62261862
0.59980375
0.50703043
0.52172971
0.56810164
0.65187931
0.55712241
0.5397321
0.73392898
0.64021695
0.72351468
0.70792276
0.64750862
0.57668495
0.52231824
0.58882898
0.64122474
0.62545335
0.61426139
0.67396116
0.67529881
0.62110817
0.67089403
0.56324273
0.53948253
0.52577019
0.64779824
0.61423957
0.63771093
0.6595282
0.46247557
0.49138275
0.44159034
0.47015604
0.45593205
0.44301003
0.43072426
0.45320481
0.5686751
0.5366419
0.37189594
0.53045493
""
0.52855694
0.5202626
0.41686723
0.48389152
0.58668542
0.40053353
0.4322626
0.47856596
0.28216833
0.54444033
0.57571679
0.46084541
0.34693772
0.5288958
0.44332397
0.60930413
0.52742928
0.5116607
0.55960673
0.5063296
0.39865708
0.43373412
0.48072603
0.49747211
0.3974092
0.42191863
0.69542211
0.6756072
0.63028032
0.54574525
0.75209045
0.73839313
0.46162406
0.36147004
0.40999103
0.37402204
0.38514879
0.49511442
0.50036079
0.45473406
0.49279049
0.39062521
0.33390933
0.51785278
0.42916483
0.39795959
0.31659567
0.52877349
0.45865393
0.34314892
0.33285874
0.31754458
0.61811322
0.57473159
0.68747014
0.53732556
0.41747144
0.38865599
0.45679852
0.51026708
0.47301015
0.50226706
0.44829994
0.44379461
0.42561379
0.44097441
0.44083232
0.48510179
0.65583384
0.59207803
0.78825617
0.70601755
0.73062569
0.68338209
0.68768764
0.75382954
0.76340508
0.8229335
0.72661698
0.82138586
0.79767442
0.66670907
""
0.22172104
0.88568574
0.78106874
""
0.50216544
0.83316827
0.79878378
0.71114308
0.80371261
0.80507451
0.83760893
0.78172791
0.86734563
0.81636029
0.74502498
0.86335433
0.86627895
0.8590644
0.84539711
0.74829119
0.81455654
0.81724095
0.78134322
0.84821945
0.76307124
0.79227161
0.82849026
0.54245597
0.6108321
0.78043342
0.91002703
0.64047158
0.70319217
0.56065887
0.68215352
0.71094799
0.63365483
0.86976689
0.41837239
0.74420094
0.75909144
0.66095251
0.79242408
0.8016808
0.75039124
0.76772755
0.75661969
0.77153993
0.84732443
0.85301298
0.86000437
0.78715312
0.75024104
0.81169736
0.78186506
0.6714884
0.79433095
0.84056365
0.81514168
0.6861425
0.77088934
0.81396174
0.66094476
0.59735465
0.57607895
0.74509972
0.43073985
0.71339452
0.67388165
0.64962131
0.76733905
0.68076622
0.75066882
0.8221519
0.82837105
0.82476521
0.85932845
0.87772304
0.76293629
0.87317502
0.76765931
0.70426565
0.72935325
0.74228501
0.67810839
""
0.80269557
0.80184358
0.80611891
0.8709681
0.41293821
0.60450333
0.75871241
0.77325654
0.72774053
0.81339502
0.65913528
0.79574269
0.76627344
0.7021004
0.75326347
0.7568242
0.75117022
0.70280653
0.73898959
0.72684008
0.6389457
0.61466563
0.75948757
0.65954781
0.68475497
0.6781767
0.73914552
0.75284094
0.64355499
0.65795791
0.63258249
0.6966846
0.74423152
0.69502723
0.7970705
0.67277449
0.81300187
0.69911766
0.69466317
0.62390196
0.66098112
0.75092125
0.80067015
0.74618876
0.71516371
0.74805921
0.73298556
0.75907689
0.71543747
0.63921803
0.4865095
0.78269374
0.76971072
0.75789297
0.82090652
0.68141246
0.67804611
0.67337358
0.70611775
0.79876113
0.73595423
0.37936136
0.82637769
0.89182347
0.34059229
0.47524846
0.47997445
0.54985404
0.43870151
0.36059955
0.28656504
0.64518154
0.68852419
0.69089359
0.61591893
0.60774034
0.70451987
0.65248513
0.26381415
0.38926166
0.37792784
0.29020184
0.3098878
0.5324657
0.50178355
0.59292662
0.49233076
0.47510108
0.57282656
0.41199169
0.43131846
0.48388967
0.51306081
0.47212282
0.38862479
0.58141547
0.52701414
0.35300097
0.48088703
0.38556871
0.43980291
0.43490294
0.41771033
0.41614562
0.47363031
0.34126979
0.23727728
""
0.67028254
0.5407542
0.62570143
0.61357492
0.52922481
0.49568379
0.54688257
0.49855089
0.44095299
0.40808997
0.29272184
0.34587762
0.45955345
0.42645159
0.41063616
0.42630929
0.40738332
0.72520864
0.70013469
0.68758357
0.71834683
0.75164938
0.78752297
""
0.73503155
0.71671319
0.63967329
0.732252
0.58678812
0.64464664
0.71447402
0.65071642
0.59466869
0.5509727
0.65525663
0.66796857
0.59473217
0.65078455
0.59487832
0.60200423
""
0.76223922
0.7803123
0.73326898
0.74175125
0.64668107
0.52726752
0.71082354
0.55285859
0.648233
0.73427492
0.65038633
0.63144964
0.71025366
0.66984791
0.74434441
0.69569427
0.71747452
0.77322382
0.66820014
0.72337586
0.68557876
0.69101232
0.78857249
0.64004433
0.62371457
0.68160743
0.3758508
0.57354444
0.57162082
0.56306875
0.56274927
0.55569917
0.49882537
0.76062071
0.46310037
0.62141007
0.73202574
0.6729151
0.56750894
0.54569024
0.56907469
0.47466147
0.63965547
0.90127295
0.66344178
0.71229917
0.62877941
""
0.52586782
0.48137942
0.63054782
0.49724084
0.46428195
0.46747732
0.42964673
0.52099854
0.48753163
0.47545114
0.42032197
0.3885527
0.48450348
0.3311218
0.35671252
0.48724771
0.46075839
0.5133788
0.55919582
0.42505375
0.48397797
0.55647057
0.41586265
""
0.48440957
0.48346096
0.53329879
0.40638354
0.42684987
0.44769749
0.5398578
0.40210468
0.47224709
0.52938312
0.54557586
0.482723
0.383876
0.40902531
0.44069856
0.48342681
0.50553346
0.55229968
0.44075716
0.50118881
0.33736494
0.39164266
0.47545537
0.48176801
0.34848106
0.380043
0.38294205
0.44899198
0.36400881
0.40910274
0.49769023
0.53998828
0.49861851
0.2787109
0.66726738
0.61764252
0.67871958
0.69434059
0.68917841
0.73704952
0.81157988
0.64968342
0.73690623
0.74550509
0.69049847
0.62654364
0.67123562
0.59102112
0.67256671
0.73923302
0.56841874
0.53345335
0.50724334
0.70374352
0.71223879
0.77875936
0.86887163
0.78300858
0.79708391
0.78387868
0.75854498
0.73695695
0.71372277
0.66434908
0.73886579
0.74691159
0.86162162
0.78333014
0.48254198
0.6776793
0.88258606
0.79150003
0.86663038
0.74392205
""
0.69874793
0.7753346
0.77981007
0.78175718
0.73675299
0.69338608
0.70090127
0.57412481
0.64699203
0.72050214
0.64852196
0.51518244
0.52810985
0.586079
0.47735271
0.50620711
0.36384284
0.3992784
0.49282715
0.48851645
0.52434766
0.46829599
0.66648489
0.60483903
0.53084737
0.68927711
0.2971276
0.34794989
0.40498015
0.46866587
0.35416141
0.53841877
0.34017685
0.3099668
0.037001345
0.33628988
0.41484267
0.38988355
0.42955837
0.71655941
0.69867581
0.8537485
0.74917138
0.73251867
0.44600326
0.42357332
0.55911738
0.2688517
0.29741776
0.47500935
0.475467
0.34284449
0.38569102
0.55274212
0.55616325
0.59178704
0.59278572
0.66960734
0.603037
0.53506184
0.66690654
0.68809915
0.70204598
0.71601874
0.67464513
0.67892277
0.65770501
0.64464247
0.57844305
0.73544258
""
0.14245749
0.50070244
0.75278085
0.46407059
0.59910059
0.71698272
0.74194658
0.64441353
0.62675989
0.61304796
0.68232858
0.62823111
0.72805315
0.71266258
0.72196186
0.55282193
0.69337249
0.59012192
0.86548537
0.708821
0.69113392
0.61276203
0.56157374
0.73055261
0.62455928
0.74590451
0.70325643
0.80131954
0.66712725
0.25452295
0.50831401
0.56399834
0.57798296
0.67567211
0.60004014
0.5376327
0.66049606
0.59775442
0.74993628
0.71248668
0.55625314
0.74682426
0.73036617
0.57970315
0.64793319
0.65562999
0.6982165
0.69247723
0.61063343
0.67302793
0.68717229
0.72801191
0.72156054
0.63531899
0.66927284
0.60167348
0.6262145
0.71545058
0.64253318
0.56488794
0.6693579
0.61739808
0.61005867
0.64810991
0.64992547
0.6703316
0.71631664
0.44413579
""
0.62774158
0.43380019
0.58573204
0.55407214
0.5498935
0.68556499
0.5366922
0.47663772
0.45984393
0.75637579
0.57223505
0.51197386
0.61208314
0.66332507
0.63735127
0.62844497
0.61578351
0.7797575
0.61158252
0.67435479
0.69203705
0.83783197
0.71573478
0.74149877
0.65191936
0.41372269
0.61865741
0.6021564
0.66611606
0.58333248
0.72470987
0.65038955
0.62422544
0.72104186
0.79928291
0.72963047
0.8205604
0.40853283
0.62468821
0.76836485
0.69506556
0.64093101
0.63704681
0.76584065
0.61617315
0.58303088
0.71316463
0.79571086
0.80428272
0.71574831
0.6834088
0.64593166
0.6593743
0.51379693
0.65384793
0.71700227
0.78201652
0.70953846
0.55413705
0.67749184
0.79077196
0.72309142
0.66008222
0.57200038
0.68006915
0.65921903
0.65971637
0.59801245
0.66486394
0.58554626
0.71644342
0.74682724
0.69913352
0.61337215
0.73629701
0.90530497
0.75412232
0.572173
0.65098572
0.63458139
""
0.79099995
0.80349255
0.67022276
0.70431417
""
0.68692613
""
""
0.64876717
0.57944769
0.57813138
0.63901818
0.74046975
0.66517824
0.64258647
0.6960972
0.67501241
0.63796884
0.602166
0.57614076
0.66387552
0.78055584
0.7619676
""
""
0.69948751
0.57159907
0.66901845
0.63578218
0.82333654
0.39215055
0.80669081
0.59685278
0.86879754
""
0.7118789
""
0.68904275
0.43005857
""
0.63707483
0.71814394
0.54814678
0.62613285
0.67739141
0.68503416
0.70227873
0.62849826
0.78313321
0.77728289
0.61326027
0.58425272
0.65573537
0.66755581
0.72252828
0.64696294
0.73037344
0.59449923
0.59490532
0.74544317
0.70673335
0.68131793
0.44244638
0.63021433
0.59441936
0.56123376
0.56947482
0.72402066
0.60584533
0.86650532
0.57699513
0.72540104
0.54028022
0.65014148
0.65626073
0.77783006
0.64750791
0.69260544
0.48786679
0.65553296
0.83946842
0.57408166
0.67956287
0.60365427
0.70092857
0.62411147
0.63045061
0.69402844
0.69059324
0.58848399
0.61689413
0.66869849
0.7294476
0.48988056
0.7096616
0.63729441
0.62467968
0.73961675
0.70517045
0.63555861
0.94417506
0.87484479
""
0.60890222
0.67288345
0.59575117
0.58022434
0.67634201
0.61644596
0.94320166
""
0.65148175
""
0.50664389
0.63525277
0.50206196
""
0.46891886
0.71356571
""
""
""
0.79485148
0.67071617
0.66289234
0.7666539
0.67800844
0.58424991
0.68071121
0.67533869
0.57905668
0.49337953
0.54755545
0.54545331
0.41249892
0.43203357
0.72582048
0.5790273
""
0.051901907
0.62437701
0.736296
0.74432147
""
0.52382827
0.56877071
0.55828482
0.6263296
0.63257492
0.76965714
0.57264966
0.60259438
0.54889601
0.53150326
0.64966762
0.50573987
0.60783565
0.6275872
0.57285702
0.70783228
0.6788516
0.69027615
0.62321085
0.63721043
0.7102465
0.65619123
0.5391233
0.77410156
0.69994175
0.56146383
0.64254886
0.60158813
0.72224158
0.67011809
0.68624312
0.69543684
0.64918792
0.72833389
0.60616994
0.7413379
0.68894714
0.66468984
""
0.72091931
""
0.45393568
0.65613294
0.68275744
0.68588251
0.51973373
0.5690847
0.67104661
0.63108701
0.63142562
0.63660252
0.66835558
0.59453708
0.76228404
0.71904081
0.72915351
0.66999388
0.65084386
0.66518199
0.61335057
0.73344404
0.6497665
0.71704942
0.68030715
0.59832221
0.60150838
0.69597834
0.66602951
0.65063673
0.61775243
0.72935593
0.57811344
0.71193182
0.66209805
0.69475061
0.69041336
0.62925178
0.70616877
0.64332026
0.58485097
0.68814808
0.6196391
0.61808169
0.49138603
0.6511997
""
0.69319856
0.77116454
0.61187834
0.63894016
0.61417806
0.72373778
0.65917444
0.63502288
0.72636366
0.69866025
0.75685805
0.6850695
0.65926921
0.6984241
0.72956282
0.68129885
0.61159575
0.51786453
""
0.67052835
0.65890008
0.57828736
0.55599582
""
0.61073405
0.62873727
0.7701689
0.65809828
0.78920388
0.49756622
0.42860141
0.48297498
0.68749475
0.57233822
0.61867231
0.69869983
0.64862609
0.70796269
0.6851508
0.65097111
0.76269913
0.59494209
0.72925454
""
0.79417849
0.69522691
0.69314009
0.62724429
""
""
""
""
""
0.60673732
0.40422341
0.60140955
0.74080783
0.73274052
0.44137102
0.69225091
""
0.76779908
0.66868109
0.50909865
0.59536481
0.63790184
0.41260791
0.67988575
0.62129003
0.66169626
0.68392515
0.71725392
0.87517577
0.78421062
0.65073967
0.6677475
0.52446944
0.53393257
0.39312211
""
0.68307191
0.57180518
0.75746745
0.78311187
0.61093003
0.67310011
0.67621899
0.54354775
0.738778
0.69690818
0.69182938
0.57958132
0.60397637
0.5907824
0.60826826
0.58435845
0.49693111
0.50832993
0.46583232
0.41744214
0.46860009
0.43036392
""
""
""
0.40654707
0.50491685
0.53570056
0.41361925
0.54828507
0.49742779
0.5198471
0.62522787
0.41041556
0.52217221
0.43371505
0.5095582
0.37844804
0.52718568
0.54384327
0.52350861
0.4979454
0.47612122
0.33222756
0.49573413
0.62540835
0.6252141
0.33109501
0.36474127
0.47518438
0.4642204
0.44435364
0.42515117
0.55071533
0.49253091
0.61498392
0.57522106
0.52305752
0.61961138
0.53135037
0.56249595
0.63989049
0.64907259
0.64581889
0.56660342
0.39567545
0.18722428
""
0.26224992
0.60043448
0.57290113
0.59793276
0.57245398
0.6137197
0.56727749
0.56894702
0.44670075
0.73185033
0.54636657
0.62963164
0.63380104
0.72796059
0.62167513
0.5493921
0.63170028
0.65206867
0.58611429
0.61209875
0.71118933
0.64491904
0.6481787
0.7293452
0.62082148
0.73787361
0.73804575
0.50661451
0.67813134
0.68882823
0.693919
0.59627914
0.63047111
0.72954547
0.78681457
0.63612217
0.60287142
0.70066458
0.60916585
0.86489844
0.60084605
0.66043746
0.66980308
0.54261863
0.70992357
0.7266832
0.65553325
0.68249172
0.67003661
0.61510074
0.46619433
0.44333249
0.60690933
""
0.71998632
0.64349419
0.68816513
0.67746317
0.76050639
0.72497296
0.68503392
0.62746626
0.65954131
0.58023643
0.58168024
0.66787213
0.50992256
0.62671417
0.82389545
0.6282807
0.72789419
0.64642215
0.57690108
0.60526031
0.6259796
0.66995287
0.61931479
0.68432933
0.62754941
0.73603535
0.72442955
0.68355095
0.69460684
0.72478193
0.61408782
0.72658312
0.73015028
0.69406903
0.69464082
0.61708391
0.6768384
0.63901204
0.5867964
0.65046263
0.68712842
0.69142801
0.65178794
0.67902952
0.58904403
0.3569909
0.62041616
0.57619804
0.3599585
0.60213155
0.77212954
0.68299747
0.62868321
0.52660137
0.73679787
0.7521711
0.62841862
0.6805324
0.59049672
0.65209591
0.48221803
""
0.60585165
""
""
0.50688583
0.44719478
0.4464567
0.6434204
0.59912795
0.69352067
0.66878527
0.58391559
0.55793941
0.66434091
0.5943625
0.55925018
0.65090925
0.59769583
0.62781996
0.66410768
0.53601038
0.66372204
0.57261717
0.67421108
0.6863175
0.69081199
0.72728032
0.7163257
0.68677235
0.73886693
0.72079885
0.71064949
0.77525854
0.64886558
0.61976796
0.61556256
0.66356415
0.48467195
0.538082
0.63540512
0.60839248
0.72446734
0.7217648
0.56600612
0.54117578
0.65804732
0.54927993
0.48154369
0.53949535
0.4976759
0.55783069
0.59242427
0.59496725
0.67042327
0.58724415
0.56103301
0.53073269
0.44548342
0.57502508
0.60618895
0.57251358
0.62746543
0.59003711
0.44867787
0.53551042
0.58349103
0.57122785
0.46955156
0.34433213
0.49429154
0.4200936
0.47704676
0.53905761
0.48769772
0.37376991
0.62003225
0.44413006
0.55545992
0.53664112
0.58930951
0.49383107
0.4207435
0.45133257
0.51621437
0.52770656
0.55941969
0.63275552
0.54188162
0.27790371
0.28246766
0.53432602
0.57068408
0.74113679
0.59723395
0.65785718
0.64292747
0.71201938
0.77324468
0.74171746
0.75790471
0.7410726
0.68090063
0.64127475
0.70721251
0.80709201
0.63209349
0.76180524
0.78549391
0.84190327
0.77578419
0.71435624
0.74456072
0.86733961
0.88806862
0.73634714
0.72060752
0.69894028
0.74255109
0.76658952
0.75961632
0.75812358
0.72286588
0.8125025
0.69834918
0.72846168
0.63509089
0.81383073
0.69945109
0.59295517
0.76703709
0.74941975
0.78326821
0.76901573
0.61287278
0.75745887
0.71600658
0.75112647
0.72713852
0.77114266
0.5987677
0.68372548
0.76847416
0.68117613
0.76022267
0.7553829
0.73700768
0.74340194
0.72115213
0.6395117
0.69408453
0.58007884
0.64068615
0.49519905
0.6593737
0.7124415
0.66003418
0.68734121
0.68891996
0.6910851
0.62038052
0.67898166
0.69141603
0.65905219
0.75978249
0.6997
0.78233004
0.68994081
0.69293833
0.57304019
0.4750067
0.51940787
0.57550061
0.74654692
0.74824798
0.71659887
0.74311066
0.73353368
""
0.72142386
0.778377
0.75239879
0.73958015
0.63608801
0.67024678
0.59065616
0.65850741
0.72563922
0.63960385
0.57925332
0.48034507
0.73973596
0.70131022
0.6564098
0.62811786
0.67514968
0.7996428
0.74524033
0.79566646
0.71691263
0.70512778
0.74966174
0.68893772
0.7010504
0.59615564
0.5987764
0.49175578
0.65841246
0.72018337
0.72619307
0.6919927
0.67846525
0.74243277
0.75929457
0.73992628
0.75964123
0.64640599
0.73173833
0.6834321
0.75583261
0.72615266
0.68250954
0.58782524
0.59213638
0.73716837
0.63809997
0.76161027
0.78124273
0.65408289
0.68396205
0.70844203
0.71951312
0.75482053
0.71316916
0.82955259
0.72681767
0.71254182
0.77257985
0.7617507
0.70442748
0.61768907
0.66476411
0.57781476
0.73914349
0.7894243
0.56802869
0.53598481
0.69351488
0.61493725
0.62682033
0.6419785
0.60068315
0.6678862
0.69852793
0.67719078
0.59807211
0.4428902
0.68333048
0.72501647
0.62828636
0.72655433
0.70877546
0.75739205
0.74572581
0.66477889
0.68604618
0.74410135
0.70077163
0.64071596
0.77039683
0.71174097
0.65414077
0.59988838
0.6433562
0.63469875
0.74089462
0.75165975
0.7459051
0.74624568
0.51032507
0.34371543
0.44183394
0.74850887
0.59695303
0.76474559
0.63807666
0.66514677
0.75604004
0.62929082
0.74417371
0.87224382
0.75382131
0.78757566
0.69905114
0.78922629
0.74012697
0.76385045
0.75994718
0.7891975
0.78816319
0.74201238
0.80770916
0.76440275
0.79464048
0.61019373
0.71170139
0.41309461
0.63860726
0.56217623
0.5564872
0.629942
0.57163018
0.63634259
0.64367002
0.77563864
0.76425701
0.87193918
0.75073957
""
""
""
""
""
""
0.95077735
0.70891559
""
0.7986294
0.75240278
0.74118882
0.72424316
0.78201687
0.7699753
0.79197478
0.75490189
0.712403
0.73109955
0.67033374
0.76862532
0.71854126
0.7933445
0.76341891
0.61276513
0.81770259
0.79868454
0.87630326
0.78601402
0.81757021
0.82133478
0.78138423
0.63666415
0.66756672
0.75372827
0.80624563
0.73615509
0.84440565
0.78581583
0.72193319
0.83528697
0.69994456
0.77544582
0.77134347
0.69506162
0.79359186
0.77406168
0.72705412
0.66701251
0.8240698
0.80836207
0.6716398
0.74383664
0.74487662
0.73579478
0.76936382
0.77838105
0.69525921
0.8339237
0.8540777
0.81465709
0.66287369
0.66431117
0.73341912
""
0.62660313
0.47199398
0.75567853
0.76802808
0.87041271
0.78997147
0.74121904
0.68280303
0.64164507
0.64248556
0.85156018
0.8010782
0.77646208
0.81561148
0.83536702
0.77595013
0.77017856
0.68784767
0.65941596
0.59618318
0.57185441
0.5990333
0.73126572
0.81077754
0.79046321
0.74263167
0.83855712
0.87614328
0.83494431
0.80600905
0.76138401
0.80589366
0.83062506
0.78754896
0.57859558
0.64580917
""
0.76439214
0.59344113
0.52556145
0.69112194
0.6879012
0.66653526
0.70475173
0.70819074
0.79920411
0.78390068
0.71733254
0.81052929
0.71730679
0.8904016
0.77054083
0.6792497
0.69393265
0.93685395
0.70670938
0.66263282
0.64223284
0.70534128
0.86440027
0.77630389
0.80195767
0.79491371
0.81772524
0.8531872
0.58974814
0.52683234
0.74600124
0.70541823
0.77624303
0.83207715
0.71545261
0.64758402
""
0.79231232
0.74987328
0.84164155
0.75208449
0.63426107
0.78493816
0.75230449
0.66963404
0.67720288
0.77593791
0.6410535
0.7289089
0.76324147
0.85889542
0.77528095
0.83695889
0.76608914
0.76463467
0.85165238
0.90941525
0.86452723
0.85389835
0.57674921
0.69261825
0.71906596
0.69506389
0.74035937
0.68872154
0.81233203
0.7405659
0.72724283
0.7225365
0.82559752
0.82118887
0.75803512
0.74690801
0.81930161
0.73825073
0.81621087
0.8809005
0.78143662
0.65085244
0.70017141
0.57523167
0.7299844
0.638982
0.81736398
1.0264922
0.66611648
0.7567932
0.8041997
0.81642133
0.76735222
0.78625286
0.79134828
0.66608077
0.70381218
0.6739229
0.58147061
0.66378659
0.70811427
0.7929945
0.65325898
0.71336621
0.81108963
0.58100647
0.48089761
0.21572827
0.56814694
0.60578114
0.75904274
0.62977904
0.60849261
0.66638809
0.72023737
0.81430387
0.75325966
0.71394759
0.80603743
0.79644239
0.75265825
0.66788477
0.66543669
0.64662892
0.753317
0.59618193
0.61696613
0.46995792
0.69028723
0.47708169
0.74064368
0.6860289
0.74856365
0.7316075
0.80979687
0.80237567
0.72010386
0.69930857
0.70029616
0.74622643
0.71195167
0.56035113
0.74880111
0.65244931
0.67843676
0.77146226
0.79744852
0.74348176
0.70716035
0.78134966
0.89698249
0.80620885
0.69595093
0.73228139
0.82834691
0.87408102
0.86331689
0.88420671
0.73632717
0.56872219
0.79723626
0.86334527
0.61793256
0.62751651
0.73930889
0.76650453
0.76729512
0.79134572
0.81157839
0.80161572
0.76978421
0.84208286
0.79775578
0.80977035
0.67814106
0.65651107
0.63907456
0.69756269
0.74309295
0.8370465
0.84846723
0.83039641
0.8107568
0.7112624
0.68677455
0.77192169
0.65146643
""
0.59546131
0.66331786
0.50608736
0.77565968
0.7928533
0.75390428
0.69608217
0.76392519
0.69863534
0.71334106
0.75165969
0.76130033
0.7558825
0.78945595
0.81778455
0.74941766
0.58431911
0.66222024
0.65275651
0.71431363
0.6130715
0.73807198
0.8247835
0.67618698
0.57057381
0.58833033
0.50475317
0.74284238
0.73048419
0.72708124
0.75049049
0.76258093
0.80515343
0.67300278
0.66887212
0.65298086
0.64104182
0.74015528
0.763551
0.68039018
0.69573998
0.82632512
0.75745189
0.69864917
0.72912824
0.7357794
0.82251191
0.65727949
0.63661081
0.69651419
0.64526302
0.65983659
0.77343369
0.75738013
0.72686881
0.76946145
0.76875544
0.68521947
0.71012074
0.65017039
0.74073762
0.73716003
0.69680685
0.64604336
0.61080176
0.74189073
0.71557122
0.49108639
0.59637564
""
0.4379048
""
""
""
""
0.83838624
0.84995025
""
0.65899479
""
""
""
""
""
""
""
""
0.88662654
0.83729577
0.76474565
0.8914662
0.87054557
0.84946102
0.75559568
0.82799035
0.80471903
0.77490258
0.82135153
0.71709514
0.70814592
0.75699389
0.74400651
0.59521949
0.6676026
0.71475083
0.67279905
0.67244917
0.71433979
0.57063091
0.75359792
0.83908379
0.82082862
0.77380472
0.78219467
0.78828037
0.80565631
0.76786947
0.65435058
0.81887054
0.79975176
0.84979624
0.8777743
0.80842865
0.86271346
0.81141716
0.7669552
0.71640182
0.74332201
0.76235735
0.45276159
0.56496137
0.72270006
0.63893235
""
0.72360694
0.78730565
0.82953185
0.89382684
0.7917788
0.89631474
0.77199024
0.79022634
0.78449076
0.78679305
0.74678445
0.68101817
0.80122483
0.74327838
0.68032652
0.85920823
0.82939684
0.86268467
0.83560491
0.82960624
0.79432625
0.77719855
0.78630894
0.80503422
0.81684589
0.88295442
0.83332914
0.83394277
0.83765107
0.8557626
0.82468486
0.8173368
0.79507941
0.84275627
0.77545589
0.77817655
0.82220596
0.82707965
0.77218938
0.76602542
0.7948488
0.8150807
0.79952627
0.89546186
0.84136182
0.85001504
0.69829464
0.83349609
0.83415365
0.82376695
""
""
0.82282239
0.72392184
0.82246798
0.84042978
0.85881752
0.89722294
0.79831231
0.78050488
0.81188107
0.7923581
0.75737697
0.77808654
0.66893101
0.71246773
0.61475933
0.73049963
0.63293242
0.73233521
0.67558807
0.71402806
0.76128155
0.79126436
0.82682914
0.75416219
0.86034709
0.75586069
0.80255693
0.87924474
0.67122
0.70007646
0.74489146
0.77514875
0.76646143
0.73798221
0.74011028
0.65992123
0.75738293
0.76773745
0.73288041
0.70167714
0.74103099
0.6720584
0.73402506
0.75314415
0.78651553
""
0.80677474
0.77110505
0.83655232
0.74579793
0.76123297
0.77319074
0.79788804
0.74914575
""
0.82903165
0.83841175
0.69619912
""
""
0.76739752
0.70812166
0.78864229
0.72846162
0.78113931
0.75226277
0.76095289
0.63474548
0.7953831
0.71941841
0.75435531
0.75515383
0.68605083
0.75241512
0.85559207
0.81799102
0.782507
0.6945554
""
""
""
""
0.74279058
0.79119337
""
""
""
""
""
""
""
""
""
""
""
""
""
0.71496618
""
""
""
""
""
""
""
""
""
""
""
""
""
""
""
""
""
""
""
""
""
""
""
""
""
""
""
""
""
""
""
0.7550143
0.92525589
0.82492185
0.83782178
0.81865579
0.86537606
0.88099837
0.71550244
0.86097258
0.89119238
0.80979174
0.85867912
0.83577305
""
""
""
""
""
""
""
""
""
""
0.83934122
0.81772953
""
""
""
""
""
""
""
""
""
""
""
""
""
""
""
""
""
""
""
""
""
""
0.67098027
""
0.83285397
0.72630775
""
""
""
""
""
""
""
""
""
""
0.70000339
0.75935096
0.7771368
0.80861914
0.78316957
0.87866783
0.89450592
0.88924259
0.788939
0.7805236
0.79334027
0.847444
0.79569572
0.85844558
0.76725161
0.69031411
0.7427578
0.78997743
0.76406294
0.65009588
0.73927933
0.80538648
0.72950548
0.4178035
0.71233344
0.64073521
0.48847434
0.79731655
0.48875275
0.82622385
0.57612944
0.65430933
0.59563428
0.7699182
0.58842802
0.31354505
0.94869977
""
""
0.63436532
0.65983665
0.70868391
0.75158507
0.90844452
0.66423553
0.61925584
0.73357081
0.62882209
""
""
""
""
""
""
""
""
0.76338434
0.44906378
0.37389266
0.58908731
0.70623678
0.60348529
0.59172344
0.74259359
0.59461892
0.70903265
0.41436249
0.46896851
0.59019792
0.59608454
0.65665436
0.77688843
0.65721935
0.7250666
0.68930387
0.67569661
0.75402665
0.7586717
0.76058459
0.85095054
0.82008612
0.84520537
0.76754093
0.73591995
0.48814666
0.79161459
0.88893914
0.82897466
0.67006755
""
""
""
""
""
""
""
""
0.80823326
0.83581734
0.86582667
0.72288394
0.83203739
0.83102781
0.86836576
0.77918077
0.80220497
0.82728344
0.8029629
0.81016153
0.8314302
0.72627008
0.77187109
0.78609079
0.86264479
0.8697741
0.85768116
0.89270526
0.85183471
0.89649159
0.81067103
0.79428738
0.84417021
0.74954337
0.80585027
0.77810454
0.78003335
0.82003433
0.76519263
0.76032901
0.76053584
0.82683402
0.82934672
0.86895579
0.69174969
0.76216245
0.78343582
0.85332668
0.81207192
0.89127129
0.68339336
0.70435083
0.78333378
0.78116882
0.83355856
0.7406199
0.82482767
0.77080095
0.81048995
0.8200919
0.76207227
0.79156983
0.7506566
0.92743313
0.82440472
0.84362876
0.84587908
0.68052626
0.77925301
0.8018142
0.68862486
0.74267411
0.63265133
0.78795582
0.74699414
0.69668204
0.75645912
0.77854025
0.65638989
0.77940023
0.70520282
0.77001899
""
""
0.79982537
0.71909356
0.89845699
0.7506687
""
0.68449259
""
""
""
0.90013248
0.77161759
0.82610703
""
""
""
0.86676461
0.82625848
""
""
""
""
""
""
""
0.70591021
0.75965476
""
""
0.79937738
""
0.57001096
""
0.34204936
0.73545909
""
0.74828506
0.44757199
0.83023179
0.70860356
""
""
""
""
""
0.67043966
0.82858837
""
""
0.47140115
0.65637457
""
0.82241476
""
0.74202245
0.86843288
0.70018888
0.74084342
0.74900562
0.63622087
0.71766019
0.72982711
0.75493211
0.73683935
0.71558195
0.70181125
0.71261495
0.72706068
0.7782039
0.73358583
0.75520575
0.79167885
0.81937963
0.78120536
0.80640566
0.80677003
0.85444158
0.84511262
0.76167464
0.79986382
0.89311546
0.77959508
0.69315839
0.83971071
0.74844986
0.8656981
0.79226476
0.60732031
0.44591966
0.81618941
0.7956785
0.79641008
0.83175039
0.82006198
0.73639804
0.83921534
0.82555252
0.71619087
0.88970929
""
0.76932633
0.74718964
0.7984603
0.8812747
""
""
""
""
""
0.93327582
0.50118655
""
""
0.85398853
0.68899298
""
0.62781805
0.61626679
""
""
""
""
0.90564388
0.45368394
""
""
""
""
""
0.64737636
""
0.78494978
""
0.61144817
""
""
0.77600902
0.59585679
0.69293463
""
0.86034173
0.85494095
0.58726144
0.69927722
0.68493825
""
""
""
0.81745046
0.7809965
0.93127137
""
0.61173761
""
0.46381944
0.59611821
0.75501794
0.62634116
0.55348796
0.64026809
0.55709249
0.65847129
0.45991802
0.60298902
0.54426235
0.5149765
0.56439716
0.69396555
0.69010133
0.69159007
0.60420626
0.60860389
0.57884163
0.58288407
0.49716824
0.53914714
0.55170596
0.69088608
0.77896506
0.59068984
0.59392244
0.62718618
0.72769964
0.61430526
0.6219238
0.71143645
0.63828945
0.37548235
0.40094313
""
""
""
0.65464836
0.52714634
""
""
""
""
0.6657899
0.67887402
""
""
0.5520438
0.54595482
""
0.65384322
0.65507448
0.60461521
0.60661346
0.66122371
0.65340775
0.65067422
0.59801108
0.62358052
0.55845898
0.59682286
0.62612289
0.64463979
0.60169154
0.57005537
0.6229279
0.57930261
0.55254865
0.70189124
0.56549722
0.52369726
0.6578694
0.56190264
0.6008327
0.67225659
0.67252553
0.64055878
0.57058018
0.72144127
0.58993596
0.55108988
0.55823326
0.48884013
0.4824512
0.34482002
0.46606472
0.38818249
0.55086988
0.53493118
0.35028246
0.57867557
0.45058843
0.46948585
0.61442369
0.60971957
0.61861622
0.531609
0.58172035
0.50693715
0.62619108
0.2936874
0.098635234
0.78512037
0.73547596
0.64156586
0.92793065
0.77884459
0.62920278
0.51684767
0.59382856
0.55634737
0.68991834
0.65647173
0.64852113
0.70785624
0.69222158
0.54611611
0.77763051
0.70901054
0.65858895
0.83457339
0.61134183
0.6401009
0.56673163
0.62083554
0.66231304
0.53910053
0.81065536
0.6867829
0.67576545
0.71895784
0.59604841
0.89349258
0.75952911
0.62336344
0.69640529
0.60341674
0.60990864
0.76668853
0.65042162
0.73078328
0.68266404
0.71455282
0.62226313
0.63143003
0.6825363
0.7567398
0.61360568
0.60092491
0.62785321
0.83449519
0.7240563
0.59388345
0.69675905
0.81777138
0.65253228
0.62458611
0.65651536
0.7146377
0.64839423
0.654064
0.72879165
0.67167395
0.77945679
0.7409268
0.53519469
0.59805137
0.74228954
0.80158931
0.74673182
0.67758477
0.80913436
0.69757444
0.76565975
0.73626268
0.62341154
0.86580729
0.68683565
0.8509689
0.75864077
0.62319106
0.65719026
0.49400795
0.55666906
0.6982618
0.75473249
0.52436656
""
""
""
""
0.44919822
0.47241381
""
0.7844249
0.77840519
0.57324624
0.74425811
0.64402103
0.72798043
0.50381744
0.67289692
0.42394936
0.66659266
0.7298401
0.67357558
0.65272266
0.78051364
0.55389011
0.60328138
0.66812581
0.63802963
0.57581002
0.62579787
0.64146817
0.68728501
0.70774144
0.72613347
0.56784797
0.71043706
0.67512739
0.77866155
0.61988014
0.77508879
0.66554761
0.64538336
0.66627777
0.71291345
0.7419374
0.65549815
0.6912269
0.64734572
0.61845624
0.58332157
0.63219023
0.68484324
0.66840428
0.73265827
0.67524666
0.7061649
0.63368523
0.52536553
0.85468084
0.76972681
0.65387297
0.69332498
0.66548908
0.64282513
0.57270479
0.32674417
""
""
0.37520516
0.56107491
0.69072473
0.66570437
0.65254354
0.76008463
0.75934786
0.61667293
0.50798869
0.65120357
0.59054327
0.47033939
0.53412694
0.54989016
0.47572005
0.40004972
0.4794898
0.58285058
0.54559487
0.60604173
0.85201114
0.74864328
0.70408779
""
0.66554028
0.65200824
0.66061389
0.63152969
0.74662966
0.69368142
0.74461204
0.66931278
0.72281098
0.7771337
0.63803071
0.73809797
0.7098313
0.61898011
0.70636159
0.70997041
0.67940748
0.69862336
0.63054937
0.70247275
0.7174682
0.81844664
0.73679465
0.74155027
0.67235529
0.7751658
0.69871527
0.586806
0.57338411
0.52463901
0.45756438
0.61272413
0.58137387
0.52021271
0.61981493
0.6123358
0.66220498
0.71090728
0.69200057
0.60824925
0.31088215
0.5708639
0.55690455
0.54937255
0.60416895
0.58065242
0.39229104
0.67085707
0.61324209
0.73391515
0.73384082
0.7287181
0.73178959
""
0.57929772
0.67055589
0.7652877
0.73409516
0.59136838
0.52034461
0.71852058
0.63805377
0.63759482
0.64120525
0.48297504
0.4479416
0.70600522
0.70917058
0.69217068
0.72155237
0.63916194
""
""
0.72833651
0.69789517
""
0.60793084
0.59316844
0.68051893
0.6436488
0.7213887
0.70718575
0.70679736
0.68408585
0.70032585
0.5929203
0.77232343
0.81490028
0.64715624
0.43057451
0.61995465
0.68562597
0.73892653
0.74692726
0.4933787
0.62720102
0.70314181
0.53292012
0.56644398
0.46320656
0.53153205
0.48952657
0.56031018
0.53662735
0.61333114
0.65670949
0.33504352
0.60109955
0.43339941
0.60931695
0.54789829
0.47496077
0.53472674
0.62862605
0.65118849
0.52939045
0.6955806
0.7092551
0.68282515
0.69396383
0.73493242
0.502518
0.58162475
0.69593412
0.67145365
0.58710879
0.70830607
0.71846938
0.69041592
0.69167453
0.70578104
0.65210712
0.68444943
0.65453124
0.6039477
0.79677582
0.48345453
0.54741365
0.68555117
0.64434642
0.53923309
0.59265161
0.60931885
0.55231088
0.76109761
0.72549438
0.7833668
0.65904361
0.70245963
0.76736933
0.83638698
0.60950643
0.77831793
0.73125577
0.72175473
0.76925308
0.76168698
0.73943019
0.7093628
0.75610334
0.572263
0.70675159
0.70890605
0.71850491
0.73589563
0.62448257
0.78087842
0.70747638
0.75760585
0.80151218
0.71140116
0.62265688
0.65778762
0.84659153
0.82111561
0.73883009
0.83773619
0.81050956
0.72334027
0.7826879
0.7457577
0.64722383
0.77944231
0.73593432
0.65752065
0.42169201
0.66111308
0.68505406
0.66177428
0.70419276
0.61717403
0.65125322
0.58038086
0.66738838
0.60496515
0.75764245
0.74080676
0.72438622
0.58382481
0.63293803
0.5647006
0.67622709
0.68495303
0.71381772
0.71404725
0.73361284
0.71424061
0.8333708
0.63060534
0.7546398
0.66157514
0.71086878
0.78406221
0.78405565
0.72127557
0.63512456
0.70279938
0.73785532
0.74107742
0.80458909
0.78755718
0.74806464
0.79396576
0.72993195
0.66012746
0.62221462
0.67070115
0.567554
0.56338263
0.68207902
0.70848799
0.41518599
0.59392798
0.72405791
0.63677794
0.74689972
0.67151654
0.77464402
0.6293419
0.66330487
0.65681583
0.56846988
0.75181001
0.52582431
""
0.67021841
0.72097856
0.68684679
0.76337755
0.66349256
0.62985873
0.75721556
0.6572634
0.72026801
0.74438411
0.69671917
0.74805933
0.69322056
0.71256554
0.67058188
0.73993891
0.58415455
0.75838292
0.66314435
0.74419397
0.68456024
0.68084151
0.72574651
0.53843802
0.72808003
0.77536231
0.78577536
0.873124
0.71206015
0.8120082
0.67935014
0.59801346
0.65777475
0.83515513
0.65154755
0.68858105
0.79724759
0.70966965
0.686562
0.73085326
0.66378623
0.71714008
0.70137966
0.60088998
0.63776451
0.69873595
0.55274498
0.79477763
0.66194242
0.22563268
0.61907613
0.82089162
0.81387073
0.68451953
""
0.71206003
0.63664722
0.56975961
0.6365009
0.6702469
0.5953365
0.75153112
0.68750417
0.66754091
0.85347408
0.7259146
0.68323833
0.70456493
0.6262629
0.65520716
0.70241755
0.61982256
0.77363044
0.75861698
0.69587392
0.72823292
0.75474006
0.72844988
0.7481581
0.68631941
0.70267272
0.75263482
0.61248797
0.62446916
0.71411157
0.70723367
0.65786201
0.6453259
0.75136292
0.7256605
0.7040574
0.78686595
0.55383962
0.58977062
""
""
0.75462896
0.46730205
0.6788826
0.69262856
0.75104874
0.68790597
0.64801651
0.67869186
0.57925332
0.61440849
0.67371547
0.70218629
0.65048844
0.73361194
0.64440578
0.63735336
0.60044008
0.57051575
0.72281575
0.52795905
0.67896479
0.54370362
0.645832
0.72056657
0.491335
0.57154804
0.43113232
0.69671655
0.73317051
0.84231067
0.73187351
0.8227157
0.76373792
0.63279796
0.77429843
0.77805573
0.85023779
0.87942094
0.86202437
0.83470029
0.82701463
0.83868706
0.84890074
0.7991966
0.76781899
0.77724934
0.86526948
0.81332308
0.75220823
0.78849405
0.74331921
0.79366469
0.935013
0.9828499
0.60028368
0.78437942
""
""
0.8125937
0.8232401
0.69874066
0.76848948
0.43034846
""
0.78204691
0.81482637
0.87678331
0.65556663
0.81975269
0.63236099
0.82935375
""
""
1.0076888
0.83890349
0.74643922
""
""
""
""
""
""
0.79807895
""
""
""
""
""
""
0.83611184
0.76564294
0.68688852
""
""
0.83186704
0.83687931
0.70810598
""
0.75109971
0.8164956
0.76454121
0.64780903
0.67404687
0.80085766
0.82397252
0.7905581
0.70429313
0.77912766
0.66094005
0.69602102
0.75747281
0.81806493
0.7345773
0.80896819
0.78559589
0.62143916
0.82619107
0.73997509
0.7043522
0.74879587
0.73051047
0.6650995
0.72068131
0.74069148
0.81254792
""
""
0.88486743
0.78854686
0.742589
0.876059
0.72968584
0.68593961
0.74315625
0.74209732
0.8068797
0.82431132
0.76382011
0.80434889
0.76198471
0.75972813
0.78707135
0.67900544
0.68834656
0.76586038
0.60466951
0.50234842
0.7338084
0.70573342
0.73719156
0.76814914
0.72276282
0.65924186
0.77461344
0.81217921
0.57783353
0.66059679
0.74050653
0.71804118
0.55035102
0.72623903
0.78185749
0.7137906
0.69472027
0.64261466
0.72300291
0.73756248
0.70659053
0.57484263
0.69088018
0.67679834
0.67473942
0.6720323
0.69128084
0.73658472
0.77144676
0.65428388
0.7122637
0.66920805
0.69138682
0.52315557
0.51565808
0.72189254
0.68365806
0.63113588
0.70207196
0.79441434
0.78621054
0.58846474
0.59407443
0.66867411
0.70277244
0.64515656
0.69667673
0.62090063
0.72175801
0.6385029
0.44312131
0.75302011
0.88681757
0.67975134
0.65695798
0.62672353
0.60466594
0.84516561
0.61148411
0.66697621
0.70968181
""
0.56368643
0.66248548
0.74858952
0.63306969
0.53634763
0.52175289
0.66372752
0.38912159
0.622922
0.65815359
0.60135669
0.62895638
0.67581719
0.63680166
0.62077296
0.68334728
0.68278247
0.65718132
0.63364834
0.70306939
0.63274068
0.6424101
0.73991126
0.71913511
0.68771601
0.73066634
0.809394
0.70716196
0.65301162
0.72615123
0.68981409
0.72737581
0.61695647
0.67360342
0.79439145
0.67771834
0.70863819
0.65771627
0.66702199
0.66511577
0.68422341
0.76272869
0.67121363
0.78921461
0.55424678
0.7586273
0.76097721
0.6263358
0.78514284
0.76544464
0.70162779
""
""
0.79105997
0.91027468
0.69917512
0.81843871
0.65062416
0.87394327
""
0.84513342
""
0.85112047
0.80252713
0.86818224
0.8414731
0.79719728
0.68758285
0.72739482
0.81602854
0.60421121
""
0.84341609
0.76115149
0.8417834
""
0.89514154
0.79392391
0.86000383
0.79745454
0.77547336
0.91749763
0.7645157
0.84766883
0.74365276
0.87888306
0.70017129
0.8075186
0.75004715
0.8086319
0.78038669
0.74359649
0.74483025
0.71931571
0.77097261
0.75012946
0.75714302
0.81642848
""
0.6944322
""
0.72172779
0.75966805
0.77581692
0.72703886
0.70168769
0.70328373
0.70703709
0.74287599
0.67246687
0.66092759
0.68075758
0.7567867
0.73856735
0.7139926
0.70751786
0.80006218
0.70205498
0.75944191
0.73842007
0.60458344
0.85359377
0.62725902
0.72039163
0.67790693
0.58603418
0.72157472
0.60790378
0.72326857
0.64699721
0.7166189
0.69890898
0.6864832
0.5944398
0.60699123
0.51784635
0.57560575
0.7011674
0.7123487
0.60248375
0.76186633
0.57339185
0.68413889
0.67678279
0.57664567
0.39270106
0.59872723
""
0.55441463
""
0.73364687
0.86136508
""
0.66548485
""
""
0.7099539
0.86225438
""
0.61143303
0.56164008
0.52455807
0.55488241
0.57918292
0.63210082
0.73762333
0.69024092
0.65737224
0.73602897
0.70021325
0.65429181
0.64677709
0.63680893
0.44748083
0.46183333
0.62960857
0.65909994
0.51544952
0.49136952
0.43032682
0.59119415
0.53590149
0.37231493
0.66825962
0.59471822
0.67306608
0.54404336
0.45652872
0.61159897
0.53925484
0.6963796
0.54838967
0.64832264
0.58190662
0.64610642
0.54698229
0.64794242
0.59586388
0.61167365
0.64268756
0.62857747
0.64086801
0.71362257
0.60664135
0.68610418
0.61845571
0.59609932
0.62328243
0.72748315
0.63706636
0.64967841
0.52023876
0.59350479
0.61489004
0.68744439
0.58865631
0.54068047
0.6201998
0.64083272
0.73920536
0.77092981
0.63119358
0.6372292
0.70053238
0.70257622
0.64105743
0.62494594
0.55232179
0.65086597
0.57700968
0.68485641
0.60179293
0.49144667
0.60660022
0.67877692
""
0.75268197
0.78425658
0.51358467
""
0.16750573
0.17831102
0.60400534
0.45419332
0.83719885
0.79788107
0.523826
0.64275515
0.52635652
0.65100026
0.7239939
0.59109825
0.51216096
0.67024124
0.76746488
0.64860874
0.58620107
0.69750857
0.71827126
0.60936308
0.63248473
0.672539
0.58994025
0.52941996
0.54668152
0.44750014
0.4737905
0.51046723
0.65078032
0.629448
0.76827532
0.5139327
0.36194882
0.61106628
0.41149631
0.57664567
0.55237734
0.59788716
0.6565392
0.71538877
0.48191863
0.51567334
0.59674972
0.50754923
0.58489168
0.6999023
0.39452854
0.60547823
0.74138951
0.54237509
0.87269872
0.83689427
0.82615757
0.62084007
0.66688758
0.68028718
0.70188195
0.41623512
0.73584515
0.66122288
0.55045229
0.59629524
0.61659229
0.59519416
0.53335696
0.69965321
0.68322223
0.68397486
0.72230864
0.63832825
0.68188548
0.54068112
0.6070103
""
0.74644321
""
0.71746022
0.64216566
0.70815718
0.5594551
0.51950115
""
0.75342208
0.43705806
0.62692183
0.59423947
0.53172821
0.64647156
0.57912409
0.46110955
0.46067357
0.50003082
0.45749226
""
""
0.19800557
0.37103608
0.59378576
0.46565562
0.50957602
0.86232752
0.53555161
0.4294017
0.48703098
0.40747142
0.45568794
0.39444295
0.53079945
0.56608903
0.55261761
0.54602218
0.62998998
""
""
""
0.59502071
0.64667547
0.66633749
0.58672905
0.44430247
0.32983628
0.26394573
0.62744182
0.47579148
0.4629676
0.41581494
0.36989179
0.4109585
0.43885869
0.52826965
0.38629961
0.39318234
0.5353539
0.34430602
0.40398395
0.44382387
0.56163681
0.49563861
0.52531475
0.58275133
0.39407098
""
0.59051597
0.57551825
0.71221668
0.58992177
0.4803572
0.37818629
0.49558142
0.29233891
0.43452254
0.52971482
0.5281902
0.35492465
0.34495527
0.37778541
0.57560641
0.46546879
0.68533945
0.45812258
0.49979031
""
0.55770671
""
0.3991105
""
0.40864125
""
""
""
""
""
0.53468287
""
""
0.39268994
0.40310729
0.45284605
0.58185434
0.57144397
0.65964603
0.6974076
0.58302963
0.69615066
0.57237315
0.58139968
0.46743464
0.53806996
0.32848215
0.39131013
0.36274356
0.50607616
0.66526735
""
0.42952716
0.39801583
0.3924419
""
0.31707722
0.35247713
0.45173424
0.77261913
0.3872143
0.57671499
0.53193742
0.50063074
0.47114277
0.46662027
0.5776599
0.50227606
0.57319844
0.53132832
0.69626218
0.65729445
0.49815613
0.57018387
0.44084904
0.58543324
""
0.4176791
0.43083301
0.44101727
0.57844865
0.43344498
0.42968118
0.41011676
0.39554754
0.35911548
0.40221429
0.4937962
0.40891591
0.28649962
0.47909546
""
""
""
""
""
""
""
""
""
0.47675595
""
0.48095959
0.43183112
0.3878864
""
""
0.2303371
0.46779242
0.52168334
0.34807006
0.46457157
0.38985276
0.32985893
0.43011457
0.40082806
0.42312324
0.34144214
0.50102711
0.44635981
0.59987384
0.46201456
0.45536798
0.30140057
""
0.29334542
0.37565833
0.28732002
""
""
""
""
0.21249719
""
""
""
""
0.40684253
0.37777847
0.39009577
0.48648009
0.37578648
0.70402551
0.58570641
0.48113811
0.5652113
0.61707211
0.61107934
0.67066681
0.59453577
0.62498313
0.64612538
0.59034944
0.55254245
0.61038357
0.66110557
0.34913418
0.61579365
0.57477874
0.66667271
""
0.7672134
0.57182151
0.43951532
""
0.64849317
""
""
""
0.59253138
0.38602248
0.50445974
0.58597493
0.60134923
0.45075834
0.51132065
0.53202128
0.48194504
0.5827058
0.29511029
0.53189689
0.67716265
0.48746905
0.52991164
0.53884965
0.53715879
0.63280976
0.57610422
0.51513714
0.60641223
0.69678283
0.51337487
0.44498217
0.70656264
""
""
""
""
0.55575103
""
0.55493981
0.49022847
0.51018226
0.39046243
0.40962738
0.32026726
0.4349491
""
0.39212763
0.31889918
0.2969566
0.6424287
0.4756341
0.61502308
0.49594361
0.48198563
0.54100382
0.43196326
0.35596213
0.26791969
0.43880183
0.37747994
0.4843564
0.61284196
0.59746605
""
""
0.39902961
""
0.41021416
""
0.5502497
""
0.60766011
""
0.53509438
0.45238388
""
0.39137292
0.4130289
0.45087087
0.395192
0.67893505
0.32838777
0.25562313
0.39042863
0.24480362
0.31553495
0.31408042
0.47919849
0.40781125
0.23619165
0.51153064
""
""
""
0.23807542
""
""
0.35308614
0.34238514
""
0.18827388
""
0.36578476
""
0.23416995
0.32051149
0.37235031
""
0.46407473
""
""
0.3199901
0.054570764
0.55581105
""
0.42460135
""
0.34126949
""
0.64631623
0.59896022
0.5443033
0.59206194
0.78881705
0.6391058
0.60526234
0.55186623
""
0.61095101
0.5842452
0.58150995
0.75675327
0.56012219
0.46049976
0.5058431
0.71837312
0.75585121
0.83386111
0.86601323
0.61128426
0.68431854
""
0.73004007
0.88578981
0.64635837
0.84566569
""
""
0.59931976
0.53226632
0.67879003
0.68675995
0.71509904
0.82929307
0.70276403
0.7581054
0.79499966
0.66713482
0.61065942
0.77947104
0.77982157
0.86221749
0.90433872
0.77078676
0.82173854
0.86620432
0.87267816
0.76892239
0.86091679
0.67239201
0.69436228
0.69604707
0.71482664
0.74142528
0.70031261
0.71892679
0.69313258
0.7567746
0.77484953
0.60413128
0.77018309
0.72659546
0.75123858
0.86255533
0.82663912
0.72150624
0.68169516
0.75282907
0.60540068
0.60963827
0.59341395
0.79540241
0.72891313
0.76896691
0.79657996
0.68479878
0.78340161
0.57246143
0.68362957
0.73554736
0.62333018
0.76484036
0.5198741
0.66850013
0.6563561
0.70183074
0.63085574
0.76279342
0.79321474
0.7052061
0.68237519
0.49479166
0.5646143
0.5938924
0.64309776
0.62343192
0.55210978
0.39167851
0.55481178
0.58043116
0.62831861
0.68460178
0.47415695
""
""
""
""
""
""
""
""
""
""
""
""
""
""
""
""
""
""
""
""
""
""
""
""
""
""
""
""
""
""
""
""
""
""
""
""
""
""
""
""
""
""
""
""
""
""
""
""
""
0.86086255
""
""
""
""
""
""
""
""
""
""
""
""
""
""
""
0.78201544
""
""
""
""
""
""
""
""
""
0.74255204
""
""
0.61090165
""
""
0.62387121
""
""
""
""
""
0.82136464
""
""
""
""
""
0.81506306
""
0.69759792
0.65889239
""
0.87931627
""
""
""
""
""
""
""
""
""
""
""
""
0.74651331
""
""
""
0.80381608
""
""
""
0.6491484
""
""
""
""
""
0.81779015
""
""
""
""
""
""
""
""
""
""
""
""
0.47123334
""
""
""
""
""
""
0.64343637
0.67277789
0.66972798
""
""
""
""
0.65587527
""
""
0.78647459
""
0.78251398
""
""
""
""
0.73350853
""
""
""
0.80520242
""
""
""
""
0.7474162
""
""
0.74049413
""
0.75576967
0.80457878
""
0.75914645
""
0.69062763
""
0.83491755
""
""
""
0.84798187
""
0.87676513
0.78106147
""
0.37121427
""
0.6415565
0.85480565
0.77602857
0.69674116
0.69806349
0.84912813
""
""
0.80943179
0.84767646
0.61106646
0.73294556
0.59741831
0.68466598
0.7696588
0.66655976
""
0.57671708
0.73070639
0.93159592
0.37701592
0.5714981
0.55339986
0.7657997
0.57651138
0.77837628
0.63302886
""
""
0.61714417
0.81427372
0.80339205
0.84139889
0.7908833
0.68243605
0.90893245
""
0.60954082
0.63834745
0.92802089
0.83708751
0.68169612
""
0.73335332
""
0.78216594
0.61945039
""
0.61702812
""
""
""
0.85592651
""
""
""
""
""
""
""
""
""
""
""
""
""
""
""
""
""
""
""
""
""
""
""
""
""
0.64432245
""
0.85538602
""
0.9278115
""
0.60668129
""
""
""
""
""
""
""
""
""
0.81035471
""
""
""
""
""
""
0.76558119
""
0.75019264
0.65895432
0.71216303
""
0.70544481
0.79209137
0.79489166
""
0.47077897
""
0.8220402
""
0.78641349
""
""
0.50046277
0.47995645
""
0.77612734
""
""
""
""
""
""
0.86077833
0.81929415
0.7480008
0.79381239
0.52558124
""
""
0.53095305
""
""
""
0.8492434
0.64040017
0.68057549
0.77002299
0.74191767
0.69322896
0.74064791
0.59778172
0.67403162
0.87167788
0.50556189
0.67128646
0.60791194
0.51936644
0.68627954
0.67620885
0.70760041
0.61993259
0.66556805
0.56743294
0.71422976
0.73028195
0.59332329
0.62242097
0.63219285
0.66986829
0.59320235
0.61572152
0.458179
0.69653302
0.63406879
0.62220544
0.60428697
0.58933562
0.73969775
0.59119576
0.64861506
0.57243079
0.52272683
0.68707323
0.66285872
0.51092178
0.57089907
0.68538803
0.65923613
0.59529108
0.66237497
0.76845711
0.73924524
0.60374326
0.63480568
0.4784669
0.623052
0.48364443
0.6173076
0.5142104
""
0.66284794
0.51854151
0.5151875
0.49035901
0.45782971
0.48548871
0.66735095
0.53435612
0.56249142
0.6222645
0.51758581
0.54678547
0.54980803
0.47577602
0.58297408
0.59225434
0.55466652
0.58810806
0.56586009
0.64609367
0.75884628
0.70304972
0.75526303
0.7222178
0.6849376
0.61347646
0.67886388
0.63640356
0.68100727
0.70368874
0.75818843
0.77585536
0.70224553
0.71508825
0.72669786
0.60359049
0.68746942
0.82126379
0.60728276
0.48786095
0.69536269
0.61852938
0.65570521
0.64643294
0.67451155
0.5681197
0.47017983
0.67894548
0.63482726
0.64475584
0.51074481
0.53415996
0.39896291
0.49109674
""
0.59839976
0.64846396
0.68355584
0.55410492
0.6322934
0.56574106
0.72517973
0.65063155
0.63000113
0.67685431
0.53549778
0.66429639
0.51504761
0.50100464
0.66351551
0.69590318
0.62858129
0.62801152
0.68222684
0.65117854
""
0.63070828
0.58091879
0.66505164
0.90683109
0.61134875
0.69294912
0.73174226
0.68099201
0.69743145
0.663863
0.65202415
0.67932206
0.61702096
0.61715466
0.66096652
0.54628044
0.53529501
0.6444971
0.65066588
0.58250791
0.60124969
0.52676553
0.60374248
0.62491304
0.60868388
0.61195517
0.51742429
0.53930509
0.43980223
0.52118409
0.42110914
0.7420966
0.81091785
0.75979567
0.74090815
0.74113488
0.58763772
0.70638585
0.73191333
0.42377827
""
0.5668081
0.40612346
0.8812905
0.75388891
0.72132272
0.63803327
0.70604378
0.74336094
0.83278883
0.65007418
0.54557788
0.74521112
0.63170624
0.63088733
0.77099025
0.79728693
0.72120428
0.60016334
0.62344337
0.63815111
0.74467278
0.74099857
0.68666464
0.57823598
0.72473645
0.58997434
0.53825897
0.57616413
0.64392966
0.78202552
0.62174135
0.61370581
0.59670436
0.6430344
0.64781147
0.60212046
0.52316439
""
0.61459786
0.61788863
0.56073779
0.62875575
0.54899585
0.62172264
0.69818211
0.54903448
0.62952834
0.59842199
0.68290347
0.5750919
""
0.48050621
0.37343955
0.52777869
0.48374033
0.41648898
0.62056655
0.7228297
0.60821843
0.58122563
0.53211844
0.62136072
0.50687492
0.57157969
0.7411387
0.69898897
0.72014576
0.71357179
0.55851513
0.65690506
0.76489747
0.7538389
0.75130892
0.61258465
0.40962863
0.63498688
0.59427011
0.56106865
0.62548631
0.6948145
0.68563533
0.57209474
0.56238246
0.54560184
0.63162452
0.37880713
0.52504051
0.52991289
0.39817518
0.60718727
0.58104956
0.76998472
0.75076568
0.67989367
0.67067838
0.68779433
0.47865364
0.41342917
0.58959889
0.63525182
0.71994698
0.50535846
0.55419159
0.5472579
0.68048561
0.44952148
0.55835766
0.49267879
0.69354606
0.65458661
0.72045797
0.72182208
0.82857072
0.75645936
0.70194942
0.58539772
0.70121455
0.5961473
0.3965337
0.66416866
0.73719007
0.67666245
0.68256551
0.91057521
0.56741375
0.69875455
0.61672491
0.61237258
0.44410002
0.74073237
0.70694292
0.83168691
""
0.80805463
0.81927961
0.91026676
0.77093828
0.75815427
0.81844783
0.81838089
0.84685296
0.87213778
""
""
0.95344937
0.89735979
0.83752358
0.906075
0.8153457
""
0.96745205
0.90733331
""
0.70461059
""
""
""
""
""
""
0.74510509
0.87474763
""
0.70245641
0.86370695
""
0.7527234
0.59956694
""
0.73677993
0.82907146
""
0.82823205
0.65163141
0.79176444
0.81989497
0.81434029
0.60599244
""
0.77244169
0.82682604
0.82886785
0.85177153
0.83903235
0.84969842
0.86486262
0.84794384
0.77657712
""
0.70452356
0.64743793
0.61297584
0.7605899
0.76889229
0.65606815
0.70246214
0.80701035
0.90003413
0.68611825
0.76389897
""
0.56312418
0.83464956
0.72758174
0.67985129
0.74191982
0.86364067
0.78624457
0.81633317
0.74170631
0.7508353
0.82243091
0.75280476
0.78207332
0.75309312
0.70829356
0.75737488
0.75710565
0.7749598
0.8473683
0.74362093
0.88179243
0.87151653
0.79257315
0.8071537
0.85512668
0.80610579
0.58113742
0.57414258
0.65565038
0.59211236
0.60256308
0.77312803
0.71956664
0.63214338
0.78480953
0.75105822
0.69276863
0.75736994
0.74772602
0.6590746
0.73661953
0.67518282
0.75219089
0.72993577
0.76247227
0.72360092
0.58559936
0.63858986
0.71696639
0.62330866
0.78593355
0.86254418
0.82870311
0.8393687
0.76761502
0.79895949
0.84212756
0.77208924
0.77092028
0.76453739
0.76977164
0.79259437
0.71338147
0.86012739
0.85511124
0.85626435
0.85705858
0.82685483
0.79655683
0.81188107
0.76150137
0.77383453
0.821495
0.76467741
0.76187253
0.84528232
0.85325366
0.73952681
0.8550421
0.84352452
0.8189348
0.75987285
0.80274659
0.75926459
0.68821734
0.79242814
0.74541056
0.83469099
0.83562899
0.83301342
0.78718638
0.84755933
0.80236125
0.75709444
0.80812597
0.77168709
0.78179747
0.80159134
0.80873156
0.72751433
0.67760479
0.7102707
0.6771546
0.68340206
0.66667873
0.73717004
0.74037033
0.67240465
0.65312421
0.66608566
0.71833611
0.73063904
0.82236856
0.78390723
0.79698896
0.76507688
0.78426385
0.7544769
0.75426871
0.79832071
0.81599391
0.76799238
0.69696617
0.6125294
0.75968891
0.69629151
0.76491857
0.84108311
0.7724272
0.82371533
""
0.73906589
0.73716694
0.76426458
0.75745201
0.76006144
0.78944904
0.79742068
0.68913424
0.7751137
0.78726643
0.80773717
0.70511413
0.71827024
0.73753893
0.77646536
0.67110848
0.71842211
0.62984186
""
0.92272258
0.92828739
0.76895577
0.95210814
""
0.86729228
""
0.5050965
""
0.86012971
0.84742391
0.77454901
0.84484965
0.51062858
0.56102926
""
""
0.69304693
0.67785513
0.45951813
0.50724745
0.62806147
0.74833101
0.79739136
0.55536807
0.68350333
0.67359698
0.54386187
0.2351927
0.3673045
""
0.70708436
0.71755147
0.75424373
0.63460726
0.66706389
0.69828242
0.71935296
0.60149556
0.62189394
0.48778775
0.58811343
0.59116906
0.61671835
0.6171115
0.68414831
0.7247777
0.61212665
0.63754672
0.69646478
0.68370926
0.70764536
0.65248626
0.61543047
0.71526259
0.66152275
0.61306781
0.63908947
0.67520577
""
0.77592182
0.71974605
0.8234964
0.79535872
0.77537841
0.705239
0.79021651
0.7671656
0.84273523
0.79833394
0.74276328
0.77376282
0.82059985
0.795322
0.76333845
0.68624789
0.63479406
0.56103051
0.52713144
0.59269708
0.66765624
0.63440758
0.76978284
0.74075836
0.74509776
0.67401022
0.68771714
0.6929605
""
0.55671835
""
0.61919612
0.7311312
0.77554572
0.65932471
0.68064624
0.69273609
0.70423174
0.71362811
0.61002517
0.73362142
0.6790238
0.51122224
0.65040457
0.57602495
0.68101329
0.73642796
0.7310254
0.69111127
0.80399841
0.60722005
0.64179361
0.58881569
0.61022776
0.63569176
0.60595977
0.6309464
0.70104152
0.43071592
0.30571917
0.63129568
0.63184363
0.59304589
0.61846232
0.73045701
0.68890059
0.64033741
0.67276996
0.49738553
0.62785965
0.3690964
0.62201983
0.46494132
0.60599941
0.52965444
""
0.2058063
""
0.43709129
1.8198142
0.62040865
0.68792105
0.84569174
""
""
""
""
""
""
0.48530352
""
""
0.68179464
""
""
0.71574712
""
0.73816699
""
0.9513244
0.32015568
""
0.66452372
0.92546958
0.86563438
0.80067903
""
""
0.78533792
""
0.75456184
0.72383344
""
0.78098702
0.71053684
0.55515569
0.77682859
""
0.84361678
0.79111123
""
0.64790237
0.91159767
0.83329606
0.8344689
0.68437392
0.82025021
0.75344187
""
""
0.79928768
0.77472758
0.39704388
0.88790435
""
""
""
""
""
0.59444034
""
0.57243526
0.75091934
0.91906428
0.69597578
0.73910052
0.80171514
0.80807394
0.79552299
0.79373705
0.76153433
""
0.73297107
0.57128388
0.70691401
0.77833152
0.85604519
""
""
""
0.927136
0.77876663
""
0.66849393
""
""
0.82219553
0.58297271
0.82659715
0.76777029
0.74605799
0.57808894
0.76448673
0.64771307
0.77636623
0.55640173
0.81991988
0.62966752
0.77769649
0.52465504
0.7335304
""
0.827299
0.87717938
0.74541748
0.60275185
0.83487791
0.7028513
0.71225733
0.73837042
0.4758822
0.71896654
""
0.86201251
""
0.42798701
0.64396709
0.94495815
0.64098704
0.60144717
0.80870062
0.7810443
0.91548842
0.90202647
0.88250226
""
0.69633865
0.86485553
""
0.72283202
""
0.83070916
""
0.86692512
""
0.73567218
""
0.79773611
0.87987089
""
0.96719718
""
0.79347336
""
0.87321818
""
0.78823382
""
0.76136249
""
0.72394383
""
0.86357856
""
0.72487783
0.54091072
0.79646468
0.72052467
""
0.74567115
""
0.83380634
""
0.73422366
""
0.73571497
""
0.77975464
""
0.76507223
0.766491
0.91470659
""
0.58595967
""
0.66982663
""
0.7720629
""
0.73615104
""
0.7464273
0.61588675
0.73188639
""
0.67168772
""
0.75248241
""
0.78087443
""
0.69597089
""
""
""
0.73834342
""
0.60371238
""
0.89487809
""
0.72550255
""
""
0.78947937
""
0.70928246
""
0.78636813
""
0.68471915
""
0.80174339
""
0.6802119
""
0.7680918
""
0.94132274
""
0.74149847
""
0.78710753
""
0.66097629
""
0.79891437
""
0.79976398
""
""
0.70785457
""
0.77597058
""
0.79430598
""
0.74777365
""
0.78492069
""
0.80448067
""
0.75957352
""
0.74184817
""
0.74426347
""
0.82856655
""
""
""
0.83065432
""
""
""
0.87986749
""
""
""
0.63512307
""
""
""
0.36807552
""
""
0.46691656
0.60275233
0.72009593
0.59027594
0.66518086
0.7234984
0.70217258
""
""
""
0.40596494
""
""
""
0.73301905
""
0.62965792
0.44977987
""
0.48918465
0.79062122
0.64840955
0.82584029
0.80107474
""
""
0.83930874
0.77705115
""
0.84453642
""
0.78145695
""
""
0.76843852
""
""
0.73924458
""
""
0.78447646
0.7839548
""
""
""
""
""
""
""
0.78700787
""
0.84787619
""
0.85318762
""
0.84731209
""
0.88982946
""
0.77125567
""
0.82836741
""
0.79307956
""
0.94933951
""
0.87016267
""
0.79794598
""
0.85159582
""
0.83308685
""
0.73355931
""
0.67960024
0.91061556
""
0.80499756
""
0.841658
""
0.66869324
""
0.78933221
""
0.79071814
""
0.72261643
""
0.79424256
""
0.66373444
""
0.71870738
""
0.81718665
""
0.80502182
""
0.74291033
""
0.80707222
""
0.60362244
0.72765082
0.60722452
""
0.82951337
""
0.60358864
0.73762113
0.86017078
0.64084023
""
0.49287021
0.77891833
0.84405953
0.7054804
0.61572611
0.74473804
0.71799392
0.64665216
0.57229072
0.63322431
0.70817161
0.69748867
0.65111071
0.73664594
0.71890742
0.88444471
0.68878418
0.63007253
""
0.62974674
0.4814826
""
0.6555956
""
0.59232384
0.77464271
0.75393736
""
0.7752983
0.81420541
0.79502285
0.78233254
0.78224963
0.84737909
""
0.84552538
0.72251886
""
""
""
""
""
""
0.66647142
""
""
""
""
0.68253279
0.82943588
""
""
""
0.80110079
0.71666086
0.82594699
0.75460738
""
0.61974066
0.66722757
""
0.66812986
0.77724326
0.6661709
0.57799202
0.66233397
0.68855786
0.63219595
0.58340997
0.78737235
0.71102095
0.78706956
0.58779746
""
0.55960929
0.73140764
0.71515942
0.76537204
0.64993459
""
0.77252764
""
0.75268799
0.86047059
0.66795957
""
0.78431213
""
0.80207223
0.7687993
0.70310253
0.80996811
0.80012167
0.67745733
0.68947572
0.85133719
0.9611209
0.70634288
0.70380527
0.77248198
0.82828659
0.83561242
0.82006991
0.76034415
0.79730988
0.76883012
0.62747854
0.82342082
0.81875485
0.83221126
0.72956741
0.72509074
0.79088241
0.49177113
0.81816572
0.80518776
0.71409559
0.8129608
0.8358891
0.82371795
0.78867346
0.7989974
0.80381161
0.7212109
0.78507364
""
0.80676663
0.72406262
0.79547393
0.8104682
0.77069807
0.76125073
0.84170854
0.75314945
0.68451816
0.69674265
0.85180366
0.85533148
0.71700591
0.72298515
0.74662399
0.85199702
0.8898676
0.8535924
0.91214573
0.79478407
0.90089047
0.71767747
0.88991302
0.60868341
0.88386911
0.76912403
0.55024844
0.82762355
0.84796393
0.80868191
0.87855047
0.92607141
0.6691615
0.70979112
0.81222087
0.88042277
0.84998298
0.84548986
""
0.79709262
""
""
""
""
""
""
""
""
0.92536527
0.77706349
0.88795233
0.62290287
0.66732621
0.83780813
0.76381457
0.66001058
0.82759511
0.64449334
0.85134059
0.60204858
0.68145519
0.7495113
0.63580555
""
0.72394246
""
0.76213831
0.74078161
""
""
""
""
""
""
""
""
""
""
""
""
""
""
""
""
""
""
""
""
""
""
""
""
""
""
""
""
""
""
""
""
""
""
""
""
""
""
""
""
""
""
""
""
""
""
""
""
""
""
""
""
""
""
""
""
""
""
""
""
""
""
""
""
""
""
""
""
""
""
""
""
""
""
""
""
""
""
0.82464033
""
""
0.96393734
0.7151857
0.65187931
""
0.46639678
0.77777505
0.86386555
""
0.65910965
""
""
""
""
""
""
0.68458611
""
0.75028706
0.80426693
0.71588939
0.73185915
0.93822253
0.92218894
""
""
""
""
0.98957819
0.80179906
0.84886128
""
""
0.44234335
0.8078146
0.78855443
""
""
""
""
""
""
""
""
""
""
""
""
""
""
""
""
""
""
""
""
""
""
""
""
""
""
""
""
""
""
""
""
""
""
""
""
""
""
""
0.65339708
""
""
""
""
""
""
""
""
""
""
""
""
0.6174615
0.68460912
0.72425753
0.72018659
0.52775609
0.6395883
0.6742484
0.5105769
0.62548989
0.76892155
0.67329031
0.74811351
0.7821098
0.55160922
""
0.74157351
0.70748341
0.76902807
0.76980925
""
0.62034887
0.65537506
0.69381857
0.72113532
0.46427527
0.57332444
0.57182127
0.60004634
0.47474709
0.5649575
0.70141786
0.73967135
0.68791169
0.61591524
0.75232887
0.75494117
0.73797286
0.69919997
0.68962717
0.63924313
0.92986631
""
0.39165542
""
""
0.85052699
0.71668386
0.74019831
0.79124737
0.71244752
0.76432854
0.7537033
""
0.56655484
0.57983053
0.57117862
0.95861012
0.81792325
0.77127582
0.69457376
0.7326687
0.53865391
0.55270308
1.03825
0.68784761
0.80678815
0.60967714
0.67944241
0.86428034
0.87293899
""
0.72519636
""
""
""
0.79701048
""
0.70764637
""
0.73154122
0.78686941
0.73039037
0.73281372
0.77871162
0.66609269
""
""
""
0.47982088
0.7850545
""
0.84567744
0.67348695
0.88703245
0.72608954
0.6723091
0.64389688
0.63370639
0.63333482
0.61453086
0.76551223
0.88077223
0.85290164
0.88967377
0.68920064
0.69032168
0.80942976
0.94084501
0.73465079
""
""
0.54648566
0.71755809
0.54676294
""
0.60806382
0.87415755
0.80758071
0.74875647
0.67150742
0.64690304
0.72793716
0.81893134
0.77782291
0.69896287
0.89458597
0.67229277
0.83080018
0.78817695
0.74251109
0.75901449
0.68968135
0.68802804
0.69296849
0.74317569
0.69262713
0.70951325
0.70876592
0.77007294
0.61310273
0.69141877
0.6527952
0.67179996
0.59320486
0.7838918
0.51397461
0.69015408
0.63052267
0.73587418
0.57229209
0.63882029
0.76957303
0.67288184
0.72430408
0.75450689
0.83775192
0.83387589
0.61898375
0.70897883
0.57285506
0.69570023
0.60095644
0.48080462
0.58722818
0.63050598
0.60385174
0.6932255
0.5830726
0.46908203
0.53617144
0.72956991
0.50466239
0.68531215
0.8294431
0.83287561
0.67927778
0.74679303
0.78757811
0.76147437
0.64108044
0.72623622
0.79468
0.8284626
0.77566403
0.79802036
0.7939828
0.77639335
0.79752231
0.77349371
0.82407314
0.8667289
0.79435271
0.76408893
0.7863068
0.81952
0.78490502
0.75149715
0.79321754
0.78217411
0.81331706
0.76958388
0.81121898
0.79683876
0.79709089
0.8050285
0.8028664
0.79365742
0.73959261
0.76111263
0.72620964
0.67495716
0.79220843
0.77266836
0.69914997
0.7592845
0.79372507
0.82902521
0.70723903
0.80743116
0.75472486
0.75693876
0.65159374
0.70561057
0.71263039
0.75854033
0.71235144
0.66547126
0.67702305
0.7157979
""
""
0.52330041
0.76954019
0.50585181
0.62375814
0.63980961
0.63616532
0.64045954
0.68112278
0.57109731
0.61282361
0.51907247
0.62511933
0.54750687
0.46095145
0.68392611
0.5980072
""
0.88521904
0.79707414
0.83443487
0.82195634
0.73783505
0.58938915
0.70550209
0.76065475
0.81709981
0.78557438
0.63498837
0.637716
0.75480396
0.73236775
0.92522418
0.78603065
0.5098893
0.78827351
0.75953686
0.79797548
0.82093656
0.78551126
0.77254903
0.76523012
0.85756129
0.77330667
0.69048309
0.84233052
0.91712999
0.83276665
0.8356545
0.78442854
0.66354537
0.89289987
0.86802667
0.80908394
0.77414566
0.80043805
0.94524062
0.76796156
0.78386134
0.79680359
0.7663613
0.89532816
0.86597532
0.87684023
0.86192721
0.81599534
""
""
0.8146143
0.80605507
0.89175397
0.79871953
0.8995918
0.80954713
0.68749237
0.82743913
0.75987422
0.72151822
0.87307698
0.89108729
0.83359587
0.80715251
0.85643971
0.89633679
0.79513341
0.90427274
0.85604483
0.85364926
0.64510208
0.79499489
0.87660307
""
0.76473635
0.77798486
0.82724631
0.70951617
0.7064997
0.88973755
""
""
""
""
""
0.67389715
""
0.59281343
""
0.42177156
0.87000251
0.75289154
0.75015962
0.91626614
""
0.7922405
0.7684781
0.8773945
""
0.72609335
0.74581248
0.75624365
0.85479468
0.78890187
0.72495544
0.78211719
0.80012268
0.78945434
0.90407062
0.72494125
0.7838161
0.78899175
0.79824793
0.78561705
0.79974985
0.72264332
0.77163202
0.84469408
0.83511096
0.72250396
0.85847837
0.73682469
0.70261294
0.82606703
0.80009663
0.77593344
0.78042972
0.79879725
0.73408687
0.84861743
0.89586115
0.87860042
0.74992764
0.75866407
0.75909925
0.77518815
0.43236187
0.64872062
0.76136619
0.7959168
0.73481005
0.77756727
0.83520669
0.74753892
0.77958655
0.66346329
0.90294403
0.72035474
0.74774778
0.67643887
0.77700514
0.71766865
0.7301687
0.84340906
0.81845963
0.74223572
0.77869225
0.7804966
0.82116288
0.68676913
0.78219879
0.78475672
0.78530544
0.70075464
""
""
""
0.62038732
0.78270453
0.68542141
0.88179857
0.667768
0.96803445
0.79608667
0.71193546
0.76013935
0.71737134
0.7464698
0.81383628
0.82304198
0.82479972
0.71901137
0.75320143
0.76767451
0.75873357
0.79923362
0.75339401
0.83353925
0.78175956
0.70484424
0.77781796
0.8309809
0.79395318
0.83445263
0.74361473
0.86232769
0.7787208
0.8201738
0.85611647
0.76060998
0.76262248
0.79038048
0.50785089
0.79817224
0.68439937
0.79936886
0.66729623
0.71589309
0.84768546
0.78803742
0.74282688
0.81261808
0.73516315
0.68635082
0.76748627
0.7561174
0.61840874
0.78292024
0.7482847
0.80132049
0.81283444
0.72280002
0.74275512
0.76063472
0.65781558
0.81638712
0.75885403
0.78548884
0.78315872
0.71875453
0.76325428
0.70333105
0.79024297
0.77505642
0.79863012
0.82054818
0.89054495
0.74683267
0.87005836
0.84238237
0.76963323
0.76429343
0.70950043
0.68768466
0.62786674
0.78718036
0.755346
0.81185615
0.76550889
0.82585824
0.80467004
0.67118448
0.72970599
0.80660546
0.7588824
0.95577759
0.8071267
0.85333508
0.78812569
0.77721584
0.87262899
0.77223694
0.78382027
0.74639434
0.82533514
0.81644028
0.74272305
0.80962425
0.78621
0.62068903
0.80682683
0.79201883
0.74425393
0.71180123
0.68967545
0.79161263
""
0.74573964
""
0.56970674
0.36693454
0.85436964
0.49808508
""
""
0.82386041
0.59447432
0.54859227
""
0.91895145
0.6669482
0.84067947
0.78956956
""
0.58251601
""
""
""
""
""
""
""
0.79959875
""
""
""
""
0.75962609
0.55213213
0.87442082
""
""
0.41056257
0.69950664
0.84992641
0.45146489
0.68093979
""
0.59021795
0.68133432
""
0.49355114
0.58694929
0.90378445
0.64066398
0.86585617
0.57342291
0.75320888
0.44989315
0.38413531
0.85978353
0.77495706
0.51080972
0.85888952
0.77907538
0.85351014
0.51607925
0.48956755
0.74285096
0.73630255
0.60928637
0.6547758
0.2934356
0.82340413
0.65187061
0.76118499
0.55038065
0.85703605
1.0042468
0.69605857
0.51209754
0.76863033
0.80104423
0.56891042
0.58345956
0.6798721
0.68200821
0.44007283
0.35663161
""
0.56163293
0.58716118
0.38702685
0.75408381
0.6367076
0.8882429
0.68990952
0.73918766
0.31418568
0.41713268
0.61873949
0.70197743
0.82320648
""
0.68349355
""
0.69318771
""
0.81439871
0.66505808
0.62395692
0.78974885
0.60609317
0.6651417
""
0.35201451
0.57239538
0.58165723
0.98712158
0.910074
0.68165833
""
0.5771631
""
0.78543037
0.5232445
0.68462396
0.72131687
0.77628767
0.80330163
0.41290841
0.66281027
0.82932192
0.88547999
0.7327379
0.67703021
0.66523021
0.76820868
0.6687749
0.67783922
0.62178707
0.74881637
0.62875509
0.75933456
0.49008858
0.81103623
0.63251638
""
0.6953612
0.82662725
0.73623198
0.97820866
0.65700626
""
0.78128844
0.49304065
0.51768976
0.52052999
0.46924871
0.42144313
0.76421583
0.46970177
0.72826415
0.67270297
0.53910577
""
0.59045327
0.85385466
""
0.70360094
0.64640814
0.56727272
0.6338473
""
0.75023437
""
0.54491556
""
0.59355015
""
0.81006205
""
0.73982757
""
0.68409008
""
""
0.76722544
0.74180543
""
0.75367463
""
0.66465515
""
0.70865959
""
0.71657854
""
0.55235362
""
0.54347223
""
0.49687651
""
0.44905883
""
0.56015378
""
""
""
""
0.5708856
""
""
""
""
0.65385932
""
""
""
""
""
0.80910695
""
""
""
""
""
""
""
""
""
""
""
""
""
""
""
""
""
""
""
""
""
""
""
""
""
""
""
0.65602171
""
""
""
0.59940046
""
""
""
0.49286518
""
""
""
0.35551268
0.86764401
""
""
0.19304092
0.61164957
0.52886897
""
""
0.55523098
0.70852274
0.44105175
""
0.53693724
0.62169504
0.71241903
""
0.6916374
0.55315298
""
0.45401189
""
0.74765623
0.7404719
""
""
0.65353817
0.60107929
""
0.63614094
0.78397691
0.76028949
0.77558321
0.64003408
0.72417349
0.76960206
0.83924204
0.80813485
0.78689271
0.83734161
0.83309472
0.80445945
0.81052923
0.76385325
0.79032463
0.8037914
0.71251899
0.76030821
0.76230901
0.82243824
0.7689572
0.71427685
0.78356069
0.82480592
0.78453529
0.70930046
0.73031038
0.70906782
0.83693361
0.85540378
0.70144057
0.77775002
0.73651057
0.7751683
0.77197278
0.82322711
0.75391793
0.83293021
0.75746405
0.79731858
0.83434695
0.66892427
0.75500298
0.70440167
0.73224258
0.74228853
0.74271977
0.77504128
0.61927336
0.74017334
0.73799682
0.81323987
0.76647055
0.77384865
0.92354155
0.70742267
0.73526376
0.7389186
""
0.92024714
0.87228739
0.70136136
0.67299068
0.71629232
0.62942904
0.82788503
0.69642448
0.79067504
0.80959982
0.71136236
0.81785828
0.78946692
0.75587314
0.7670694
0.6774556
0.68396086
0.65138507
0.68678683
0.54078811
0.60410923
0.70863533
0.80032682
0.70362085
0.70795321
0.63604659
0.70564342
0.75573432
0.55303228
0.61918455
0.68887073
0.70148814
0.76351655
0.74198824
0.62218875
0.64300925
0.57650036
0.74727952
0.7137205
0.7298314
0.6427505
0.7386446
0.70881814
0.64543843
0.6292094
0.74130833
0.74966276
0.6599896
0.67274046
0.63336927
0.5070951
0.6846953
0.55995828
0.63048756
0.6126855
0.6038869
0.75278193
0.79581845
0.71314329
0.73422843
""
0.69303203
0.63532913
0.65860087
0.78381675
""
""
0.71627384
0.62728447
0.69592965
0.63636136
""
0.64096701
0.89522421
0.75185031
0.86765856
0.79051995
0.77355802
0.82264322
0.84964007
0.75935644
0.86935145
0.71312779
0.85665953
0.73518687
0.57457078
0.77951956
0.62637395
0.78902829
0.67455429
0.82977003
0.78537542
0.6260733
0.76695579
0.7495389
0.81365556
0.81457484
0.61748922
""
0.83211881
0.83218718
0.58225501
0.81633508
0.81297517
0.97441274
""
""
""
0.2608107
0.47192124
0.51021177
0.62454879
0.70755994
0.68220192
0.78926891
0.74339813
""
""
0.57546985
0.44072074
""
0.74290586
0.66013223
0.81840909
0.80923808
0.73048919
0.70877063
0.71687818
0.7554245
0.69693267
0.73632008
0.62800431
0.61041021
0.84725159
0.8180967
0.77906692
0.71931934
0.76795113
0.63282102
0.68885154
0.64998096
0.69691861
0.74928319
0.72620845
0.72854638
0.70751256
0.64344072
0.64786053
0.67222112
0.68201083
0.67879236
0.69167566
0.67907077
0.76184082
0.64274347
0.69062591
0.74529326
0.76679814
0.62744677
0.75721788
0.6111725
0.90331846
0.53874964
0.52554846
0.70789975
0.7025584
0.70762873
0.76323414
0.73397875
0.77429503
0.61093092
0.72261357
0.63989139
0.65015078
0.65003884
0.67657948
0.7761696
0.75883836
0.83411288
0.7722773
0.80506259
0.79789996
0.74740982
0.7177518
0.60681486
0.54607344
0.58076191
0.65729386
0.52801096
0.55126333
0.53579503
0.42040494
0.46629933
0.72056973
0.65143394
0.72548366
0.59132266
0.67639375
0.72051269
0.74843156
0.7975803
0.71971565
0.65351707
0.72473842
0.70464009
0.65192932
0.52865607
0.4454667
0.64946145
0.69727629
0.54186594
0.77738458
""
0.69886053
0.66046464
0.71094954
0.67993045
0.73566717
0.71145958
0.755656
0.75924003
0.67199296
0.67737299
0.62226677
0.54959899
0.70416313
0.78317463
0.77052128
0.78045809
0.78894436
0.66579247
0.71203989
0.66311556
0.73923749
0.59670937
0.6818012
0.72520977
0.67679375
0.63649482
0.55787414
0.79282033
0.28114393
0.44940019
0.67486978
0.59393269
0.65306586
0.83806807
0.47161418
0.65551174
0.69014931
0.50528246
0.56132406
0.53514826
0.72533303
0.60892421
0.67692453
0.78086579
0.73316717
0.67863506
0.64843428
0.62773401
0.60586315
0.70110953
0.67355752
0.58749884
0.5596236
0.47398174
0.57136726
0.65421283
0.63093883
0.61922872
0.66166532
0.68272537
0.55511928
0.57229835
0.56186897
0.69609183
0.6630643
0.59518665
0.65992343
0.57818222
0.66999274
0.78959137
0.64428669
0.70240742
0.67647082
0.60080248
0.62960929
0.66526407
0.70196122
0.63632637
0.62420911
0.60999656
0.55354232
0.34254178
0.4729538
0.59340465
0.62787735
0.63342434
0.68816847
0.4923225
0.62783098
0.57598269
0.65444857
0.65190929
0.58972633
0.56571215
0.54269391
0.59078693
0.57516277
0.50262576
0.54691064
0.65005004
0.52366126
0.56001192
0.68093032
0.72686958
0.79849494
0.73703343
0.7192896
0.68018621
0.77246577
0.7206738
0.75423932
0.78641051
0.7091943
0.75003088
0.71814442
0.68265069
0.64187467
0.6467452
0.74394172
0.72750765
0.71529472
0.77064663
0.67260474
0.7828058
0.80018669
0.73145771
0.74494159
0.84867895
0.69990492
0.64504248
0.67512637
0.66160583
0.74376822
0.76801986
0.67012769
0.53614789
0.823286
0.689138
0.68016267
0.62463385
0.64417195
0.67226028
0.63555878
0.53516048
0.59768575
0.42755523
0.3899349
0.59920931
0.61216265
0.68266177
0.56341809
0.46090692
0.45930231
0.37176347
0.57383627
0.62435311
""
0.64249998
0.56549889
0.64114416
0.51841056
0.41522929
0.6238969
0.54529035
0.5395624
0.46904007
0.48681486
0.61939383
0.64263117
0.67902189
0.60823655
0.64963263
0.61265773
0.60971934
0.47376454
0.57616985
0.63539094
0.49078572
0.49913326
""
0.81742781
0.78972238
0.72689623
0.76071942
0.69519913
0.64216828
0.70884669
0.74111319
0.76687747
0.87841225
""
0.88125831
0.8505733
0.96740878
""
0.84532702
0.91143894
""
""
0.90896338
""
0.73679447
0.8505004
0.76872051
""
0.86573374
""
0.8214727
""
0.74512607
0.46798328
""
""
""
0.85817051
0.77813488
0.87520033
""
0.78062111
0.84151387
0.86236787
0.86295158
0.84188479
0.75872689
0.88986337
0.7417357
0.91935694
0.83591491
0.83345968
0.7829572
0.74730486
""
0.85746491
""
0.67413098
""
0.86900598
""
0.85620064
0.81126082
0.59588706
0.92987746
0.83268017
0.8930642
0.72781974
0.79644716
0.68484622
""
0.87909877
0.81514961
0.85101897
""
""
0.79798084
0.82029116
0.93878847
0.75894755
0.84710389
""
0.7128793
0.74626368
0.88396305
0.64150196
0.85421956
""
0.82553667
0.65853161
0.79468048
0.79424363
0.83365846
0.94958794
0.71469927
0.82986897
0.86171144
0.71823943
0.82587796
0.78981131
0.61891562
0.77870995
0.63406044
0.64867359
0.7423749
""
""
0.69341654
0.68895566
0.89505488
0.89585257
""
0.85390747
""
0.80351543
""
1.0103978
""
0.89212048
0.70559025
""
""
""
0.84928274
0.99905801
0.76535606
""
""
""
0.76861453
""
""
""
""
""
""
""
""
0.69712746
0.92558962
""
0.62410831
""
""
0.61449885
0.85414225
""
0.91665435
""
0.89903396
""
""
""
""
""
""
""
""
""
""
0.84967887
0.34846562
0.81699526
0.8346253
""
0.73679334
0.89128268
""
""
0.9073686
0.56341732
""
""
""
0.74174714
0.81678867
""
0.80104804
0.87457013
0.7629059
""
""
""
""
""
0.51598924
""
0.81588578
""
0.56381994
""
0.97542024
""
""
""
""
""
0.94781423
""
0.5232591
""
""
""
0.80709535
""
0.71360606
""
0.72023696
""
0.7445091
""
0.57703859
0.84770364
""
0.86222911
0.65921998
""
""
0.81677562
0.94625795
""
0.79920286
0.77728736
0.91907579
0.79631299
""
""
""
0.70559281
""
""
""
""
""
""
0.94915444
""
""
""
""
""
""
""
""
""
""
""
""
""
""
""
""
""
""
""
""
""
""
""
""
""
""
""
""
""
""
""
""
0.84618706
""
""
""
""
0.94571805
""
""
""
0.78164381
0.67733347
""
""
""
""
""
""
0.68914199
0.95418334
""
0.66494739
0.82752532
""
""
""
""
""
""
""
""
""
""
0.67847568
""
""
0.59286779
""
""
0.80752754
""
""
0.69047785
0.77487326
0.66866571
""
""
""
""
0.57570672
""
0.80694789
""
0.60602355
0.66258031
0.92015123
""
0.92857242
0.70968401
""
""
""
""
""
""
0.80389905
""
""
0.8001672
""
0.84091216
0.76127535
""
0.75083297
""
""
0.85791254
""
""
0.78057671
""
""
""
0.81777722
""
""
""
""
""
0.76388973
""
0.77889109
0.83010715
0.85875911
""
0.70693666
0.90349585
0.8226257
""
0.84032631
""
0.64898556
0.70351911
1.0671549
""
0.81617838
""
0.65312535
0.59346932
""
0.64555854
0.81579959
0.56974477
0.84459698
0.7701568
""
0.81160128
""
0.81522381
0.71032888
0.76248777
0.76068336
""
0.75141418
""
0.82295698
""
0.73164737
""
""
0.798585
""
0.79398835
0.69134623
""
""
""
""
0.82410663
""
""
""
""
""
0.87762731
""
0.79260504
""
0.7561785
0.78521907
""
0.88026136
0.82890493
""
""
0.886186
0.91247135
0.91162717
0.87711096
""
0.73697668
0.74326712
""
0.9356935
""
""
""
0.7255097
0.93657047
0.62411433
0.68426645
0.55090767
0.77152437
0.77714902
0.794424
0.87630653
0.86440521
0.81310743
0.81853408
0.88348615
0.79881459
""
""
""
0.967731
""
0.76795328
""
0.88719732
0.8731733
0.59257442
0.70101005
0.73830271
0.78471404
0.85407895
0.80535626
0.78883398
0.75612092
0.86895281
""
0.84544235
0.81393903
0.83414668
0.86519897
0.88680607
0.90363598
0.89752674
1.0166541
0.85661429
0.83656806
0.85059893
0.8479526
0.84570056
0.84748644
0.81468821
0.87521642
0.72733212
0.92691785
0.76801151
0.80059844
0.72213644
0.77032954
0.87341893
0.90925443
0.73315561
0.81621772
0.83545256
""
""
""
""
0.90889382
1.0357877
0.9017511
0.80008739
0.79322553
0.76726663
""
""
0.80461127
0.8683486
0.76570213
""
0.8289035
""
""
0.70563865
0.64998966
0.69421983
0.78895944
0.60365677
0.75812185
0.88982219
0.71875101
""
""
0.87059033
0.75888973
0.82450098
0.8586607
0.78080589
""
0.68621171
0.78004563
0.65695822
0.67545539
0.65690678
0.8299011
0.8310225
0.74069154
0.90212768
0.75802678
0.7751615
0.74708301
0.90612662
0.70666558
""
""
""
""
""
0.91486877
0.97055107
0.78886515
0.78943712
""
0.80303925
0.91535658
0.85137832
""
""
""
""
""
0.30130351
0.78263813
0.56245941
0.78127337
0.91158038
""
0.55181003
0.89985621
0.84163994
0.86989141
0.94542962
0.76839423
0.9236871
0.83678353
0.85204613
0.86372125
0.80233008
0.93911082
0.78242719
0.8162818
0.66353309
0.82280397
0.86756516
0.94968373
0.82801336
0.70599109
0.74541193
0.62578785
0.8967573
0.68394035
0.76354802
0.74450326
0.87680256
0.89443988
""
0.79209244
0.81799614
0.9163335
0.81810379
1.0565872
""
""
""
0.82076365
0.68964213
0.87911028
0.75534958
0.74498105
0.736619
0.821706
""
""
0.8468188
0.80859447
""
0.92590153
0.75689906
0.73526907
0.7655099
0.81938291
0.96823978
0.79979277
0.69596016
0.85206997
0.77186632
0.73937517
0.71182233
0.91403788
0.87897205
0.81072676
0.85570055
0.79581714
1.0071549
0.82259119
""
0.86678487
0.90246809
0.84718734
0.80584365
0.79520071
0.85056782
0.62517148
0.80676413
0.83612663
0.88376063
0.78887421
0.82400054
""
0.71916628
""
0.71575749
0.96083117
0.82800663
0.99759132
0.76897913
0.77515948
0.89838278
0.86445874
0.79686308
0.80506033
0.91178346
0.71369469
0.78874159
0.79830694
0.84575647
0.84737098
0.84547395
0.7731598
0.70019019
0.76034182
0.76624817
0.81950039
0.80440128
0.66652656
0.6652298
0.7562232
0.78128964
0.73848653
0.75900114
0.77625072
0.7808097
0.79135782
0.64561278
0.65308219
0.79057169
0.71544003
0.7846247
0.74583399
0.83683771
0.69084197
0.70464277
0.70889401
0.70780456
0.71828115
0.76111645
0.60650682
0.77304
0.8030628
0.64000356
0.77869743
0.68546987
0.62594998
0.79893428
""
0.7967093
0.46422347
0.7183972
0.7350589
0.65724915
0.62860328
""
0.66137457
0.75377488
0.58506072
0.43912652
0.80880535
0.71033835
0.74257624
0.72173607
0.84482163
0.80510587
0.74384499
0.75654733
0.81481934
""
0.61094058
0.70586413
0.89639711
0.7779116
0.7419585
0.74044126
0.81492293
0.87487853
0.82656693
0.73070598
0.8025369
0.76063377
0.75186795
0.7619251
0.80057544
0.56006563
0.70008552
0.72278303
""
0.61426651
0.63892913
0.82663518
0.71490854
0.74604839
0.75621092
0.78069621
0.74871641
0.67966938
0.85835588
0.82385975
0.73908615
0.72590226
0.75998914
0.78972167
0.76355898
0.81209946
0.7537691
0.7339443
0.80638969
0.70688391
0.79371434
0.75740975
0.8439976
0.80342156
0.8483181
0.85512781
0.71708101
0.74119204
0.717067
0.72494632
0.78526098
0.67415684
0.77351707
0.74314594
0.71920127
0.7535221
0.66356349
0.60977912
0.63083678
""
0.70843112
0.70190537
0.77841783
0.70634437
0.83442158
0.65905523
0.76220596
0.80123717
0.57938212
0.5950157
0.75260204
0.7499612
0.7497834
0.75082487
0.76691985
0.75805175
0.69497931
0.75747639
0.77857399
""
0.7626667
0.52682388
0.5714649
0.54425001
0.67332923
0.69856608
0.57402611
0.70333636
0.76505119
0.6879003
0.64120871
0.3862561
""
0.5010379
0.5136143
0.54087842
0.65693927
0.728652
0.52492958
0.50961679
0.50853425
0.59265691
0.64521158
0.6473341
0.63509297
0.56701875
0.67216176
0.67384744
0.29637206
0.85334551
0.45810008
0.66087276
0.5159542
0.70963925
0.90942156
0.72966433
0.49889317
0.53723776
0.51710767
""
0.64967537
0.57283622
0.61594898
0.43448907
0.46266061
0.39824864
0.56882441
0.26418403
0.39105779
0.51690155
0.40862435
0.53624958
0.60151124
0.47416401
0.55170923
0.53795826
0.51192957
0.61811411
0.69102985
0.56170774
0.66759813
0.60355043
0.45064434
0.42695859
0.48027739
0.61381638
0.66479421
0.65769279
0.48912928
0.62174797
0.58552915
0.6292268
0.69021362
0.72397143
0.42039418
0.58799279
0.63934499
""
""
0.70090556
0.70513147
0.66636187
0.64017111
0.6061613
0.59807271
0.58890045
0.53048193
0.69958097
0.62821817
0.45796913
0.65998918
0.64654529
0.59808028
0.69995564
0.79664719
0.77396727
0.77466315
0.82116479
0.78944486
0.75540662
0.65197378
0.61083871
0.7482639
0.74626213
0.79259902
0.68704516
0.77530867
0.73214251
0.7403093
0.57601821
0.58646584
0.64849126
0.60618103
0.58926517
""
0.74938899
0.70510989
0.65009934
0.60597897
0.70361769
0.75998759
0.74920303
0.76280558
0.73441362
0.73574877
0.80889755
0.72731727
0.88342339
0.7987107
0.68283445
0.77919555
0.71815997
0.75627774
0.59579164
0.666538
0.75573254
0.65359575
0.65019995
0.6061554
0.66477466
0.55669791
0.65862101
0.75759673
0.78641462
0.75752354
0.73708707
0.8623625
0.75767791
0.69128346
0.77028465
0.77489895
0.74914873
0.7651276
""
0.66040629
0.703619
0.74181968
0.79916638
0.81961852
0.74113595
0.80506885
0.68221563
0.65295094
0.54517895
0.63740969
0.72135031
0.69123638
0.58959436
0.5774619
0.74158615
0.62892509
0.60465091
0.76559162
0.68199372
0.74181753
0.8177827
0.82169169
0.80916953
0.66928256
0.73532003
0.85256594
0.67282522
0.6993258
0.82401508
0.80420882
0.79140282
0.55377454
0.7222656
0.59008402
""
0.64616185
0.61531812
0.64536196
0.74666393
0.67798609
0.57517105
0.64559811
0.63538402
0.72946072
0.66962284
0.72899944
0.58752054
0.68182409
0.68718392
0.74709147
0.74681866
0.70207649
0.6527912
0.55953181
0.53220421
0.54570824
0.51224363
0.59245354
0.4780027
0.56305075
0.53517503
0.51489103
0.53394467
0.6059407
0.57559359
0.61167872
0.56795633
0.6379776
0.59606624
0.53325498
0.79499304
0.60260761
0.72711366
0.58089083
0.5802632
0.74522275
0.70133984
0.56134254
0.54870731
0.64775151
0.53407913
0.59072155
0.69119197
0.72699785
0.70104676
0.67592049
0.65085006
0.79799134
0.70703804
0.83955103
0.74023056
0.6848976
0.76350754
0.7241168
0.7654503
0.65877795
0.82408297
0.79225081
0.78053582
0.73407811
0.66422898
0.6570465
0.71824187
0.63582724
0.66433173
0.88433886
0.76101881
0.76034385
0.68105477
0.68344891
0.68615115
0.69877082
0.74397546
0.75586873
0.66643387
0.71022642
0.83064985
0.80499685
0.76171166
0.71941131
0.74554563
0.75498068
0.69614285
0.81809098
0.85839862
0.74518353
0.68955082
0.78231496
0.83923686
0.79868066
0.80896372
0.78694093
0.68852091
0.89953059
0.74949551
0.73948812
""
""
""
0.77878159
0.82778597
0.81893247
0.82743496
0.85909855
0.81701237
0.83433563
0.67609048
0.84183258
0.8292188
0.84632647
0.80970353
0.78053081
0.76885265
0.7386148
0.96306354
""
0.63363266
""
0.84671283
0.80665505
0.77303827
0.8172369
0.84773016
0.7703855
0.87889767
0.81252509
0.81042778
0.79178423
0.77103651
0.80808687
0.81080317
0.76477236
0.74057704
0.84533477
0.79975688
0.75531286
0.78290337
0.79470289
0.80463737
0.8158502
0.63341391
0.76651162
0.99372131
0.72435898
0.8018136
0.78663278
0.84761971
0.76185137
0.78418362
0.73596102
0.78483331
0.68145037
0.75435859
0.72315413
0.86801362
0.77130783
0.82879198
0.71671271
0.61669439
0.92337549
0.73634231
0.66055238
0.81268936
0.85287869
0.72184843
0.79272449
0.76637208
0.87570548
0.87338889
0.7209267
0.84362626
0.72434062
0.73156977
0.82450396
0.77872014
0.82256567
0.77391726
0.82993007
0.75537503
0.83118784
0.71821845
0.67786324
0.74412006
0.74315023
0.78497672
0.7727831
0.75584006
0.78600186
0.73589963
0.68255639
0.62996244
0.75823635
0.7754311
0.78309834
0.86599481
0.77022552
0.79274571
0.75124836
0.76166332
0.80118889
0.91519046
0.78328449
0.80320114
0.70624506
0.72823983
0.81453824
0.79181725
0.78847402
0.68174988
0.7680288
0.82213658
0.72657174
0.78880697
0.78360528
0.84505832
0.79852247
0.81398493
0.78196067
""
0.68521595
0.7648825
0.71022642
0.7429446
0.74451023
0.76492065
0.79717398
0.74885207
0.6589101
0.79833579
0.75256491
0.75110996
0.70924336
0.66868615
0.74893367
0.79720956
0.79146641
0.6432209
0.6763497
0.69802034
""
0.75918919
0.72033417
0.82246196
0.78766936
0.73786706
0.77157032
0.84678996
0.71715778
0.8374927
0.84381557
0.8136071
0.74043024
0.7242552
0.67046899
0.76151568
0.51066118
0.76838201
0.59828454
0.57149971
0.70977831
0.78870332
0.81412661
0.79480565
0.70886499
0.79177785
0.73803425
0.65611261
0.8595708
0.72634667
0.7780906
""
0.80075824
0.86771286
0.64139569
0.76693195
0.7445569
0.68930882
0.69825786
0.77997875
0.95352149
0.65265781
0.84580982
0.77176315
0.75665897
0.8053543
0.76384729
0.77002299
0.78855145
0.83553201
0.77612197
0.77240777
0.85969442
0.81076115
0.72948027
0.83943325
0.78265613
0.67973906
0.70763886
0.78846467
0.7545985
0.71893525
0.65800309
0.74637401
0.77752984
0.71000057
0.72361732
0.75085562
0.70949739
0.76616907
0.89446163
0.74704826
0.71032131
0.84394979
0.81904966
0.71485895
0.75942343
0.84008378
0.72504663
0.74348366
0.73830277
0.79819483
0.79679692
0.70238382
0.86063927
0.69094628
0.79874873
0.75783855
0.70335948
0.72503889
""
0.78574526
0.70725983
0.67402357
0.72063941
0.75944054
0.78038174
0.77604795
0.75741339
0.75541431
0.73810083
0.73572993
0.57692289
0.64116788
0.62110734
0.70998961
0.76504117
0.67570198
0.72839803
0.73333627
0.62865162
0.87670088
0.61113679
0.78672409
0.81854731
0.78491122
0.74067223
0.80540794
0.73204499
0.6763857
0.54397875
0.6354776
0.72309542
0.68924248
0.66875345
0.61934257
0.50402868
0.70081824
0.62962502
0.48766539
0.40486658
0.60472625
0.67275542
0.75551486
0.61245352
0.62117499
0.42701951
0.27916101
0.5540275
0.57349116
0.68447953
0.49080974
0.60688037
0.65136218
0.48476684
0.71020126
0.5955748
0.67106456
0.58776879
0.34444028
0.45924619
0.63916552
0.64487219
0.67618692
0.59865063
0.6443519
0.53245372
0.69019175
0.7357915
0.45719078
0.50616366
0.44155508
0.81768286
""
""
""
0.29201686
0.38005871
0.36451936
0.55051553
0.38713226
0.4510015
0.47092295
""
0.39235017
0.31815878
0.52087688
0.41772002
0.59613729
0.60056835
0.57973605
0.45376021
0.51834929
0.48903239
0.49113274
0.61687636
0.56247509
0.53001231
0.58525091
0.45694363
0.37307543
0.63664281
0.5265975
0.50575727
0.71896231
0.75389081
0.69962239
0.6585989
0.6185953
0.61162925
0.73163193
0.69973278
0.82242811
0.64649528
0.59185803
0.62013096
0.6204527
0.7049309
0.70707721
0.72030044
0.66592652
0.71676034
0.67105174
0.65841717
0.49819756
0.7193988
0.6374768
0.67146671
0.63590401
0.65468055
0.71115124
0.64364052
0.63574034
0.61826402
0.50554293
0.58268774
0.59161931
0.62363023
0.71115255
0.61252099
0.62571138
0.53960812
0.79918301
0.71286434
0.71723264
0.7813229
0.73475975
0.68604273
0.6349017
0.65577984
0.58975971
0.78937161
0.70297658
0.72501665
0.66189641
0.75801224
0.7186923
0.67896026
0.69308555
0.77766502
0.67835826
0.81522536
0.70726323
0.78569365
0.79469383
0.72475344
0.6455723
0.72965121
0.77687585
0.68152344
0.76342982
0.80683404
0.7630251
0.64274108
0.74561763
0.64266759
0.68325251
0.71756804
0.7798987
0.75888246
0.75169492
0.82786566
0.7664392
0.7432605
0.80267119
0.7608518
0.78123236
0.7111122
0.71820623
0.6350565
0.74020684
0.72197855
0.67577195
0.734595
0.7147572
0.74055481
0.66081756
0.67150044
0.67695802
0.80425924
0.63914776
0.63908923
""
0.67089331
0.72140718
0.80288738
0.93087143
""
""
""
0.69017673
0.91754299
0.62600821
0.75134307
0.76204371
0.80761224
0.74386245
""
0.63989711
0.76764911
0.68833977
0.79586989
0.77288842
0.55783635
0.76712036
0.8244853
0.84732062
0.76449013
0.72604501
0.73061156
0.83500493
0.87857646
0.75991243
""
0.94619918
0.79476315
0.90729302
0.69490206
0.65201735
0.79623008
0.49372199
0.61740905
0.77497888
0.69456232
0.76282007
0.81717378
0.81974739
0.68011957
0.8746199
0.78550112
0.8498317
0.74809676
""
""
""
""
""
""
""
""
""
""
0.79163069
0.83437538
0.79388005
0.78856927
0.89547116
0.58205956
0.74389672
0.35632518
0.80820006
0.66400558
0.74311942
0.52031946
0.7571401
0.66268069
0.7367633
0.90428418
0.90744263
0.74701405
0.7520225
0.78981549
0.74486506
0.78581089
0.73949367
0.79866308
0.62723213
0.75837964
0.72115535
0.79322672
0.88913012
0.81891817
0.65265357
0.77706879
0.72429985
0.67362386
0.81054431
0.63262248
0.61675358
0.62426704
0.62965834
0.75573879
0.65133959
0.6587764
0.90850943
0.7092393
0.56746155
0.29690033
0.54172468
0.66884351
0.7344951
0.65281212
0.70918667
0.66502392
0.63394946
0.74083036
0.67990929
0.80844319
0.50421357
0.7006048
0.81334305
0.63032389
0.70818007
0.60297889
0.59571463
0.58193511
0.58231866
""
0.70828128
0.65731943
0.60361975
0.7398777
0.58708823
0.69904399
0.5703848
0.46008387
0.49690297
0.80490625
0.78731608
0.50792569
0.70663118
0.79485726
0.73023605
0.75641453
0.59470832
0.70154226
0.65951681
0.61486882
0.86643064
0.84812605
0.86302716
0.85246348
0.68682116
0.7469452
0.84550148
0.68238866
0.69709206
0.7814073
0.66400754
0.75035322
0.70392543
0.75982606
0.75855094
0.75760019
0.76918161
0.68118614
0.8531096
0.74936175
0.67333913
0.42304191
0.70554274
0.57304549
0.48165274
0.66090089
0.49499044
0.53855485
0.59439999
0.7730335
0.51511258
0.71876925
0.6249826
0.64610112
0.55437088
""
0.80981678
0.59925282
0.86960042
0.82424581
0.79516476
0.72194165
0.65674078
0.65538967
0.69504321
0.58345401
0.77250248
0.65427071
0.55003655
0.67428184
0.63440692
0.74298406
0.61137962
0.7460019
0.61185592
0.49077681
0.69886154
0.77075791
0.63431829
0.74680978
0.60326028
0.72105187
0.61775947
0.33904138
0.46864268
0.52631563
0.63539886
0.57255334
0.72528917
""
""
""
""
""
0.76572847
0.760378
0.8059634
0.79666495
0.75549585
0.73010343
0.79177523
0.82831496
0.79033363
0.65243185
0.69645607
0.62978685
0.75922537
0.71860093
0.62630016
0.66605133
""
0.59458792
0.83091778
0.75831151
0.58760548
0.72087252
0.7248134
0.44966325
0.71491855
0.59031171
0.55677259
0.75834793
0.76732606
0.70573866
0.58284241
0.715038
0.71607983
0.70949835
0.78580433
0.72277951
0.55991817
0.6868183
0.72615421
0.72596925
0.7741394
0.75728524
0.79261881
0.48982272
0.55847442
0.57913995
0.73670077
0.77942657
0.70630598
0.61885631
0.71595329
0.67717493
0.65501934
0.84639329
0.786704
0.73764604
0.73690552
0.82255155
0.73276174
0.63460594
0.54223907
0.56081849
0.63885903
0.8199594
0.71816438
0.72288638
0.63666499
0.69803071
0.65211296
0.75180197
0.70392358
0.68649536
0.72861791
0.69912839
0.74510133
0.66878563
0.53207499
0.6314857
0.77040422
0.625992
0.6233837
0.60586643
0.56932783
0.48588598
0.45939299
0.64638865
0.56477445
0.75286931
0.54912508
0.59041572
0.6681475
0.65274018
0.55382156
""
0.55455089
0.66241574
0.54092085
0.64331663
0.7100302
0.66629553
0.81123912
0.74644774
0.76497531
0.77124596
0.77739441
0.57278109
0.61689371
0.65558237
0.64417386
0.70460474
0.76024312
0.54078031
0.61964202
""
0.65753233
0.57590675
0.53886724
0.68478191
0.61579943
0.73476303
0.72280151
0.26304385
0.62101269
0.68828207
0.58853906
0.64153147
0.62951368
0.57815927
0.60574311
0.68380326
0.75915921
0.77960646
0.75436366
0.54895639
0.62762636
0.60351533
0.53058475
0.49927965
0.61281645
0.40627617
0.64679968
0.70487934
0.73400939
0.63500142
0.69743305
0.73478717
0.68268824
0.81646562
0.66302174
0.58422381
0.52455926
0.49680099
0.53903013
0.70482135
0.3942529
0.62369293
0.56399852
0.53573376
0.57425797
0.54929274
0.68044877
0.71365738
0.77098507
0.78207511
0.70960063
0.7091971
0.63487309
0.7382372
0.74964303
0.68724048
0.74698865
0.74597895
0.68365884
0.56083214
0.71951735
0.62741047
0.74469775
0.74481827
0.71058178
0.63259625
0.66899574
0.58439183
0.6005069
0.64219534
0.60536575
0.55298907
0.66155314
0.67971069
0.70607823
0.62553346
0.69392496
0.62897211
0.67338902
0.64946675
0.41202983
0.63582897
0.69934148
0.66335028
0.59700274
0.64292169
0.5110305
0.70957464
0.63747245
0.68826079
0.69519132
0.7123552
0.56654519
0.74155855
0.8014552
0.81571859
0.7869125
0.89408779
0.73220962
0.69246882
0.79279512
0.76454675
0.78526795
0.73623133
0.78487426
0.8363651
0.77809411
0.72771984
0.71791977
0.78605521
0.81025529
0.76289022
0.79641849
0.76343513
0.71816438
0.82064861
0.73697543
0.78973317
0.71892697
0.75314748
0.64417851
0.61402631
0.80925041
0.82687134
0.7314319
0.60818326
0.64140314
0.72397655
0.75828218
0.72743273
0.75185108
0.70936304
0.74947941
0.72769111
0.64996988
0.73821282
0.73422688
0.76196051
0.80195975
0.81844723
0.7986806
0.76885659
0.77455115
0.6384306
0.72009403
0.61396635
0.67741793
0.56827897
0.67386514
0.47446391
0.66503251
0.69157773
0.84962106
0.69324523
0.67109704
0.63058639
0.69025642
0.60241485
0.4910754
0.65715474
0.63501096
0.63475144
0.5408051
0.69660109
0.68201345
0.4271788
0.71134359
0.55920243
0.53607738
0.64530903
0.53530675
0.61604184
0.66944641
0.73311645
0.6055792
0.55178314
0.69901884
0.47181818
0.39636308
0.35645568
0.41637114
""
0.64137244
0.64796495
0.45987022
0.77557302
0.69967985
0.77382457
0.8386088
0.87898648
0.73507714
0.73191601
0.5902229
0.75726533
0.67218441
0.67424518
0.43228897
0.75681591
0.70994872
0.62694919
0.63321048
0.47508326
0.45434618
0.55949152
0.61428589
0.66594917
0.74361217
0.60426563
0.60964066
0.62219685
0.67328209
0.74016935
0.76757824
0.6551047
0.68820792
0.54418063
0.71256423
0.64105022
0.68496019
0.71281922
0.6153897
0.66229808
0.61393732
0.6037752
0.72456992
0.69161958
0.73290944
0.62696469
0.71728599
0.66067624
0.69894731
0.65372759
0.7450825
0.66850996
0.64708811
0.57585168
0.68778318
0.71172756
0.67408252
0.65700704
0.7356118
0.61723828
0.48318163
0.66027457
0.6552825
0.64231074
0.58291227
0.80891603
0.76817024
0.70034218
0.71055502
0.68903404
0.7937178
0.69855988
0.6422894
0.76155531
0.6197812
0.70378858
0.55816656
0.5434618
0.66508287
0.60509771
0.75415093
0.73226249
0.57284063
0.68773156
0.72993606
0.7255432
0.72710353
0.82485217
0.87887865
0.71463722
0.65805155
0.80941504
0.77870542
0.8015278
0.68331122
0.76515239
0.6663574
0.79213601
0.71036327
0.81747454
0.59926444
0.74724233
0.80320662
0.76599628
0.57395804
0.5035153
0.47994494
0.64113814
0.6411854
0.58579046
0.56985301
0.61204255
0.53898805
0.55197388
0.68765038
0.51358694
0.4696371
0.41611978
0.51633769
0.53484172
0.55723429
0.56758291
0.74824995
0.44302547
0.36907852
0.41123727
0.39909172
0.44104895
""
""
0.57071996
0.59585315
0.69093072
0.56597555
0.63818985
0.52612358
0.59974712
0.6192444
0.58210117
0.5055849
0.67351383
0.53206921
0.5024544
0.35040447
0.40777826
0.46908244
0.64587599
0.49213296
0.50018954
0.43955848
0.50899482
0.52613604
0.70037919
0.58119845
0.69747466
0.68084145
0.57208055
0.72761595
0.52609348
0.64025193
0.64662331
0.50438571
0.54762232
0.45399007
0.42593035
0.60328031
0.42046794
0.46642146
0.53460985
0.48152101
0.47642612
0.27753952
0.4295966
0.51623666
0.49958751
0.46577844
0.5133096
0.39565364
0.33123592
0.41640034
0.48599193
0.47643352
0.45923793
0.40592456
0.53719419
""
0.8264848
0.6792801
0.70353448
0.7023986
0.4848555
0.6267969
0.59243721
0.46704468
0.48813349
0.56423861
0.42676386
0.64348745
0.59752476
0.55531013
0.50361145
0.70291442
0.71771902
0.64880234
0.68027729
0.67666548
0.64145225
0.58916664
0.65519184
0.68901491
0.65974599
0.73771423
0.79683191
0.6600973
0.68582082
0.7866416
0.74814129
0.8006568
0.72650695
0.67639452
0.71408534
0.59719872
0.72532785
0.73191988
0.8081851
0.74435306
0.66221631
0.8295244
0.7101081
0.72238344
0.70801336
0.83049017
0.78144103
0.72818649
0.66595119
0.73118758
0.67192811
0.68612957
0.65736341
0.67437911
0.69081521
0.72546822
0.73736751
0.64613336
0.69136995
0.81572682
0.68204534
0.6305998
0.74923211
0.62728077
0.56543094
0.64246607
0.64568996
0.75896502
0.69313532
0.61333257
0.4814631
0.60519838
0.65445662
0.34658056
""
0.68123049
0.49346033
""
0.83644336
0.66283035
""
""
""
""
""
""
0.56455249
""
0.66726243
0.69126493
0.55240983
0.68130636
0.56097025
0.71073914
0.66396368
0.75729024
0.62459302
0.688456
0.76702791
0.726762
0.82279384
0.70458716
0.82527548
0.75019437
0.77439392
0.52947259
0.48777366
""
0.62678975
0.60580152
0.69723397
0.54757124
0.60260975
0.51488191
0.72820216
0.59540015
0.48178667
0.51391602
0.62104893
0.6261586
""
0.6630103
0.55530304
0.64188528
""
""
0.6127097
0.51172972
""
0.64046872
0.64629805
0.67597258
""
0.60330552
0.60267162
0.58027059
0.63133043
0.66929173
0.52592605
0.75461268
0.51416063
""
""
""
""
""
""
""
""
0.85534734
0.6574626
0.49970675
0.52520216
0.66884631
0.51190054
0.56555927
0.77338457
""
""
0.67187786
0.6951493
0.91458392
0.63356137
0.45740718
0.67551237
0.6451087
0.47240755
0.54048508
0.52085167
0.51234031
0.54819846
0.59221822
0.64887041
0.66285408
0.5146814
0.68920481
0.59442168
0.68054163
0.71354604
0.66596723
0.70586383
0.7781145
0.66681463
0.77800488
0.68868375
0.6640408
0.66303629
0.61255407
0.68896437
0.60991979
0.61630929
0.64268202
0.547126
0.66002655
0.53604209
0.60242361
0.57415694
0.60853672
0.6559723
0.50505191
0.51627362
0.66500187
0.64603525
0.68270743
0.56110781
0.67118061
0.71304977
0.6590988
0.65158916
0.61818784
0.58545995
0.57048154
0.59589905
0.68144172
0.51355505
0.58372337
0.48762274
0.55061883
0.41183618
0.36310059
0.73244977
0.45849654
0.65073097
0.58073574
0.6549961
0.57464761
0.49184009
0.62233955
0.62570471
0.63849038
0.76137
0.62053752
0.62907636
0.74395692
0.80629951
0.74295431
0.75597233
0.72214246
0.72921538
0.7826696
0.75344419
0.73260903
0.68623322
0.6770221
0.75652647
0.6253649
0.79232788
0.69321352
0.6966359
0.75927269
0.7970838
0.76030767
0.71126384
0.73011696
0.65949512
0.69806254
0.79400676
0.81822687
0.67074126
0.84385377
0.78413451
0.76729959
0.72278678
0.80095863
0.73394632
0.76593852
0.80802423
0.73345065
0.79920232
0.76341236
0.70419347
0.78787673
0.81684852
0.78152865
0.87525845
0.78079695
0.68044895
0.71724123
0.75687742
0.80707628
0.78911167
0.79075676
0.60141402
0.73735839
0.68053859
0.68808013
0.77304029
0.66981107
0.74130398
0.5428552
0.58405364
0.62284213
0.6161375
0.51179677
0.60047179
0.61906952
0.58299208
0.64454812
0.63881457
0.73913741
0.71577525
0.76299655
0.73226464
0.50938749
0.67570668
0.63136506
0.75935996
0.66730767
0.75294024
0.70983273
0.71501768
0.77706134
0.68362045
0.62510222
0.68029028
0.81811124
0.75875777
0.6981315
0.57966858
0.76187789
0.54196447
0.70421869
0.75422162
0.77871257
0.72616696
0.78592771
0.83501577
0.82724649
0.7458871
0.77336848
0.73120743
0.75862944
0.87600672
0.79583091
0.78330445
0.57075489
0.68124729
0.53617626
0.37227824
0.42223981
0.53353083
0.52766013
0.5472703
0.65428519
0.42123482
""
""
""
""
""
0.50576878
0.66561139
0.73498756
0.80080104
0.70723522
0.76100409
0.48278877
0.50348383
0.52772558
0.62944794
0.52458417
0.53134543
0.48692492
0.64883375
0.67508835
0.57119185
0.74465501
0.6835345
0.73177046
0.75284773
0.72037119
0.59174263
0.79062295
0.70664608
""
0.72228611
0.82456315
0.83462769
0.48954502
""
0.55762333
0.67487216
0.56334931
0.87631315
""
0.73665202
0.81539965
0.77123743
0.57766461
0.6061002
0.95751965
0.65509528
0.57112467
0.67149413
0.74872255
0.78353781
0.75834274
0.61605847
0.79975712
0.84182417
0.69787759
0.70702827
0.7797628
0.73409033
0.6583339
0.61262101
0.51900882
0.68528241
0.56905282
0.61883795
0.61815524
0.80740654
0.48381209
0.60636055
0.49315026
0.63000923
0.57666785
0.61862493
0.57156909
0.56429887
0.59797615
0.60769212
0.44754124
0.68902463
0.63918018
0.59986639
0.70565939
0.58872139
0.52466297
0.54207838
0.47452542
0.55690706
0.44159377
0.54504317
0.52150738
0.65053135
0.55317372
0.66179001
0.53739947
0.57755768
0.56681573
0.55612975
0.82724482
0.7054351
0.75980175
0.6985572
0.69314176
0.82726353
0.72323346
0.75312889
""
0.7073136
0.44217166
0.56992126
0.58835196
0.60422248
0.66424406
0.65875536
0.577034
""
0.53218746
0.6409151
0.55148339
0.6831243
0.76479381
0.65603167
0.74725872
0.75446051
0.66667575
0.70309383
0.60686255
0.91928476
0.62977052
0.7297771
0.82834125
0.67967278
0.71851277
0.68854201
0.84642196
0.74298185
0.64174712
0.7532078
0.67473942
0.57539797
0.64557987
0.69877762
0.58059651
0.55717766
0.55245519
0.59722477
0.77666521
0.83751428
0.76319879
0.72078234
0.76062715
0.67701149
0.68406165
0.73063707
0.72521877
0.74830371
0.66523707
0.58206397
0.72828758
0.71530694
0.79656786
0.73926973
0.65351284
0.68786526
0.58505851
0.67209446
0.56761634
0.67969942
0.62668663
0.66983819
0.68417948
0.61871535
0.5327329
0.58678406
0.68268865
0.54283684
0.45254728
0.60826921
0.67616743
0.52930772
0.59142923
0.51783752
0.59410435
0.49345157
0.63361961
0.64277023
0.68122506
0.49690628
0.56767124
0.59799284
0.6317603
0.67216331
0.44148836
0.59232396
0.62966031
0.62151468
0.71080023
0.56404465
0.66562039
0.58439642
0.59200013
""
0.61660844
0.41113603
0.74679041
0.73225862
0.60601324
0.59674418
0.48733872
0.71045089
0.70258325
0.75555474
0.68470043
0.79535383
0.75552315
0.72321922
0.80405229
0.69739121
0.72159845
0.71464628
0.66035044
0.73406726
0.70947742
0.79937094
0.72942472
0.64909583
0.51906115
0.55784845
0.78671038
0.81380051
0.71997643
0.61731148
0.59095883
0.47913262
0.64602733
0.5166924
0.52490973
0.52839959
0.50215316
0.58715445
0.56922859
0.61623144
0.69398636
0.48734251
0.68745464
0.59042281
""
0.60113108
0.52968681
0.56785518
0.61366892
0.61908585
0.639323
0.68330711
0.63050544
0.24048135
0.69555026
0.62018663
0.7907353
0.69422442
0.77726191
0.67546111
0.82722354
0.76869178
0.70765138
0.79091072
0.74185038
0.7030521
0.7781269
0.67831028
0.73366791
0.74280971
0.8021335
0.66243327
0.86397636
0.77955514
0.7414124
0.81159139
0.83776283
0.74988329
0.76364732
0.69534385
0.67403477
0.76562488
0.69472033
0.6071161
0.84303892
""
0.82563949
0.75386757
0.55304664
0.85678679
0.78445655
0.78301078
0.78873503
0.80531466
0.70746243
0.64836407
""
""
""
""
0.4120748
0.55451339
0.53565663
0.77733666
0.64386624
0.67281443
0.60613251
0.74368262
0.76383644
0.71976304
0.69087654
0.7437579
0.63670278
0.62291038
0.72922212
0.79102415
0.65633601
0.71306056
0.66817349
0.73683047
0.69330353
0.7081694
0.79580885
0.62916577
0.52132398
0.71064836
0.54599661
0.61489284
0.69814831
0.71889001
0.64269269
0.75125211
0.6751101
0.78914094
0.67164409
0.66563606
0.71464974
0.72753781
0.66346604
0.56017309
0.55717909
0.58976007
0.66144884
0.49988058
0.59877253
0.55882728
0.65500301
0.68926102
0.67420506
0.62941927
0.78546256
0.77691501
0.63283288
0.6568712
0.52483046
0.60759872
0.38128862
0.66367328
0.50076288
0.70580715
""
""
0.80029494
""
""
""
""
0.66231477
0.63386315
0.65610719
0.75323206
0.69903326
0.72005618
0.53555787
0.6861797
0.65424359
0.65165532
0.63923013
0.78861207
0.68297637
0.7311179
0.7539534
0.75451833
0.68112642
0.61556357
0.66323513
0.69478184
0.6441586
0.63101041
0.80914998
0.75548619
0.60363609
0.62434566
0.60644847
0.76215911
0.56189054
0.57991934
0.66036731
0.69150072
0.73335862
0.72028083
0.70922446
0.61370605
0.60434687
0.54924661
0.77864361
""
0.50299352
0.47486159
""
0.62480575
0.68892968
0.6358881
0.53872228
0.64463937
0.3593393
0.56509113
0.62539381
0.54914111
0.59022474
0.63093126
0.56159437
0.5901745
0.63760579
0.4715997
0.58671337
0.70800608
0.67555904
0.72266507
0.61131257
0.54921448
0.8678332
0.54423416
0.82414955
0.82316101
0.57783955
0.77592188
0.65618271
0.71553284
""
""
""
0.68391347
0.78211749
0.43528578
0.56109124
""
0.30087519
0.66834992
0.60668212
0.66574728
0.66404063
0.60053974
0.69442159
0.63467783
0.72886831
""
""
""
""
""
""
""
""
0.81061625
""
0.67776585
""
""
0.56471628
0.56500083
0.82531488
0.54044914
0.53324777
0.67407191
0.6301477
0.36719501
0.57095885
0.60270375
0.48493838
0.49363565
0.57939726
0.50033635
0.62365586
0.72597921
0.81013614
0.66902828
0.67423791
0.66597176
""
0.62141901
0.69871008
0.67663014
0.68904346
0.48852608
""
0.60200816
0.62443548
0.46495232
0.56188691
0.7002849
0.64948583
0.7511425
0.50273794
0.74696988
0.73174232
0.71850085
0.72679991
0.68249291
0.73072588
0.82087886
0.80772144
0.68622822
0.64994198
0.61986351
0.60006863
0.64103413
0.52134275
0.77125436
0.70917547
""
0.74262697
0.70304388
0.64215851
0.56355149
0.59536576
0.7043795
0.64916384
0.4543725
0.6784361
0.71673423
0.55233884
0.59663552
0.50055426
0.69949996
0.5236634
0.73219943
0.69060105
0.7980119
0.89030826
0.88901913
0.66283673
0.49525842
0.73294616
0.55261344
0.67454994
0.86985105
0.64921099
0.72709566
0.53052676
0.77889436
0.49997887
0.64919573
0.67912698
""
0.54475123
0.69770449
0.44357848
0.63586503
0.57024479
0.69152492
0.614259
0.49917951
0.56595033
0.49952534
0.62948346
0.5940035
0.66814876
0.78439015
0.58282351
""
0.54504788
0.58509809
0.59740269
0.54211861
0.40401554
0.47086939
0.54663688
0.50356358
0.58003241
0.69965947
0.77668774
0.68690276
0.52482551
0.42882186
0.37632895
0.52978516
0.54557747
0.33744574
""
""
""
0.60100776
0.67706794
0.61986768
0.66362029
0.56677788
0.68084103
0.48048991
""
0.51610518
0.67412263
0.74215668
0.71733326
0.75859159
0.66698742
0.74011642
0.61407983
0.58638507
0.65443921
0.62990636
0.60356981
0.40271193
0.27493519
0.3974553
0.59194785
0.53981662
0.41134316
0.54742074
0.61428642
0.65733898
0.63816816
0.63972151
0.41657597
0.43395403
0.5121817
0.52200943
0.49400142
0.54736239
0.68317807
0.64006656
0.69446111
0.62041289
0.60567915
0.77538031
0.75085711
0.65110219
0.55517715
""
0.49840659
0.57040817
0.66312557
0.65337569
0.6492818
0.63522357
0.60757601
0.76648641
0.64108282
0.79463845
""
0.6687606
0.57205254
""
0.68258816
0.66965216
0.67482126
0.68338853
0.65095639
0.69804323
0.67500788
0.61004192
0.69168133
0.62500072
0.6356253
0.62321484
0.63404894
0.66301364
0.59933448
0.58045238
0.53328788
0.55791885
0.51783192
0.56578779
0.72714311
0.63240355
0.77416372
0.60900891
0.54432988
0.65384805
0.65413731
0.63316184
""
0.59050977
0.46542123
0.53856087
0.75601757
0.2514433
0.61443907
0.68616688
0.57411182
0.59514755
0.64748448
0.6255843
0.62342918
0.60396916
0.49513313
""
""
0.32811922
""
0.55788904
0.44996491
0.52737093
0.54886496
0.50949776
0.51083183
0.50697708
0.56224507
0.61062604
0.52011883
0.4237099
0.39477009
0.53396773
0.54328907
0.51463974
0.59671867
0.69528741
0.56430495
0.58320785
0.49218622
0.52339268
0.69688147
0.59282863
0.54169297
0.70630091
0.7340529
0.67962152
0.65924972
0.56814241
0.63355404
0.56542051
0.61715817
0.64877242
0.57563841
0.66588891
0.34162334
0.31356713
""
""
0.65987992
0.38853297
0.43290943
0.51346064
0.46302798
0.40680292
0.46834907
0.7152167
0.69713569
0.72164017
0.47888279
0.47699496
0.50858957
0.91184855
0.50280106
0.60059345
0.58870012
0.6706233
0.65166378
0.58244139
0.67898256
""
0.70835119
0.67122918
0.56935823
0.5930146
0.78486443
0.66451913
0.64546967
0.73958606
0.73363167
0.78579259
0.75408441
0.70071411
0.73675537
0.75606215
0.6960333
0.69573629
0.62397307
0.78820622
0.78052199
0.7356776
0.70471776
0.73789614
0.76224154
0.74701333
0.4213472
0.44731843
0.53151107
0.58506393
0.514328
0.50147867
0.53502136
0.50380367
0.67513907
0.34012097
0.50138891
0.7051391
0.61363947
0.71500647
0.82448143
0.59367394
0.71906161
0.47683054
0.71306449
0.7434113
0.57537472
0.55374658
0.56427491
0.61304867
0.69207853
0.65006727
0.65700281
0.62883568
0.62599862
0.73796272
0.62253946
0.68611324
0.6995675
0.63714218
0.37396392
0.67187142
0.686459
0.55688924
0.29667374
0.70717216
0.62488079
0.71215183
0.73990637
0.76533538
0.71986598
0.71519768
0.75057322
0.74741447
0.78789806
0.85949636
0.69552571
0.74303395
0.76879495
0.7907421
0.81514251
0.71946907
0.77754521
0.735259
0.78960282
0.75818241
0.7465713
0.80566728
0.71620893
0.80593562
0.69414246
0.79849285
0.76261306
0.61107439
0.77935493
0.77705789
0.71512389
0.7528435
0.74704444
0.72092265
0.72741866
0.66214395
0.60006738
0.6838811
0.6882965
0.68834108
0.67214966
""
0.76119024
""
0.65309125
""
""
""
0.74156249
0.52007395
0.67699212
""
""
0.54165572
0.47598821
0.69713634
0.67366189
0.54892027
0.64718962
0.76711035
0.67568791
0.7583617
0.69975966
0.7386778
""
0.61275709
0.80983657
0.45179299
""
0.83091611
0.82690531
0.6562959
0.65107316
0.78145593
0.76005125
0.70316195
0.75888306
0.70153201
0.68175864
0.53240329
0.69264072
0.79255033
0.71263236
0.74974316
0.74884421
0.82232612
0.75575095
0.78025228
0.75764668
0.78549284
0.58384216
0.81050414
0.60673547
0.71707314
0.55182189
0.62409544
0.80205637
0.6502223
0.70865995
0.78559291
0.76602876
0.75609326
0.80699152
0.74410093
0.72952276
0.75084347
0.59871393
0.75911635
0.76876378
0.67279184
0.80382586
0.81245524
0.84476352
0.76104492
0.79208982
0.73351496
0.74673706
0.64173257
0.65256238
0.61058015
""
""
0.72555524
0.64516497
0.48059076
0.57916504
0.65348357
0.64087421
0.71403873
0.75686991
0.72395027
0.6877135
0.76268357
0.69713837
0.71083254
0.66776675
0.70817894
0.59445328
0.66185468
0.68766189
0.69681519
0.71345025
0.58727562
0.6887427
0.51201427
0.58250791
0.476082
0.47407821
0.59069335
0.66921383
0.5987764
0.72555417
0.69857621
0.78813446
0.77485192
0.72683096
0.74355322
0.7263512
0.78224677
0.80076677
0.75812757
0.87188292
0.83168668
0.7776826
0.67934453
0.71751761
0.74059594
0.76152903
0.78131741
0.77107751
0.71349978
0.72446311
0.73714244
0.78407031
0.71663648
0.7076627
0.78440595
0.65057123
0.7075386
0.53218955
0.60215104
0.5690698
0.6380145
0.69768846
0.68180078
0.77306974
0.73433155
0.71986365
0.52893323
0.56716603
0.74015081
0.79972607
0.7614876
0.84647757
0.76719195
0.79977816
0.69636357
0.52773201
0.70303774
0.63370872
0.61072183
0.68967217
0.73194689
0.69945389
0.66391462
0.63493192
0.64196968
0.66848069
0.51632494
0.83313096
0.77959228
0.81501353
0.8492198
0.8112157
0.75288564
0.61864197
0.7125082
0.54736251
0.63939083
0.71175706
0.6892913
0.60991699
0.74022865
0.68007851
0.8178637
0.72361088
0.67626971
0.75544596
0.78591347
0.73433155
0.63208127
0.7378388
0.74006051
0.76452321
0.84159583
0.80171949
0.7835812
0.74542421
0.72321939
0.80131102
0.72430021
0.64227211
0.84632427
0.81405079
0.64613312
0.84750563
0.72754931
0.83426845
0.66291165
0.63248575
""
0.70097309
0.44183049
0.58895761
0.52688879
0.51145256
0.54139513
0.70042646
0.76771921
0.61436981
0.64198935
0.43980232
0.69551665
0.90170753
0.67852461
""
""
""
""
0.44656208
""
""
0.66532749
0.6538015
0.60586417
0.58584183
0.44779235
0.76298273
0.70774961
0.75191569
0.64620847
""
0.78528857
""
0.60151625
0.68531603
0.57022285
0.65230048
0.68549705
0.71851826
0.83306688
""
0.53929704
0.54203135
0.6146878
0.51761138
0.66223449
0.70967811
0.64535356
0.53897035
0.66055429
0.78315723
0.6291979
0.68880326
0.71202165
0.69635737
0.7239483
0.66317457
0.7004863
0.80942422
0.75144768
0.79953003
0.79121995
0.77243936
0.83297175
0.73144346
0.65259844
0.71086544
0.76512814
0.75228298
0.58914071
0.74044114
0.83762074
0.71983802
0.83700842
0.74780798
0.76159352
0.78913611
0.76129055
0.78429347
0.54461068
0.59840161
0.7870363
0.65917718
0.69251865
0.63791019
0.69800925
0.71960074
0.508035
0.74043071
0.68596655
0.850586
0.82919019
0.60923612
0.62664908
0.6337654
0.60102671
0.70798624
0.72197157
0.69420856
0.74176913
0.78253973
0.70941949
0.71323937
0.55155605
0.67733806
0.62692106
0.6648196
0.5952161
0.66888577
0.74163169
0.734568
0.67037934
0.75961947
0.67790627
0.5987879
0.5396021
0.46526325
0.57514668
0.69806391
0.62495285
0.76301295
""
0.6570555
0.5203464
0.39411283
0.60253131
0.6402362
0.6078214
""
0.90013218
0.75813836
0.69309741
0.58498377
0.57777375
0.59685069
0.68739307
0.57440507
0.66079503
0.76943284
0.56196672
0.68885124
0.70513129
0.6658867
0.65658927
0.64768821
0.6744163
0.88552523
0.58318615
0.75137502
0.56979102
0.75164801
0.57443333
0.71171075
0.66629946
0.57698911
0.75865412
0.67778188
0.60758686
0.69197255
0.69007427
0.76781344
0.67254007
0.53297204
0.57957125
0.75543034
0.72852403
0.53053677
0.60677564
0.59699035
0.70236951
0.71568298
0.63635552
0.58566445
0.72770274
0.69334424
0.78681135
0.54674494
0.66439062
0.66097212
0.68626714
0.67032325
0.74012065
0.58584893
0.66279018
0.61367017
0.72615737
0.66798401
0.73966295
0.76241678
0.78001636
0.68321639
0.74028301
0.73183858
0.64594048
0.8625676
""
0.27151778
""
""
0.70797771
0.59761667
0.60627282
0.62067932
0.42378297
0.71618181
0.66814697
0.65782446
0.5677793
0.40949723
0.41657326
0.39907011
0.70354074
0.44714147
0.52654314
0.39312816
0.47803143
0.5561167
""
0.59334743
0.59465134
0.74977899
0.44266272
0.54335123
0.65796232
0.4924272
0.51321203
0.50296736
0.64478153
0.66711867
0.61831564
0.53113854
0.62910903
0.55924273
0.72966111
0.58499134
0.48657414
0.5587514
0.42032519
0.58807987
0.53106761
0.35337231
0.77920359
0.49111027
""
0.62906599
0.74687439
0.75742918
0.72026014
0.71487635
0.5269289
0.72607011
0.64248621
0.72811264
0.76192951
0.71662897
0.48623484
0.68858272
0.65193361
""
""
""
0.65558612
0.46431559
0.47882327
0.60641932
""
""
0.71491134
0.61693603
0.70384765
0.56769705
0.6070897
0.68544751
0.68494439
0.66252297
0.75196207
0.68084645
0.71997869
0.76394087
0.65393806
0.67248321
0.71921176
0.77033103
0.7624405
0.6514492
0.6905148
0.66091633
0.81922442
0.66337043
0.23797056
0.4401572
0.54973286
0.44308129
0.42988664
0.42208058
0.81864321
0.44863346
0.3109909
0.73347795
0.47660732
0.49400672
0.65857482
0.33473703
0.37898201
0.59843302
0.54132837
0.65088725
0.63272935
0.54935068
0.59194243
0.67248505
0.56995982
0.70893502
0.57346696
0.6863665
0.65456402
0.57732189
0.48633984
0.49387193
0.57079947
0.65297967
0.69527769
0.81443936
0.69228721
0.61802167
0.53172839
0.70570165
0.53082645
0.6624428
0.71997076
0.74328482
0.75786114
0.74074739
0.7279281
0.69606113
0.65569949
0.60831547
0.63895124
0.5872218
0.44467941
0.66912299
0.6431132
0.63106322
0.69390327
0.71509767
0.6325537
0.70785493
0.49889207
0.55049098
0.59100443
0.52788627
0.64945143
0.63965577
0.64711708
0.78272402
0.71973872
0.76463836
0.33541855
0.35221761
0.30973244
0.41628283
0.23106517
0.38379145
0.51917976
0.37239966
0.32208991
0.3531045
0.40345681
0.56595343
0.56791866
0.38676411
0.52759373
0.59068215
0.63272774
0.46921462
0.48463053
0.34902251
0.5250476
0.55914313
0.39156821
0.44824055
0.51712829
0.51359731
0.53531981
0.41156673
0.60962337
0.39928696
0.41197309
0.27999699
0.30913249
0.32487765
0.31138352
0.50424492
0.33987281
0.67269194
0.44787773
0.326895
""
0.41964406
0.17528678
0.62875915
0.65953946
0.526308
0.55836946
0.61202496
0.73900592
0.66350794
0.65087497
0.71563488
0.76956797
0.67565972
0.35371777
0.43283993
0.50603485
0.48503476
0.69698244
0.51073241
0.37776521
0.18951212
0.48328155
0.33983064
0.44116479
0.35055476
0.48630911
0.46424907
0.40978682
0.4556433
0.42882052
0.43945193
0.51052392
0.69588196
0.66085285
0.49373725
0.64308345
0.79096526
0.72124583
""
0.20394853
0.33901414
0.29299551
0.38974351
0.40383503
0.3565124
""
""
0.57221842
0.64711666
0.47219914
0.34756914
0.45373777
0.52225882
0.53786021
0.59826857
0.75373787
0.52104568
0.66210997
0.53133535
0.36625472
0.44242641
0.46711287
0.40433502
0.36063588
0.54163224
0.31124029
0.36683196
0.21757494
0.38677678
0.42407519
0.24972296
0.46663943
0.4454022
0.33257556
0.50734264
0.56257707
0.53756356
0.44954169
0.57042187
0.49084595
0.53417027
0.59642535
0.61932099
0.45708379
0.3929821
0.54951042
0.59545952
0.26067501
0.30872124
0.36870509
0.57734495
0.60669345
0.5023827
0.53782141
0.47409484
0.53266782
0.6582458
0.73963404
0.74152535
0.63510412
0.77087778
0.77267331
0.45840141
0.6446768
0.54596913
0.69377983
0.55434591
0.48317504
0.61987042
0.69025332
0.62172729
0.70417607
0.69456822
0.71188062
0.53868014
0.6587072
0.48746043
0.53927946
0.57309097
0.72656286
0.71347392
0.66355193
0.71004254
0.66822207
0.64783281
0.46193165
0.69379824
0.77093977
0.74332833
0.77393341
0.78506488
0.84983599
0.61865371
0.65203595
0.6024152
0.59629953
0.64209032
0.63900238
0.73150128
0.56044024
0.58751428
0.5039171
0.54667091
0.59952641
0.61106658
0.59299779
0.67701906
0.66609353
0.64748329
0.5397929
0.61514127
0.70951599
0.67815262
0.72212583
0.62782866
0.72626728
0.75849432
0.67771029
0.73575705
0.7278108
0.78832573
0.77062267
0.73128259
0.72142893
0.75194144
0.59013832
0.67668819
0.69458807
0.61601806
0.63575435
0.68377858
0.60923338
0.67821258
0.63837421
0.65108806
0.4263311
0.63485074
0.53681278
0.51339948
0.5825181
0.59247345
0.66970736
0.72496074
0.61278445
""
0.56726724
0.69200039
0.6627093
0.71194607
0.57634836
0.61688703
0.65436792
0.56504661
0.45806462
0.61137092
0.65698642
0.65941298
0.60243291
0.6883902
0.66414583
0.62871802
0.61833286
0.64209223
0.63752669
0.73556471
0.71672958
0.62757754
0.63951266
0.66340101
0.65328455
0.63809043
0.64536691
0.62232077
0.66445822
0.49643221
0.5503071
0.45255053
0.71493614
0.83033121
0.81691134
0.81294662
0.77315378
0.73117214
0.75231117
0.75872612
0.80726939
0.86282057
0.79982764
0.88529503
0.90833873
0.84744185
0.8552568
0.76443315
0.79262286
0.81216562
0.79996878
0.65219742
0.60796344
0.50543487
""
""
0.68434125
0.78643405
0.78071195
0.77358389
0.88924026
0.84819293
0.75612241
0.81606799
0.70854026
0.85072076
0.80564731
0.696576
0.76070237
0.71338123
0.71899277
0.80307835
0.77126342
0.80247504
0.85162717
0.75102574
0.68250287
0.71241587
0.62640089
0.7115925
0.72798896
0.81541228
0.73145425
0.73125809
0.75060666
0.68803549
0.74090618
0.71692806
0.61003619
0.6469956
0.69916791
0.72014648
0.73713917
0.68965346
0.7345798
0.71900415
0.63772309
0.74376053
0.74365228
0.74732721
0.6968801
0.59696138
0.71750939
0.71433169
0.79269183
0.75483698
0.71154082
0.76011813
0.74558365
0.72991282
0.76750904
0.71756762
0.74348676
0.70023102
0.707358
0.7626158
0.82954419
0.78767067
0.73921514
0.82611912
0.81418681
0.64518619
0.71373457
0.71596682
0.72956544
0.72323751
0.75375211
0.75563049
0.71508962
0.7282005
0.70418221
0.69717199
0.65583545
0.67315239
0.68491244
0.67152429
0.71797466
0.61301374
0.6924805
0.7040897
0.78487045
0.74285895
0.71428293
0.76716226
0.77427751
0.85503322
0.81819099
0.78403854
0.71087509
0.80822468
0.7779296
0.79353333
0.79176074
0.74129122
0.7203508
0.674685
0.67746753
0.77364373
0.72882217
0.69396204
0.77271038
0.69435287
0.54234052
0.76830685
0.78614724
0.69149095
0.75091654
0.65077722
0.75807339
0.72239566
0.73111182
0.76500767
0.74713194
0.74626505
0.7061249
0.73209149
0.6998685
0.74238694
0.75428504
0.69369179
0.73975444
0.5883351
0.81788301
0.79137188
0.82064772
0.82492501
0.84361744
0.74280369
0.81403685
0.68388599
0.75375348
0.80659628
0.80196929
0.88185668
0.76035601
0.78413951
0.80996323
0.83784276
0.82333553
0.79508352
0.84813792
0.78287357
0.83027142
0.79889578
0.7806412
0.84044552
""
0.8347913
0.80677122
0.82899386
0.83450681
0.81799966
0.82931441
0.76254797
0.80019861
0.80107147
0.8771798
0.86362261
0.80988485
0.81887341
0.81753796
0.81282663
0.72248924
0.61870724
0.53967196
0.55539203
0.58804786
0.66247976
0.64187002
0.73400974
0.71160221
0.61349034
0.59901488
0.64397019
0.72369009
0.620399
0.55337501
0.619744
0.65578228
0.5179891
0.58056635
0.61465311
0.77186066
0.65252256
0.68148041
0.70652413
0.65933883
0.63139755
0.64343923
0.68332362
0.68208748
0.67740542
0.64974737
0.6985597
0.65672332
0.81842875
0.74123389
0.6661796
0.67958301
0.66245186
0.75196278
0.70123529
0.60642236
0.57333827
0.69491041
0.55107379
0.59216422
0.57952845
0.76856792
0.56350291
0.62138712
0.64030451
0.68390179
0.69624579
0.6167708
0.63650602
0.62469804
0.66646731
0.87006211
0.61639428
0.90747774
0.49588665
0.8237384
0.8491407
0.78617638
0.73112726
0.81595683
0.84011197
0.72910857
0.81358314
0.83030611
0.81295002
0.8648389
0.76115948
0.80808288
0.66529965
0.76268333
0.82102984
""
0.77803075
0.7190128
0.82594395
0.67787266
0.73830992
0.96587563
0.77099961
0.73252666
0.9428758
0.93893749
0.7454859
0.83028764
0.78641319
0.83131355
0.78286779
0.81336659
0.8700189
0.75306815
0.84016234
0.77623534
0.8424018
0.8087368
0.83735615
0.73039055
0.81471431
0.76156014
0.76424837
0.79684794
0.56330556
0.30272844
""
0.8857109
""
0.94156021
""
""
""
""
0.75116724
0.81191188
0.78822702
0.82252699
""
0.91488767
""
0.99101317
""
""
""
""
""
""
""
""
""
""
""
""
""
""
""
""
0.76586026
""
0.8957237
0.87035114
0.81971848
0.90645832
0.78636241
0.84046054
0.74785322
0.8231734
""
""
""
""
""
""
""
""
""
0.81833398
""
0.70643771
0.80638885
""
0.81030935
0.90732878
0.76190299
0.73308182
0.78014797
""
""
""
""
""
""
""
""
0.82762736
""
""
""
""
""
""
0.31648746
""
""
""
""
""
""
""
""
""
""
""
""
""
""
""
""
""
""
""
""
""
""
""
""
""
""
0.75953388
0.66204476
0.74649489
0.71777117
0.7029165
0.70380604
0.68616921
0.77488947
0.68661886
0.72948945
0.7273711
0.77250522
0.80915731
0.80688626
0.74335784
0.79634607
0.82643622
0.87222797
0.48642474
0.57537067
0.46836466
0.58847177
0.63273239
0.47192019
0.4295232
0.53736848
0.82578397
0.81126422
0.81811672
0.80484146
0.77837425
0.73591316
0.64998806
0.76734841
0.67177916
0.67358762
0.70674795
0.7278927
0.62410688
0.5746516
0.69391882
0.72161627
0.7855916
0.71601951
0.71070874
0.74641407
0.78843421
0.84620118
0.72283471
0.71751231
0.82544822
0.77994335
0.78994745
0.77513641
0.88347334
""
0.82677275
0.56741118
0.60024607
0.5172444
0.52276725
0.30304214
0.34563047
0.50553119
""
0.72548598
0.44225496
0.60369718
0.42207158
0.58171421
0.5166052
0.37121874
0.51075584
""
""
""
""
""
""
""
""
""
""
""
0.72795987
0.68902934
0.70659822
0.83785844
0.751324
0.71997964
0.77261221
0.7562145
0.79680425
0.68873489
0.48829195
0.77085274
0.87860066
0.69927239
0.7709015
0.68209928
0.70180589
0.69650787
0.71656686
0.69533169
0.77437347
0.77746832
""
0.77364475
0.78556758
0.81792301
0.83574682
0.84523469
0.84026062
""
0.75399154
0.80587912
0.60579687
0.71050328
0.68543559
0.77209264
0.58890015
0.73473531
0.72583675
0.5936619
0.80031919
0.68969119
0.80994385
0.66377014
0.73951876
0.64592469
0.7558158
0.68954551
0.695409
0.76171833
0.71083701
0.80661231
0.87169361
0.76891971
0.69252378
0.76589495
0.69326556
0.70955831
0.78189814
0.77337974
0.86619037
0.80841309
0.69654173
0.87622076
0.73875761
0.71315968
0.74055332
0.79462624
0.75911266
0.74147218
0.8064487
0.83921862
0.7339831
0.72159135
0.59226716
0.60077387
0.65983045
0.58957624
0.62512296
0.65006024
0.63765854
0.63737726
0.70328516
0.61341888
0.69621938
0.79504734
0.65286601
0.78447491
0.71293384
0.75459862
0.61614698
0.64375573
0.78624469
0.80882537
0.76453704
0.79764003
0.78386658
0.797167
0.77318227
0.7584393
0.78828466
0.77177185
0.77097893
0.80342406
0.81526303
0.70685083
0.67799938
0.83609372
0.76930767
0.78130472
0.79625571
0.75307941
0.80401665
0.75755882
0.74228138
0.73837125
0.78703833
0.69731402
0.75824285
0.79283488
0.6389693
0.60236305
0.68666381
0.71867526
0.66503668
0.53957599
0.65936124
0.49027255
0.62557149
0.73555505
0.88750869
0.76649767
0.7346735
0.36162513
0.29551592
0.53062254
0.33072582
""
0.36597681
0.4218708
""
0.56783748
0.5562523
0.60309482
0.59816867
0.74025595
0.58690917
0.61921209
0.67680228
0.52407992
0.70140457
0.6573655
0.64689082
0.55891073
0.72453815
0.65747154
0.74519283
0.78968549
0.8064661
0.67669308
0.66290969
0.6913963
0.63908827
0.70290756
0.62483788
0.60945511
0.72957522
0.45330611
0.4956798
0.67939854
""
""
""
""
""
0.6384778
0.64889413
0.55722809
0.59925288
0.50762695
0.51508856
0.62354201
0.68533689
0.6274249
0.64443898
0.77845335
0.72602922
0.80619562
""
""
0.72584265
0.68806988
0.70619655
0.66358161
0.4443745
0.91151822
0.76688492
0.49862373
0.54170465
0.71110588
0.88010204
0.77734697
0.49967816
0.80671042
""
""
""
0.61298841
0.64836711
0.78106135
0.7766065
0.76059741
0.70897418
0.65490168
0.66300279
0.75548697
0.69744796
0.6927622
0.72486126
0.56522357
0.71478558
0.58810025
0.62232894
0.63390172
0.6186648
0.52255666
0.62507319
0.62132627
0.68941468
0.75289124
0.66833156
0.79105502
0.64835531
0.75903112
0.74265927
0.72375369
0.72368371
0.70448077
0.63216138
0.63121879
0.7565949
0.82568538
0.58040822
0.74317628
0.74426877
0.69759411
0.7170217
0.79846877
0.66966653
0.67950004
0.71578133
0.69492483
0.755413
0.87030512
0.69486231
0.80179501
0.6722247
0.74671018
0.67107362
0.74605429
0.73225707
0.74402523
0.75311345
0.57527333
0.64927399
0.61040765
0.47908881
0.50457466
0.57454342
0.66144806
0.57898283
0.59841907
0.76651496
0.6709727
0.65695995
0.60752016
0.64405215
0.62277389
0.58093089
0.64987272
0.58905113
0.69558161
0.76329571
0.81046826
0.76523954
0.74788493
0.78115481
0.82843012
0.73377854
0.81126732
0.77897602
0.79043525
0.6920023
0.7593776
0.76464158
0.77584326
0.83933252
0.7574085
0.71577519
0.76554012
0.86203718
0.82113552
0.78685129
0.67294163
0.7204687
0.68505418
0.73375821
0.81130064
0.76476383
0.62902302
0.67980725
0.64396983
0.66160774
0.5844754
0.6155138
0.67231464
0.67022461
0.73089999
0.7434175
0.66648537
0.81143558
0.81868255
0.83504808
0.77280271
0.71369112
0.86001998
0.69978631
0.79822594
0.73284119
""
0.84435689
0.77055848
0.790232
0.81502509
0.76217777
""
""
0.64079815
0.90073729
0.74644083
""
""
0.92129248
0.84717989
""
0.7243399
0.6935581
0.66191745
0.7847715
0.9227491
0.73886752
""
0.78275257
0.68779463
0.79922587
0.73010713
0.8269164
0.69282091
0.85168689
0.75804365
0.79509217
0.59300268
""
""
0.6728996
""
""
0.88510096
0.70277876
0.60913622
1.027633
0.7680679
0.85274273
0.70412225
0.82022554
0.88423067
0.79087454
0.7752142
0.83263636
0.84599483
0.95562577
0.64501077
0.86130816
""
0.74403876
0.74693269
0.7793662
0.87854981
0.85656345
0.78012264
0.85067302
0.83160555
0.87354451
0.88272303
0.65060878
0.67344588
0.52829081
0.68363029
0.54783434
0.5647893
0.6939187
0.56163293
0.79101527
0.79140556
0.57805437
0.72683883
0.65808183
0.69631618
0.68531048
0.56339508
0.67843723
0.54596627
0.59757352
0.65513349
0.6792717
0.63796598
0.65513206
0.5316177
0.55158406
0.55772698
0.60643423
0.6430133
0.69704139
0.71086669
0.60397303
0.71773577
0.83343798
0.55445457
0.72137028
0.77014208
0.77895558
0.79437935
0.69234633
0.73601729
0.73335886
0.70014834
0.76223731
0.8015039
0.58989602
0.754008
0.76923478
0.81414872
0.78190112
0.57957286
0.64037341
0.77877015
0.72590661
0.75930482
0.80943507
0.81767839
0.7150262
0.80174959
0.68775928
0.68670821
0.76370251
0.87253839
0.75075471
0.58945107
0.84720218
0.86135232
0.565009
0.77908576
0.69594222
0.61814415
0.74493653
0.74606991
0.76798952
0.85772485
0.84890085
0.75411338
0.77884066
0.72487307
0.71428388
0.73497641
0.74614483
0.73707545
0.83039594
0.81646228
0.70863032
0.85008621
0.79663968
0.79392946
0.65813285
0.8349449
0.84899122
0.78763151
0.6966868
0.87406677
0.67300308
0.83924031
0.63425589
0.74722594
0.76038009
0.75237811
0.816558
0.77228987
0.75877047
0.80520433
0.73779994
0.75944835
0.73539609
0.82860422
0.82721406
0.86037135
0.83160079
0.81258988
0.73873627
0.8338961
0.79319984
0.81456059
0.80635971
0.73824817
0.76324791
0.87374157
0.79111016
0.81974578
0.77324426
0.84252954
0.84524775
0.82236713
0.87474018
0.78242999
0.83133751
0.82674402
0.8037616
0.73268002
0.69738626
0.77789396
0.82315701
0.73139334
0.86787623
0.89837533
0.6947881
0.83862799
0.74562263
0.84673125
0.68115926
0.48268482
0.59061605
0.67201287
0.79868037
0.82421964
0.81559372
0.88727057
0.72618139
0.75741118
0.7539317
0.82657301
0.76856822
0.81807828
0.65518236
0.79336184
0.73612738
0.78243768
0.70442051
0.66282988
0.83920586
0.76676273
0.70221519
0.62022251
0.75188476
0.74308687
0.83099139
0.76516348
0.74947578
0.76528025
0.76359165
0.76657146
0.76040238
0.76252812
0.73708868
0.7409209
0.8215192
0.84801257
0.76734924
0.74742645
0.77404124
0.76119113
0.87191188
0.87175095
0.85104442
0.79474825
0.75459164
0.80131787
0.76547921
0.75288308
0.75996798
0.76926535
0.80590427
0.7421543
0.76223308
""
0.76374018
0.73481715
0.58417702
0.62392259
0.74288672
0.78533483
0.67854095
""
""
0.79199618
0.73165625
0.66633558
0.65981203
0.68400401
0.63721973
0.6313321
0.67747253
0.52928656
0.74479485
0.70455945
0.58740366
0.71224326
0.58795589
0.66472161
0.71805471
0.75430202
0.71721923
0.67884982
0.65160942
0.69697398
0.84024888
0.81292886
0.73471659
0.72208476
0.6897102
0.48562735
0.61322093
0.56065893
0.7153489
0.71050668
0.75386441
0.74396151
0.71471453
0.72939146
0.69913954
0.75942218
0.77585691
0.72620869
0.7350955
0.67188793
0.81092256
0.78596139
0.69565445
0.73619378
0.68206221
0.62984872
0.67135543
0.60487127
0.67899793
0.67313927
0.60500365
0.63424593
0.64511687
0.55130488
0.68706506
0.57364476
0.71607077
0.69053918
0.7864458
0.73196524
0.75399023
0.67557985
0.74880135
0.75029373
0.45853582
0.61286688
0.70687133
0.65643346
0.70538992
0.68858087
0.51143134
0.71465337
0.60469913
0.61975682
0.63831633
0.66669577
0.61509138
0.62382329
0.65086246
0.65492874
0.6734488
""
0.62880379
""
""
""
""
""
""
""
0.60132277
""
""
0.77213407
0.80878484
0.84629464
0.93984431
0.68784595
""
""
""
""
""
""
""
""
0.50023544
0.60027909
0.9532578
0.70457166
0.79818285
0.81948346
0.79764324
0.77997893
0.90470642
0.787718
0.70520079
0.60828048
0.41702342
0.85740584
0.86412489
0.77159333
0.82599145
0.66594315
0.75747973
0.80947959
0.70506859
0.58709133
0.82221872
0.81168646
0.8951509
0.81786978
""
0.49243858
""
0.72445667
""
0.52397841
0.7260372
0.84010237
0.86695164
0.81489253
0.66193312
""
0.85092014
0.87215054
0.80080086
0.86109906
0.56144202
0.76322341
0.76728642
0.77160859
0.82593733
""
0.8328203
0.7938928
0.84762013
0.88940269
0.80242521
0.83011365
0.89279038
0.86710495
0.84175199
0.86601859
0.81640577
0.84931368
0.79275519
0.71143466
0.809057
0.78461576
0.77064812
0.59000474
0.82161635
0.89410132
0.83923852
0.85491961
0.92222309
""
0.83223981
0.73463506
0.66874826
0.76216859
0.74107349
0.77127272
0.88430667
0.80177337
0.85816413
0.81580448
0.83772719
0.81132799
0.81361669
0.82550746
0.87347305
0.79169774
0.81154054
0.79870522
0.87726021
0.7735756
0.88079393
0.82408834
0.81992006
0.80787247
0.85319746
0.81553996
0.78779596
0.79989195
0.81790435
0.836281
0.90176225
0.78349411
0.84746569
0.74709171
0.80087698
0.83736485
0.90624857
0.75678575
0.75177711
0.77359176
0.81722474
0.82881635
0.86918133
0.82739043
0.65389669
0.82192612
0.76439768
0.8293671
0.81747699
0.77669841
0.77700925
0.84336245
0.80991417
0.77892214
0.74555069
0.8162756
0.75397915
0.76710546
0.80402148
0.63458574
0.77086127
0.70961082
0.75912452
""
0.7821396
0.73478889
0.62610948
0.81116551
0.83286935
0.81442314
0.72463232
0.66081214
0.61794817
0.77114844
0.80040908
0.87489808
0.82546896
0.84958673
0.67722493
0.54186499
0.72744673
0.70647037
0.64985299
0.70378631
0.64999342
0.68230361
0.75134391
0.70753241
0.65326023
0.5561446
0.81503558
0.67004567
0.81545651
0.69905913
0.7614755
0.78632033
0.75674611
0.73254627
0.76039881
0.70026416
0.80508065
0.73931748
0.78326559
0.83168805
0.84573931
0.82218021
0.85086429
0.88164556
0.70962864
0.78513068
0.68380433
0.76138276
0.73681331
0.89187062
""
0.66815758
0.89076871
""
0.75743335
""
""
0.61614835
0.84874159
0.67389107
0.80864257
0.65257758
0.57585388
0.67123443
0.48525143
0.59909111
0.63357693
0.45311925
0.5763762
0.60019821
0.58516276
0.59821856
0.64665532
0.58415771
0.73434162
0.64284873
0.61702621
0.42127961
0.63052636
0.61000425
0.56263822
0.61416709
0.66878104
0.7669301
0.58470243
0.59188372
0.702501
0.58431309
0.59810686
0.61162466
0.68305099
0.65635967
0.53639603
0.59125197
0.67704332
0.6722548
0.62900901
0.64271796
0.63222623
0.6016953
0.68018341
0.68887204
0.75396079
0.73246962
0.78505057
0.7772792
0.79097712
0.76110888
0.75956649
0.88283628
0.87880296
0.79060048
0.6520195
0.65798223
0.73611516
0.92477936
0.89610869
0.60750592
0.64023739
0.49924448
0.58647335
0.6390807
0.66972494
0.49548233
0.58786201
0.5306403
0.52970725
0.56550604
0.62375885
0.62560046
0.73411471
0.75328773
0.73520988
0.66608095
0.6959613
0.75399363
0.67572725
0.55196273
0.56974351
0.57270885
0.90437758
0.53095722
0.58221698
0.66402692
0.58464348
0.56078124
0.5481053
0.65727395
0.66349959
0.62395036
0.6447174
0.71908355
0.58577949
0.52910799
0.68189514
0.69391382
0.51208162
0.53085691
0.60726815
0.57630652
0.69201195
0.69870991
0.66997105
0.68921232
0.67708308
0.71244115
0.73423147
0.69269586
0.75493872
0.69619328
0.75055563
0.73919415
""
0.82739484
0.78750855
0.85437131
0.77934545
0.7146039
0.83196563
0.77466643
0.76306814
0.5783422
0.79489338
0.69877183
0.68417704
0.75271249
0.77122283
0.78894305
0.77175844
0.79159522
0.80170882
0.77827078
0.78530931
0.88540781
0.72317523
0.73079133
0.80984026
0.74294311
0.64830101
0.71361333
0.72295123
0.70779961
0.76950794
0.74771905
0.71048069
0.78905725
0.83981073
""
0.76878256
0.72250277
0.7458927
0.78509766
0.71536821
0.75975561
0.59633607
0.70356512
0.76499265
0.70862615
0.73283184
0.80516303
0.7675193
0.77447093
0.74600416
0.7270503
0.77568334
0.74391598
0.80409783
0.72694266
0.68157107
0.77581668
0.79202121
0.70755631
0.64932257
0.61463821
0.68115288
0.73912144
0.6310963
0.79677922
0.80257523
0.80137759
0.7256434
0.75770009
0.79337674
0.80628341
0.76419497
0.70988244
0.7610327
0.80095035
0.83652186
0.8140381
0.77898228
0.80854136
0.79384941
0.87049609
0.73262084
0.80044544
0.77701068
0.65452975
0.77855033
0.77723479
0.72331959
0.79821545
0.80666065
0.81044638
0.7997824
0.8488071
0.82138383
0.67795324
0.78611839
0.81493264
0.78495967
0.78103596
0.74166399
0.60144168
0.74342829
0.73219967
0.83514535
0.82638103
0.73439121
0.67616779
0.71049088
0.54745579
0.73851579
0.76274222
0.73420858
0.67939353
0.64741349
0.53035438
0.6872319
0.70002359
0.44511402
0.44370532
0.54527313
0.52474922
0.61663449
0.67335415
0.63123715
0.51915264
0.64362067
0.67437738
0.69260174
0.71281868
0.64544338
0.71557695
0.69173402
0.73871744
0.68752962
0.50834799
0.62583447
0.6176129
0.70497435
0.75695145
0.69818079
0.86227912
0.71580791
0.673334
0.76181698
0.68212253
0.72176862
0.60166436
0.59717935
0.58356595
0.6969018
0.57318795
0.4769173
0.55799854
0.63885415
0.63223571
0.66027319
0.63893205
0.74527663
0.67456716
0.61713535
0.86565834
0.7503249
0.66044855
0.72869611
0.5682568
0.69248319
0.61373866
0.6873697
0.73770165
0.73771459
0.5556863
0.72348452
0.6748035
0.6015659
0.59795892
0.61620736
0.68505567
0.497998
0.52976906
0.57211155
0.66651928
0.54233992
0.66893589
0.68515652
0.62218291
0.64302099
0.6141209
0.62036896
0.65844613
0.43832213
0.67694515
0.69171041
0.72531736
0.68777639
0.75439495
0.30654201
0.7585932
0.81323457
0.8004207
0.69393367
0.81750494
0.57017297
0.44833112
0.72649503
0.50171608
0.4095107
0.62420666
0.85232514
0.81621593
0.77684051
0.84321195
0.71921104
""
""
0.68107319
""
""
""
""
0.46819124
0.80788827
0.79175264
""
""
""
""
""
""
""
0.73745984
0.79206389
0.86567277
0.69382393
0.64871633
0.70089644
0.67793405
0.84057009
0.79442501
0.77077633
0.82343489
0.77012342
0.80524349
0.84947211
0.79471314
0.77346307
0.76290011
0.76607209
0.78805661
0.77160323
0.67897552
0.72605515
0.72420233
0.75038743
0.74263901
0.742881
0.73179621
0.73535305
0.78128272
0.7801345
0.73656857
0.63943988
0.65145743
0.60883617
0.48540905
0.77900159
0.79844028
0.54077691
0.72287083
0.70304495
0.66326034
0.5709455
0.61994535
0.62326914
0.56924045
0.58267671
0.56508636
0.77737564
0.67909813
0.7054106
0.74441433
0.4372682
0.69235379
0.65734911
0.74504018
0.66996413
0.64863771
0.71876651
0.54863453
0.6020714
0.5103693
0.5418433
0.64640319
0.66067785
0.75857073
0.77260089
0.70647776
0.6354109
0.66026771
0.58083302
0.54625583
0.66374683
0.69584978
0.63516134
0.5075928
0.65995443
0.79282409
0.77175462
0.71081126
0.81553322
0.7701323
0.85515386
0.70426607
0.69086486
0.7778644
0.82491487
0.821872
""
0.74744326
0.80853242
0.69096875
0.7945053
0.84897864
0.82389182
0.72694665
0.76473677
""
0.76698577
0.71610963
0.73240846
""
""
1.4032885
""
0.7718547
0.65072441
0.68204206
0.67806941
0.727503
0.68667245
0.65484905
0.52207065
""
""
0.80515707
0.8065002
0.6283617
0.661645
0.56454104
0.74625218
0.64554495
0.76261812
0.57215428
""
0.44829571
0.62393957
0.6842767
0.78573066
0.70841873
0.67173278
0.72427601
0.79958808
0.71600807
0.58314824
0.5403831
0.65869105
0.56987447
0.66479325
0.49426821
0.49773321
0.58632684
0.54166269
0.62262475
0.58479965
0.54270256
0.55167854
0.60013384
0.51158768
0.47656539
0.66424143
0.73744714
0.65088719
0.64859319
0.7541821
0.64025354
0.68088812
0.75743347
0.65707523
0.69910389
0.51607203
0.54644942
0.56676948
0.55827141
0.57053542
0.63404173
0.77516389
0.66051424
""
0.72144979
0.89029402
0.75474888
0.72855496
0.7958892
0.68347836
0.61806852
0.57370472
0.44682533
0.65743566
0.67028117
0.74072731
0.55851781
0.75423557
0.69748425
0.57159042
""
0.66800433
0.58494842
0.5599016
0.68517077
0.65254033
0.74102157
0.70231414
0.72952032
0.69247878
0.65294158
0.67380738
0.52167392
0.60861647
0.6625843
0.69848776
0.72036761
0.6209206
0.51710141
0.69794595
0.65568584
0.63657784
0.5902735
0.70157218
0.6299274
0.62558371
0.66375822
0.79837054
0.79615134
0.7325694
0.71529412
0.66117197
0.7337988
0.75844353
0.70307136
0.66294605
0.70616758
0.58785444
0.65528721
0.67458922
0.6753903
0.68152583
0.75612867
0.66154474
0.65464234
0.61821699
0.67456299
0.60086381
0.64471966
0.63748509
0.54415101
0.62867254
0.57340366
0.57561284
0.57376784
0.69086391
0.71334136
0.68347657
0.70649928
0.68475568
0.75557411
0.84186757
0.68183178
0.74874288
0.75295711
0.76170671
0.65256727
0.64452124
0.73009574
0.63806576
0.6983369
0.68024194
0.76223302
0.66436851
0.66706264
0.77422231
0.72120214
0.70629209
0.60304791
0.54967278
0.61272168
0.92460418
0.87523252
""
0.87445247
0.64753157
""
""
0.65810442
0.78134155
0.57205695
""
0.74722356
0.72157049
0.45611113
0.80106497
0.86865026
0.80382389
0.81527388
0.8464542
0.78092808
0.75190806
0.79357368
0.77256435
0.7608481
0.65192288
0.70062572
0.70277774
0.75088769
0.75984699
0.63019305
0.76918399
0.71589196
""
0.7629261
""
""
""
""
""
""
""
""
0.44101948
0.45296404
0.71996158
0.62949163
0.68147916
0.65825427
0.65958714
0.58356106
0.55621684
0.62183917
0.55743837
0.57029879
0.73145574
0.66864944
0.66841239
0.68743151
0.79334617
0.67819244
0.6676178
0.69594365
0.65707195
0.65344322
0.59587765
0.4955143
0.686948
0.73207712
0.70525187
0.4679178
0.37084532
0.60132879
0.52393812
0.53975081
0.64235002
0.53347498
0.58920133
0.51692474
0.4864825
0.53466189
0.49067134
0.62330729
0.55590653
0.6191147
0.58222944
0.64309514
0.62887782
0.71767312
0.7548728
0.67014444
0.6752916
0.7427519
0.62671399
0.70404077
0.69143695
0.6842984
0.7597242
0.86549705
""
0.7971223
0.75856054
0.89392751
0.96073109
0.84701186
0.70639825
0.75681609
""
0.82841051
0.69704622
0.69926304
0.69343281
0.72268057
0.78510672
0.82537711
0.77908653
0.83054602
0.60881287
0.65891671
0.8019948
0.84373093
0.66780072
0.79102236
0.68674201
0.57065433
0.68143272
0.62086624
0.74826765
0.70108241
0.66243988
0.7009263
0.76142985
0.75420362
0.66318095
0.72437614
0.68781912
0.68176317
0.72745508
0.65631706
0.6067369
0.63316703
0.6567747
0.6827175
0.6251958
0.72179896
0.78010923
0.75831419
0.74917316
0.73875827
0.64997333
0.70027786
""
0.59138507
0.69820535
0.60725051
0.77111447
0.66867924
0.70119792
0.72850168
0.58596575
0.67574888
0.62493318
0.62142128
0.77313632
0.61992705
0.57568443
0.67295498
0.74067807
0.58340728
0.58434862
0.63899374
0.67963028
0.80588448
0.73209053
0.83368355
0.63753557
0.71123862
0.78385681
0.79339021
0.70085192
0.69555014
0.66054064
0.74245405
0.75854594
0.71439981
""
0.50792372
0.25915316
0.53369445
0.5377872
0.59432775
0.55011547
0.66002995
0.63196546
0.6599654
0.70253694
0.76412207
0.59050035
0.6966548
0.58493
0.52053553
0.61220986
0.56885433
0.63545215
0.61924219
0.62810701
0.68309599
0.67433006
0.69681817
0.85744464
0.82557726
0.64798999
0.74331695
0.76703483
0.78879428
0.84239501
0.83917832
0.84750754
0.77534366
0.71217406
0.69887686
0.76820791
0.74555945
0.70443887
0.6557011
0.73523116
0.81368566
0.75895011
0.68102813
0.75137758
0.69458532
0.62167251
0.72212672
0.69124824
0.82349217
0.70339262
0.73970306
0.69012147
0.65774184
0.6487965
0.66939235
0.57393503
0.67802578
0.73342192
0.71270657
0.75600475
0.74867678
0.66975641
0.71646202
0.74780327
0.62903273
""
0.59744632
0.6547032
0.61404133
0.77090931
0.6636855
0.69600302
0.71224076
0.66869283
0.70229614
0.70996058
0.62115484
0.70984626
0.7930665
0.84611297
0.68546081
0.67853349
0.73997247
0.7016682
0.65140516
0.7158311
0.72287041
0.70044214
0.57388234
0.58782786
0.50705028
0.60324007
0.61570895
0.64295757
0.6325748
0.60022897
0.62899476
0.67082381
0.6243608
0.7155326
0.70748335
0.7049126
0.47814003
0.54458976
0.47507593
0.69045907
0.81858784
0.68856543
0.50818336
0.68384248
0.6976546
0.6320377
0.5116635
0.5046798
0.52788723
0.62466538
0.58887887
0.63181627
0.59758449
0.6249277
0.67504209
0.72975987
0.60712636
0.65212083
0.77463686
0.6977579
0.71396142
0.74237859
0.70027637
0.62577379
0.67837715
0.61890727
0.63517952
0.64464617
0.59056944
0.67661244
0.78169847
0.66684699
0.72545141
0.80241716
0.73060519
0.71713465
0.66283637
0.71320921
0.45832652
0.62861288
0.61872625
0.52744848
0.53259218
0.67608327
0.63783479
0.67609549
0.55416286
0.59569752
0.58655584
0.57182354
0.48126295
0.748025
0.69166583
0.75347441
0.73117644
0.81637406
0.73292291
0.6569373
0.65512741
0.57891947
0.69210047
0.69394571
0.70325339
0.61696404
0.6725989
0.69168156
0.6956566
0.61849827
0.62760645
0.69610649
0.7868824
0.61346042
0.63135976
0.6549409
0.59782594
0.6365906
0.60479665
0.63200176
0.62051409
0.59228468
0.66029668
0.65206593
0.52551883
0.55261505
0.54782176
0.70380479
0.6024822
0.6765939
0.77143753
0.68649733
0.68029392
0.71427202
0.58202946
0.7445575
0.74449283
0.87866861
0.79861754
0.74694431
0.6880638
0.71659714
0.58424914
0.63112587
0.6874969
0.72239929
0.64881915
0.73269534
0.80740523
0.79864347
0.86461073
0.87285054
0.95064574
0.79820639
0.75172204
0.72880846
0.64737606
0.71747553
0.68714052
0.6198718
0.46550712
0.61351818
0.64464599
0.59122843
0.47927421
0.50784808
0.64423954
0.58530605
0.75677419
0.63487023
0.63477618
0.59615141
0.54766846
0.59771079
0.63072914
0.63706982
0.6335929
0.70265239
0.6056335
0.51609427
0.81426746
0.69591278
0.56843257
0.57094747
0.60512131
0.73013568
0.5131126
0.63886011
0.54093295
0.63489676
0.65073997
0.70540315
0.69684815
0.67791039
0.61952049
0.66028476
0.5767442
0.677535
0.72486854
0.80752921
0.69974434
0.71274257
0.79347008
0.73423052
0.66370553
0.63201332
0.70183182
0.73933983
0.7217623
0.73833293
0.72519445
0.72738624
0.66963774
0.70310664
0.81973183
0.79936558
0.78014433
0.78070354
0.76291764
0.73952067
0.72037745
0.82206738
0.73467463
0.64378196
0.65091467
""
0.83101487
0.84631181
0.73424906
0.78042334
0.73451823
0.8176412
0.74215502
0.70706391
0.77218533
0.8063212
0.81592989
0.75089598
0.64365679
0.84454995
0.80404359
0.71038318
0.7593894
0.72483957
0.92515534
0.92181975
0.85924721
0.84710938
0.79851186
0.74950141
0.7212007
0.64567983
0.72762722
0.75070745
0.79571742
0.710343
0.79380041
0.78843647
0.74628252
0.50173646
0.59507757
0.7540828
0.62822187
0.67585748
""
0.61585826
0.70768088
0.58028322
0.56330222
0.48528075
0.68913078
0.62788868
0.8291012
0.74961221
0.78807622
0.64912248
0.56215835
0.77579176
""
0.7190811
0.7690866
0.64762104
0.77139235
0.78461498
0.76339006
0.73168045
0.79322726
0.71550673
0.70738918
0.73760331
0.74731153
0.66503149
0.70698774
0.70912105
0.6930002
0.68655163
0.70956981
0.65331131
0.72055268
0.74271065
0.6977222
0.77000409
0.70126349
0.71258932
0.79853791
0.65049982
0.72034883
0.63417417
0.60363311
0.62904567
0.66181219
0.61330509
0.6626249
0.70851797
0.75077611
0.7252568
0.707564
0.71679354
0.72606665
0.75625557
0.69157183
0.61626941
0.59123468
0.64640361
0.66975003
0.69501865
0.73212278
0.65741205
0.65250069
0.71405125
0.73914921
0.64954919
0.66204953
0.69575709
0.58590072
0.51842189
0.54411584
0.70097381
0.72364956
0.68307602
0.80582356
0.78308046
0.73474675
0.77854347
0.73009264
0.71673298
0.7263822
0.67757022
0.51661938
0.65604526
0.60913205
0.48027802
0.62340665
0.67944282
0.61541754
0.71791893
0.61033511
0.37983716
0.62708354
0.6508078
0.98604405
0.77763557
0.77460152
0.7620461
0.70491451
0.71782023
0.69903523
0.63062102
0.58004051
0.44889212
0.65232074
0.72710836
0.74107182
0.69880813
0.68709123
0.69802421
0.63887113
0.64512599
0.66764826
0.65891528
0.57339251
0.60633701
0.68198764
0.71493924
0.69241506
0.60160816
0.66422385
0.69776261
0.71797889
0.70416611
0.70595032
0.59531242
0.61636162
0.71905756
0.67821699
0.63328582
0.64487612
0.67564571
0.67736709
0.68918443
0.69512391
0.45987803
0.52273023
0.56720006
0.69401091
0.74978882
0.74013585
0.65884984
0.6211037
0.66880918
0.55401033
0.6862222
0.74553567
0.74674314
0.69580746
0.60547149
0.75495732
0.78022814
0.59440458
0.65316606
0.65757942
0.62549853
0.7560764
0.64134675
0.73409975
0.79679376
0.76558065
0.68060923
0.74690372
0.72581488
0.73102593
0.80123162
0.76692379
0.80467856
0.68022877
0.6954971
0.75199759
0.66760117
0.70653409
0.68083739
0.67578495
0.82502872
0.76195806
0.74611121
0.65896392
0.58759856
0.55075693
0.69507575
0.69852442
0.5191409
0.64896023
0.57590073
0.59003723
0.68226379
0.65087283
0.65975273
0.69433671
0.69693285
0.72927016
0.66777772
0.540618
0.54818362
0.73477328
0.69721049
0.65942216
0.54496378
0.59386885
0.64530903
0.67868072
0.72904897
0.7232365
0.68838352
0.73085147
""
0.68244362
0.76272345
0.7589516
0.66366678
0.71354258
0.67255944
0.64660162
0.71187019
0.75683206
0.70237607
0.80906129
0.77447438
0.70958269
0.68158907
0.72172594
0.57550764
0.59444761
0.65601695
0.66027725
0.6436156
0.66602677
0.5824098
0.55854821
0.64957285
0.69488418
0.76019448
0.65693486
0.64686567
0.65202856
0.69156402
0.68276823
0.63788861
0.46584463
0.59958237
0.62831873
0.59626895
0.50183564
0.59744775
0.68022513
0.59869969
0.58811057
0.59630215
0.66506535
0.6374352
0.83026063
0.72656339
0.6568855
0.63780087
0.59150714
0.63747585
0.75917643
0.60104281
0.6295293
0.57086992
0.61108851
0.68570089
0.66878128
0.65685964
0.76446712
0.60799038
0.64494401
0.65843648
""
0.64696497
0.54297084
0.59692675
0.56360412
0.48027769
0.57884336
0.48999941
0.61013621
0.61193371
0.7519207
0.68916142
0.66021001
0.50032443
0.60986006
0.50220233
0.65157551
0.5423494
0.75225061
0.77570432
0.7243917
0.69373399
0.68483353
0.75992787
0.72016054
0.68277484
0.65471071
0.53552318
0.55855072
0.58952749
""
0.59181523
0.58314437
0.63453627
0.51033294
0.64489305
0.62119794
0.68344146
0.65206039
0.75835264
0.8414802
0.59546095
0.67840248
0.52481598
0.39483434
0.36678091
0.57813001
0.54216456
0.66988868
0.61226493
0.57172954
0.54204893
0.66464967
0.50988221
0.6156314
0.48606515
0.40808091
0.47489384
""
0.62410355
0.60922378
0.50696695
0.63770658
0.45839041
0.60895646
0.51926053
0.3977387
0.61051679
0.68852544
0.58357626
0.75077277
0.59494114
0.72313333
0.54025662
0.46782142
0.56526911
0.65354806
0.66096824
0.72520113
0.47579932
0.38908675
0.38386586
0.6054911
0.58803678
0.50341892
0.39447954
0.56843585
0.67416632
0.71428633
0.71633238
0.8073259
0.85833019
0.77962089
0.76353312
0.8034389
0.75243717
0.76353019
0.68861115
0.68362683
0.76460075
0.71416736
""
0.72501647
0.73308319
0.81795466
0.63169932
0.78928131
0.75221556
0.76821971
0.6702438
0.70966971
0.71366459
0.7404452
0.77746934
0.6986351
0.70671207
0.78216356
0.44744533
0.64334565
0.67691797
0.69165671
0.65217417
0.60016418
0.66296065
0.54392344
0.54239303
0.62993163
0.60178506
0.614461
0.53927112
0.51949042
0.56718332
0.50931346
0.5104298
0.57965255
0.50976551
0.59980875
0.36880094
0.54157966
0.51323599
0.64551365
0.23617871
""
0.70751226
0.65137565
0.7521162
0.65617549
0.61198819
0.77662969
0.62450254
""
0.75918305
0.78585351
0.65152532
0.61358696
0.50671792
0.73431587
""
0.7491352
0.72895914
0.76248878
0.78488958
0.73104703
0.70331573
0.68247426
0.66194141
0.68449968
0.6289717
0.77223015
0.86756289
0.78784513
0.76845574
0.69974154
0.79981893
0.80858594
0.70963973
0.65516055
0.70129013
0.7698437
0.73508447
0.68323702
0.73521399
0.79155862
0.78807825
0.80109346
0.74953294
0.69267535
0.74518424
0.776811
0.70180118
0.73329026
0.77143258
0.61658061
0.74020904
0.84649056
0.69439352
0.70327073
0.78859133
0.77727479
0.7418282
0.7048499
0.79995042
0.78937024
0.75585669
0.75096744
0.7044028
0.67781025
0.58369863
0.58711284
0.54218715
0.43044379
0.45462412
0.57686424
0.550951
0.46350908
0.33891279
0.50392395
0.39844778
0.61978805
0.49405664
0.52604663
0.51002204
0.51307601
0.41614738
0.68678135
0.52705276
0.50825506
0.42793673
0.6162734
0.44868565
0.57853985
0.5770874
0.59629387
0.56774682
0.57132995
""
0.51053613
0.61639881
0.598809
0.47563192
0.52307665
0.69601935
0.56294817
0.62272441
0.56161499
0.73102182
0.79675496
0.75835872
0.75881785
0.72291398
0.73754317
0.61659759
0.75819844
0.66359526
0.76408428
0.63151461
0.64625043
0.70026696
0.77742165
0.81402147
0.75104296
0.86491728
0.70054978
0.70217943
0.74563026
0.62981391
0.62245631
0.54575503
0.46103826
0.44371808
0.61531627
0.54334927
0.47312486
0.46437892
0.60666877
0.59123594
0.65323931
0.71393961
0.57701111
0.63493341
0.51139665
0.47170091
0.36632577
0.60420895
0.15684012
0.64998275
0.64925283
0.52996671
0.65841216
0.56022805
0.63804901
0.43010551
0.62117815
0.55866396
0.61439985
0.52293766
0.60936052
0.62919736
0.62521809
0.47300968
0.62776935
0.57472014
0.5590933
0.52926111
0.50599551
0.66220891
0.59563625
0.56417328
0.51425403
0.6179468
0.51776862
0.51653481
0.65353823
0.55328041
0.52575064
0.53733754
0.67253202
0.53481621
0.55889237
0.44779697
0.48934439
0.41395825
0.61044198
0.68427336
0.60862029
0.70699304
0.61860257
0.42745703
0.46753755
0.64548194
0.54742217
0.70283365
0.49483329
0.45302314
0.54498792
0.34948495
0.46653527
0.48374286
0.46396837
0.40263057
0.37838507
0.50531065
0.4651807
0.37962586
0.56555724
0.76743972
0.6241135
0.53709364
0.58711898
0.47091523
0.586384
0.63433558
0.61662215
0.54217255
0.61934149
0.59844875
0.59125954
0.63490295
0.65106404
0.70716709
0.69412315
0.32868028
0.52186358
0.42093334
0.62825614
0.60556024
0.56532943
0.76048958
0.74194282
0.68641543
0.67718542
0.71981108
0.75409049
0.6036393
0.68361372
0.74150354
0.74786884
0.64710265
0.43549055
0.57286155
0.60527951
0.74642569
0.8107776
0.66602552
0.74736893
0.63897884
0.73270679
0.72036129
0.7198112
0.76480973
0.69999367
0.69802797
0.75688648
0.70948154
0.45207241
0.63241917
0.78517771
0.73859632
0.64747703
0.68774939
0.71615368
0.71725732
0.70540953
0.42256284
0.50684106
0.55070049
0.68274826
0.52444679
0.41383448
0.55320919
0.62289643
0.62829679
0.5353207
0.47387689
0.50498539
0.53098679
0.58266604
0.43400612
0.47705618
0.51014292
0.57450384
0.67282635
0.51418251
0.32240346
0.71384645
0.55709833
0.73689085
0.78686953
0.76313776
0.63293326
0.77858722
0.71553802
0.71553099
0.58456022
0.62012464
0.606291
0.49444216
0.51181364
0.5601517
0.69512731
0.62101477
0.63115543
0.47371656
0.47234973
0.59060168
0.64612257
0.57485193
0.66418791
0.65860242
0.54995221
0.48627865
0.60271841
0.5798617
0.61224508
0.60020834
0.46820921
0.55772972
0.53924227
0.66187
0.59514922
0.68897045
0.5197081
0.60213798
0.58301687
0.60279971
0.75054342
0.58567476
""
""
0.53240448
0.73823267
0.71647429
0.6950143
0.83578491
0.90133291
0.71672446
0.3647114
""
0.36251718
""
0.74280405
0.80467772
0.65934211
0.64259923
0.66802359
0.71864045
0.7754553
0.7724241
0.84168708
""
""
""
""
""
0.66456765
0.90200144
""
""
0.70832664
""
""
""
0.61442387
""
0.65741497
0.62077123
0.81381863
0.76383555
0.72037077
0.7837519
0.62923831
0.78020847
0.79313457
0.88264948
0.72788155
""
""
0.78164011
0.96567523
0.77392954
0.75445408
0.86792696
0.68388832
0.72562158
0.68991172
0.70667875
0.72169018
0.77556235
0.87827307
0.66657335
0.7381466
0.86761892
0.7502231
0.7650876
0.5807063
0.6900264
0.71674049
0.60502684
0.75929272
0.60601342
0.62116605
0.73238891
0.67713875
0.78855622
0.72256243
0.78068382
0.76455194
0.56046087
0.7788887
0.76794022
0.79018408
0.7629149
0.70627987
0.681593
0.74850249
0.69668841
0.80940449
0.77633893
0.80233663
0.7442376
0.66568804
0.71873224
0.79756862
0.78153092
0.68770266
0.79147458
0.75173664
0.7266382
0.72099221
0.70735949
0.80757004
""
0.85590845
0.78729635
0.81073499
0.76309288
0.76999366
0.76672423
0.85631675
0.81630915
0.8016848
0.79965115
0.78957403
0.73300707
0.79278499
0.77507156
0.78674483
0.81199056
0.82088387
0.70062804
0.80381751
0.73325586
0.8193996
0.81459254
0.69629514
0.73904407
0.72204727
0.77653956
0.61210084
0.56523502
0.73117048
0.7606926
0.81205982
0.75388908
0.77683586
0.75825143
0.76918
0.7924124
0.76264507
0.83482683
0.78181738
0.7620151
0.82597202
0.84609544
0.8221817
0.75342715
0.86725086
0.78074276
""
0.82228798
0.85446018
0.68418467
0.7653445
0.80316859
0.81403846
0.79912156
0.70640731
0.73887902
0.67288822
0.6430766
0.68589503
0.73873496
0.59163076
0.68320221
0.74671161
0.71895736
0.68291539
0.75373459
0.69915676
0.6876623
0.63045478
0.78074783
0.86408621
0.67533338
0.63812435
0.752931
0.70823765
0.70288652
0.7554065
0.66173619
0.68770552
0.68802279
0.67712331
0.75054026
0.55521226
0.58868271
0.7308594
0.58762443
0.59580231
0.77377921
0.74287945
0.55258459
0.7553941
0.72828656
0.74905831
0.72337687
0.72598988
0.72013426
0.59043318
0.77271134
0.65588653
0.65135461
0.70723337
0.495258
0.72598964
0.6886968
0.66985786
0.69142586
0.63195962
0.75077158
0.70359898
0.67725784
0.50611418
0.74145591
0.73740423
0.74852264
0.68786991
0.78097457
0.79705769
0.77105749
0.78034735
0.67048746
0.72448325
0.75616276
0.7884922
0.81066906
""
0.79471517
0.82474971
0.75688785
0.81545699
0.68711203
""
0.72603166
0.71137446
0.61740983
0.56241113
0.53339231
0.47214159
0.56587738
0.55646545
0.4881649
0.60665798
0.6060217
0.57757241
0.71838742
0.5808984
0.6367963
0.57780182
0.83097154
0.7389999
0.84013784
0.72840649
0.75096399
0.81648988
0.50257123
0.70263028
0.7395227
0.47114041
0.68855107
0.49319658
0.56402159
0.52302533
0.57860404
0.59128791
0.77064151
0.73976254
0.72757292
0.50842285
0.56905174
0.52727216
0.41334748
0.54296702
0.40321416
0.46322456
0.51911151
0.65061986
0.56484294
0.52154505
0.39852214
0.56607533
0.60445696
0.63566327
0.57651764
0.54200369
0.46916097
0.52818292
0.44246191
0.55874461
0.54657418
0.5748077
0.64270419
0.54936576
0.59710515
""
0.51077515
0.49432507
0.49721298
0.59309506
0.54799676
0.58001822
0.60596389
0.5378803
0.52332258
0.54713738
0.74411416
0.58864421
0.60842896
0.65206307
0.48026013
0.80874532
0.73890001
0.69338596
0.78253436
0.80748969
0.69978493
0.75254327
0.74272054
0.76661104
0.7500909
0.76190513
0.77874482
0.78065038
0.72073847
0.63717604
0.78043467
0.45324138
0.51964831
0.44105494
0.63073754
0.7638604
0.65703797
0.80230451
0.82740039
0.70548332
0.67900735
0.66575575
0.77279186
0.68167448
0.80034882
0.68802178
0.79998791
0.74134964
0.76780903
0.59091252
0.77502549
0.81492788
0.77779812
0.83124596
0.7929976
0.6018675
0.67186683
0.67781961
0.7435835
0.72847044
0.70997608
0.77407873
0.69674587
0.74719954
0.73205173
0.77071035
0.78022629
0.6918633
0.63984632
0.73227787
0.62499511
0.68541759
0.67606574
0.70352644
0.72078222
0.31448698
0.4157379
0.56479228
0.63095015
0.71710801
0.7769466
0.40793684
0.61193937
0.54769856
0.52073318
0.60755813
0.5457952
0.62983245
0.62146646
0.58048022
0.60672104
0.60866278
0.49788201
0.48845541
0.44408032
0.38806948
0.34150824
0.39617991
0.27227464
0.41787264
0.34576809
0.24109153
0.62793547
""
0.72525662
0.80651259
""
""
""
""
0.66375852
""
0.66837114
0.727301
0.7991423
0.73199254
0.75343227
0.79958236
0.61915731
0.81506997
0.58292836
0.68600947
0.68417895
0.74946064
0.79051715
0.83704281
0.75260878
0.6648249
0.60926515
0.61033994
0.70571083
0.76722026
0.49906439
0.70009249
0.62552464
0.67968512
0.70191866
0.6911248
0.64497197
0.64986229
0.69804031
0.60792524
0.60794365
0.85962313
0.78324544
0.76888746
0.78648442
0.74058449
0.63414949
0.75269854
0.71211916
0.70245558
0.68848896
0.75880748
0.72275889
0.73092794
0.77175993
0.71580976
0.66810405
0.69736028
0.74851358
0.79701495
0.60892248
0.78784001
""
0.76504999
0.77075475
0.80008638
0.81321883
0.71611184
0.72687596
0.75432718
0.62869591
0.62277859
0.63442403
0.71675897
0.59180862
0.62342066
0.69526321
0.66296375
0.7217204
0.74124157
0.70398808
0.75552875
0.66788882
0.78070962
0.74023271
0.66800833
0.73876148
0.76455873
0.72486782
0.73248643
0.747742
0.7693004
0.76495332
0.71999228
0.84020352
0.68880349
0.58514243
0.56628859
0.69068295
0.67431802
0.69760793
0.64146864
0.78967685
0.70815319
0.67477065
0.69883257
0.65527803
0.6779322
0.66130006
0.61650616
0.71487051
0.69831258
0.64934701
0.65910804
0.69670248
0.73453307
0.71275038
0.51953232
0.55499148
0.54794198
0.53266269
0.48465741
0.54017687
0.56701672
0.57629097
0.5577454
0.69027019
0.56194311
0.68388689
0.59032607
0.6523667
0.58260232
0.58238173
0.60500318
0.63622296
0.66982955
0.50805849
0.62161481
0.5708099
0.60344106
0.57974839
0.5435915
0.6302619
0.51673383
0.75259298
0.6713382
0.70793539
0.77701008
0.73324704
0.812253
0.5337854
""
0.79614282
0.68908387
0.71040988
0.75356424
0.7629292
0.67352223
0.61348838
0.85456681
0.73835391
0.74328423
0.7419433
0.70692015
0.67398077
0.67190963
0.64847928
0.80387807
0.68251705
0.69287336
0.74539244
0.73591089
0.86134404
0.7890659
0.88787419
0.73406565
0.69135612
0.67565286
0.52554089
0.82879645
0.76229566
0.79334342
0.6481927
0.80843335
0.68824685
0.57842064
0.65817118
0.63722545
0.58379507
0.70440555
0.61999321
0.79548806
0.75574434
0.7454446
0.75076634
0.74093395
0.85360831
0.60158092
0.80187714
0.57683396
0.58853072
0.55466974
0.44181532
0.48284075
0.49230412
0.72147954
0.60961556
0.6740154
0.55792427
0.48208338
0.56011784
0.54974484
0.50111938
0.58183044
0.49280471
0.64919519
0.4482024
0.44566289
0.55906993
0.53571928
0.49859264
0.51316434
0.51109511
0.47241732
0.50888777
0.50387865
0.50709766
0.55818725
0.54448748
0.58310866
0.47580734
0.48191956
0.54573286
0.30794561
0.59466499
0.57804447
0.46846694
0.5372957
0.61771727
0.61747205
0.68511808
0.68040526
0.4373486
0.50532311
0.58159781
0.52020907
0.68065882
0.57295734
0.7196517
0.62621897
0.68023485
0.68541843
0.63670301
0.60319448
0.66605651
0.6652078
0.71703172
0.60954916
0.69403726
0.64866084
0.71547902
0.78965223
0.75784272
0.79235464
0.74794513
0.80280054
0.77754837
0.71863729
0.71794349
0.81165308
0.71200383
0.77072603
0.7625618
0.70797449
0.7422272
0.75192589
0.64245892
0.74094409
0.61120665
0.7629118
0.75874865
0.67715591
0.75260836
0.73353803
0.62346625
0.73931074
0.75225675
0.69246918
0.76226455
0.72143692
0.80333465
0.74286503
0.75760674
0.65184069
0.69308436
0.72712833
0.71202803
0.64594668
0.70507616
0.65710527
0.73090631
0.67559773
0.66780907
0.79953539
0.76038319
0.77364856
0.74260414
0.76585066
0.74319482
0.71336091
0.70615184
0.73924166
0.72271448
0.81608558
0.62651479
0.66962898
0.76001966
0.76587886
0.61808652
0.78040463
0.74880445
0.69177532
0.62799776
0.72353846
0.58568728
""
0.56333804
0.44274521
0.51910704
0.57164621
0.56386143
0.50671142
0.4184193
0.542243
0.41756129
0.49533635
0.52285749
0.54622626
0.68538374
0.63663244
0.74488193
0.72711176
0.70608699
0.72139335
0.64503956
0.77244604
0.70603871
0.49548376
0.56816661
0.47803822
0.47263786
0.62275517
0.55555969
0.61320299
0.48804706
0.55393153
0.58101773
0.55725956
0.47908407
0.51417857
0.56872016
0.67510611
0.65811294
0.65905207
0.28484425
0.46055633
0.44046071
0.34872967
0.40608463
0.64123905
0.49248961
0.57860202
0.57385415
0.4892315
0.5722155
0.65358269
0.56257373
0.58040714
0.61354911
0.58610481
0.66648883
0.56977242
0.59187144
0.4837929
0.5389576
0.5111686
0.49082652
0.58888859
0.58002323
0.62223667
0.51757711
0.57321185
0.5157938
0.51288009
0.48263767
0.51412487
0.51745963
0.51220804
0.5526616
0.60849911
0.5208953
0.475016
0.56281537
0.50694966
0.61299753
0.54593557
0.57720727
0.5847016
0.63442576
0.55463833
0.59964943
0.53050798
0.56387705
0.50172132
0.48430723
0.38474393
0.42124087
0.33452019
0.37398243
0.45425498
0.44673207
0.49159998
0.43172738
0.49612546
0.61947441
0.63612676
0.68310529
0.57884699
0.66661686
0.56590438
0.56009018
0.55408651
0.55495054
0.42843285
0.67338908
0.4998754
0.48979241
0.59303278
0.60975933
0.60098845
0.68564308
0.64627558
0.70099849
0.52879721
0.68550855
0.60456687
0.69597143
0.56975293
0.53351885
0.63290572
0.56721199
0.49762818
0.52234912
0.52895516
0.41851053
0.49008295
0.56329089
0.55621791
0.53748727
0.63750786
0.69791967
0.64455688
0.58276832
0.6344443
0.60601312
""
0.4918837
0.62396359
0.46608838
0.6381461
0.62341142
0.54044068
0.61663538
0.53341639
0.56198972
0.56210828
0.62256914
0.55019134
0.57352662
0.53601056
0.55258369
0.55910093
0.51762348
0.55049485
0.61027968
0.54013216
0.5888195
0.4216432
0.49532947
0.53322697
0.54020995
0.38487339
0.43640065
0.19329128
0.57737452
0.46241239
0.48281395
0.44758216
0.4696067
0.46736816
0.45249161
0.62329823
0.47391444
0.52661681
0.4317593
0.40989417
0.41526899
0.34364876
0.34413007
0.6482982
0.69350129
0.52539182
0.66500753
0.69115955
0.65960723
0.62009478
0.63945019
0.57043922
0.58399898
0.5206809
0.69330961
0.72983027
0.70256281
0.61462456
0.71526635
0.7056191
0.68008339
0.66255766
0.64579332
0.69681674
0.68599069
0.69364649
0.7432555
0.69489676
0.61084586
0.71181822
0.59738642
0.62716579
0.69996256
0.67287153
0.73660582
0.68679535
0.74031675
0.61579496
0.68590593
0.63316375
0.68870407
0.54729295
0.67140132
0.62635034
0.59309042
0.6185872
0.76190567
0.63108182
0.73649383
0.60792226
0.65821075
0.67781162
0.67624766
0.53135228
0.57014573
0.53738338
0.54766273
0.64525831
0.57022792
0.5928635
0.66206849
0.61333537
0.7308653
0.62573051
0.70292765
0.71438104
0.58067769
0.37393388
0.54807955
0.47410965
0.61986482
0.66345024
0.62818015
0.69446152
0.62759942
0.66355443
0.66316962
0.50564396
0.37293637
0.45824876
0.51436412
0.62288123
0.44892475
0.35062614
0.53463292
0.57411671
0.53044122
0.59322464
0.51171649
0.55864227
0.38985473
0.38770115
0.50810295
0.5464384
0.7273193
0.29390404
0.39812005
0.45782098
0.47120923
0.42241988
0.46447337
0.52921271
0.48491874
0.42706835
0.58471036
0.57662332
0.63031381
0.68185389
0.64205813
0.62997919
0.65014535
0.64289069
0.72135425
0.61116695
0.66152257
0.71024126
0.68942183
0.72792047
0.69532973
0.69455463
0.67736286
0.69469279
0.67464066
0.62611324
0.63762414
0.61043715
0.65209496
0.41006812
0.50336808
0.43908584
0.52587223
0.43380934
0.46742555
0.48641959
0.60197169
0.6896469
0.66632688
0.71651727
0.74018532
0.62770808
0.62352908
0.67090076
0.68930769
0.58314389
0.57405078
0.52833408
0.70471483
0.5756703
0.62427056
0.72169513
0.69016105
0.67739987
0.59944421
0.64820498
0.66490525
0.71896315
0.69921952
0.64461011
0.72093099
0.63225007
0.58940774
0.62608546
0.49848697
0.62232226
0.4679563
0.56971991
0.59176874
0.62875241
0.54944688
0.61170805
0.62645888
0.71522707
0.76247972
0.70338744
0.58344525
0.75871992
0.50852126
0.62688184
0.70532197
0.68196666
0.64321345
0.70178628
0.69423896
0.58780372
0.65030015
0.59382886
0.70368183
0.72853476
0.67397314
0.69784504
0.67326468
0.71004087
0.53381705
0.48024195
0.77592307
0.73656988
0.78201205
0.74950719
0.79213142
0.76812822
0.80630875
0.80787331
0.79121339
0.83126998
0.80441493
0.77363622
0.762761
0.81706786
0.78161246
0.73073357
0.78833359
0.78224921
0.78383899
0.62290543
0.67670953
0.64672732
0.75857186
0.80929732
0.77670926
0.704135
0.8150968
0.74506336
0.71909475
0.73160291
0.76305354
0.75244796
0.67517728
0.67785662
0.59139073
0.63484675
0.66220176
0.79932094
0.7401734
0.72589141
0.87918186
0.75502962
0.67415714
0.81107569
0.69520682
0.7427094
0.75804543
0.80846924
0.70829815
0.75448823
0.64586604
0.75306004
0.81119084
0.62631088
0.71736187
0.83930486
0.83791608
0.7256006
0.72036326
0.83250624
0.67735267
0.72724205
0.75480705
0.758412
0.79908872
0.73451304
0.77736282
0.80442226
0.77288717
0.77936274
0.77489305
0.73394561
0.72700089
0.72212046
0.62760305
0.74001765
0.63568008
0.63921952
0.84447169
0.74758899
0.65094692
0.51600355
0.55699009
0.78009486
0.82283157
0.65594625
0.74270201
0.6713115
0.56319982
0.89235198
0.68866479
0.6483593
0.61602807
0.63986462
0.64397764
0.66218859
0.70600671
0.78130627
0.73701108
0.6763795
0.76012069
0.64074463
0.71405953
0.62477928
0.62846231
0.64832103
0.709108
0.72700995
0.82608563
0.7890197
0.76780027
0.83167374
0.82397759
0.76726383
0.79307324
0.77296066
0.75563568
0.76137263
0.76856232
0.78484464
0.75365824
0.84939027
0.75575793
0.81074435
0.78103268
0.77765882
0.83380836
0.71955317
0.72303313
0.75063473
0.74305868
0.72087699
0.73739195
0.81051862
0.73020947
0.79971701
0.75462145
0.76811314
0.70759177
0.80040568
0.77066833
0.76369858
0.78027785
0.74991488
0.81519979
0.76273954
0.772825
0.82396078
0.78329766
0.63291484
0.73171425
0.76243758
0.79796135
0.69488853
0.74586236
0.77305526
0.74670726
0.73308641
0.72120851
0.70563453
0.70316613
0.73262072
0.78647923
0.6791783
0.7871142
0.75787973
0.75401747
0.71659833
0.76787782
0.76533532
""
0.6224277
0.59454787
0.56207883
0.62133205
0.62377316
0.67039031
0.62731361
0.6502642
0.63422871
0.6426875
0.65902168
0.68046099
0.39233243
0.4890362
0.35831219
0.5746057
0.56960857
0.55554998
0.48538584
0.52537632
0.5021348
0.57678282
0.57306111
0.57540792
0.47604799
0.50758189
0.49894202
0.60443968
0.54217654
0.62991977
0.59241414
0.5252381
0.51990265
0.5147506
0.62765992
0.7474246
0.44289148
0.54513633
0.5416562
0.48341349
0.5206486
0.44533774
0.31616142
0.46545029
0.45171332
0.35407943
0.38187787
0.49078467
0.50641865
0.4977158
0.50275791
0.54341096
0.51847041
0.51068377
0.51045614
""
0.72785389
0.81661773
0.60860455
0.6116305
0.67579287
0.64418739
0.75964081
0.81125355
0.68855178
0.69703239
0.65580332
0.6126982
0.61151052
0.61452991
0.65331477
0.78329962
0.62667
0.65824825
0.70531434
0.71853936
0.753326
0.73858798
0.67288446
0.72695512
0.74195701
0.67303282
0.66071039
0.60272419
0.62453598
0.74663097
0.74768567
0.64294213
0.65666717
0.77440089
0.71746778
0.69136542
0.7029922
0.6865015
0.69994551
0.75148255
0.64952242
0.75303441
0.66077429
0.68191355
0.74224895
0.75982416
0.76302433
0.81014758
0.75681037
0.71362585
0.77582878
0.72485399
0.6631698
0.7727955
0.75765103
0.62715513
0.55111396
0.63558412
0.64962548
0.52041656
0.72045362
0.69497359
0.63491052
0.57916671
0.67001122
0.63570726
0.66517228
0.63761419
0.54728895
0.63765526
0.70675826
0.75300223
0.63614112
0.61274278
0.79472363
0.74825847
0.67370957
0.67797315
0.65516084
0.6590305
0.73751253
0.77598596
0.78097272
0.67904884
0.66275901
0.75462711
0.74128288
0.56851566
0.66966844
0.79473758
0.71131194
0.77908814
0.79487926
0.80122435
0.73061055
0.63995177
0.74089783
0.74478918
0.73342729
0.68036199
0.62508649
0.73979896
0.78088093
0.75123346
0.42980304
0.57349628
0.55955285
0.51976049
0.57479411
0.63570839
0.71913558
0.59540892
0.62750781
0.6622718
0.64679092
0.54153574
0.59099048
0.6054678
0.5774616
0.7532708
0.66273057
0.61219817
0.85652876
0.81563079
0.80041629
0.85041332
0.68311864
0.77382129
0.71481246
0.81218368
0.79165232
0.76118708
0.79328209
0.79753149
0.81693387
0.65726113
0.79312956
0.7541346
0.70628411
0.6029374
0.57861453
0.77803433
0.64172858
0.60162556
0.67746842
""
0.36284891
""
""
""
""
""
""
0.80424136
""
""
""
""
""
0.87268853
0.90708607
0.4957068
0.65029508
0.79133272
0.6681217
0.69018811
0.87632549
0.89507294
0.76135188
""
0.91892225
0.82703304
0.86106676
0.91271311
0.85195529
0.90279317
0.80408853
""
0.99311596
0.92665827
0.74322367
0.67496622
0.80768645
""
""
""
""
""
""
""
""
""
""
""
0.70474297
0.3739852
0.53957868
0.64128488
""
0.5608629
0.428
0.91158724
0.75275666
0.42082018
0.67733449
0.81726676
0.7516101
0.90992224
0.87761354
0.81923193
0.88956833
0.9251647
0.88240623
0.83285338
0.79404104
0.88811648
0.78323019
0.84428054
0.88571483
0.81897759
0.89270157
0.86894584
0.83333707
0.80684769
""
0.76696438
0.83002168
0.89750081
""
""
0.84649938
0.82755589
0.84948194
""
0.75829279
0.87539279
0.83053118
0.81179136
0.86854583
0.79301172
0.92117888
0.88142401
0.85679775
0.89018404
0.94775075
0.89705199
0.92932737
0.89279717
0.89366817
0.89491403
0.85536659
0.93114901
0.94493544
0.94070357
0.8017714
0.84447521
0.84810084
0.79107428
0.83084482
0.90654653
0.81185651
0.76759875
0.80452234
0.81286031
0.71213847
0.71711648
0.79780251
0.81361073
0.7726509
0.77766472
0.72849226
0.7100696
0.6932438
0.85862911
0.77222508
0.75935018
0.73740137
0.70691013
0.69343084
0.80313361
0.75184458
0.70667958
0.86702907
0.79124862
0.84438878
0.83967018
0.80279386
0.8185516
0.7062186
0.74105781
0.52808142
0.68255091
0.81106693
0.8346383
0.81719619
0.7646991
0.83862406
0.78777391
0.873478
0.83027226
0.82157874
0.81310797
0.84395897
0.78808498
0.76314163
0.78435659
0.73044181
0.85168195
0.80097711
0.78545237
0.82295877
0.82145703
0.81815785
0.80166996
0.73285002
0.81308454
0.82686406
0.82982242
0.85047245
0.81138295
0.84167767
0.73311687
0.67046738
0.47480929
0.81997776
0.63343734
0.82138443
0.72931761
0.79157996
0.59284693
0.7685045
0.76132303
0.75932366
0.77377325
0.75792563
0.84576184
0.80949473
0.800632
0.83279717
0.78265274
0.72219604
0.74020094
0.85029256
0.83582044
0.64346659
0.74768156
0.70714366
0.88298708
0.88773453
0.73655546
0.81781149
0.88451391
0.87457365
0.90338689
0.8410939
0.83841711
0.78873616
0.75037372
0.82111925
0.82813346
0.77798468
0.74184787
0.80559772
0.76824415
0.72491443
0.76323187
0.80981988
0.76069325
0.82387722
0.84535021
0.77949142
0.83009815
0.63072836
0.60639858
0.68694365
0.55099088
0.66813236
0.5631451
0.64736891
0.67369258
0.6705485
0.64477205
0.55321598
0.64219886
0.74375981
0.71520662
0.82047892
0.72606128
0.82382554
0.72816694
0.7361064
0.77831084
0.82087994
0.79111683
0.79286647
0.72756642
0.80153
0.78309244
0.8260076
0.82968658
0.79136151
0.73458695
0.79074585
0.78271806
0.89662272
0.84226221
0.84192246
0.82398826
0.92071515
0.82936633
0.85719669
0.72369504
0.8175779
0.89262724
0.79487747
0.86383092
0.89495975
0.85785878
0.86645776
0.9217301
0.86079848
0.8983385
0.80025613
0.77751803
0.92498124
0.82628626
0.767551
0.82175744
0.79303426
0.83598375
0.82201415
0.88728595
0.87011033
0.88927901
0.79191118
0.84540331
0.84079117
0.82979232
0.85293555
0.87251353
0.90527475
0.91198349
0.79799086
0.83530283
0.87055957
0.76955187
0.83856481
0.81387627
0.85060436
0.88666338
0.86522537
0.84167135
0.90167272
0.75333393
0.86628914
0.84325391
0.81457132
0.8555761
0.70299578
0.67742664
0.76221985
0.83486032
0.77029014
0.62668747
0.7599352
0.72709286
0.77474779
0.86968857
0.790802
0.78377128
0.63871026
0.60322523
0.80310351
0.81760037
0.8015101
0.82120484
0.6921047
0.85336876
0.731076
0.81605691
0.7731334
0.8919965
0.77930832
0.85732156
0.82377005
0.78450167
0.84810901
0.76098973
0.76127607
0.74275607
0.88699806
0.78962386
0.82075518
0.76767749
0.95170134
0.88744694
0.82356817
0.71294022
0.76794583
""
0.85651702
0.77829355
0.82337451
0.46888393
0.87172014
0.9265722
""
""
""
0.65258169
0.63677996
0.96029407
0.90789282
""
0.9334392
0.86470228
0.87796426
0.86644691
0.91072261
0.85165977
0.79150659
0.89097953
0.83939874
0.92996615
0.83245081
0.46036309
0.77346796
0.81463313
0.86817306
0.52644932
0.81615865
0.82129276
0.77037281
""
""
""
""
""
""
""
""
""
""
0.59466016
0.78888386
0.69271529
0.80922657
0.7959305
0.8245405
0.77918482
0.82540435
0.82086456
0.8181535
0.80124807
0.8222515
0.85718393
0.84009594
0.79799002
0.80165815
0.82805181
0.78043991
0.84860706
0.62719774
0.60733932
0.70572913
0.71749747
0.74044722
0.79836249
0.75705087
0.79032522
0.72616762
0.75557649
0.7651208
0.81657708
0.64988971
0.69659489
0.70326537
0.6701588
0.71700841
0.77173269
0.71877533
0.76193231
0.72983176
0.77857679
0.73624998
0.86067927
0.78249174
0.80651629
0.71025956
0.81430745
0.779356
0.79466552
0.79132348
0.78172076
0.78351372
0.74127519
0.73899007
1.0286448
0.79594666
0.71320069
0.74381673
0.72125268
0.7752955
0.82479286
0.75165957
0.63800138
0.76106781
0.71857858
0.76702029
0.82536685
0.79912168
0.7665723
0.69549888
0.66380107
0.76531696
0.6515938
0.80172467
0.68207842
0.75484288
0.63588566
0.66887289
0.62974429
0.67362326
0.64740503
0.65290779
0.71313709
0.75225037
0.8030535
0.80018532
0.7041074
0.8185457
0.82795781
0.81392133
0.70102978
0.7724207
""
0.66829383
0.85327655
0.77930093
0.76084328
0.78477848
0.75739449
0.54663056
0.77099621
0.74125057
0.75992626
0.57457715
0.76314974
0.7391485
0.76502436
0.64202929
0.74272853
0.74138063
0.73785138
0.84056568
0.71001309
0.69471115
0.74051851
0.69402206
0.72204268
0.72956705
0.71804965
0.71453243
0.66017169
0.58008504
0.69332892
0.68532729
0.69258881
0.76422209
0.55362338
0.74700606
0.72566962
0.6720531
0.72757125
0.73248518
0.78163862
0.63135785
0.64582551
0.77165228
0.71468878
0.64965218
0.7457673
0.60350227
0.66248727
0.7207647
0.67410761
0.66686553
0.70374733
0.72693038
0.72283363
0.70012879
0.65004265
0.84737438
0.71790218
0.77265108
0.64702439
0.71763867
0.77874637
0.63269734
0.62282777
0.62752545
0.48146114
0.59271491
0.67458588
0.65565187
0.70018893
0.81389815
0.81768489
0.72903728
0.75585657
0.73720735
0.57445526
0.74103642
0.64843595
0.75662571
0.722063
0.71727443
0.69001508
0.73020613
0.7423774
0.66514069
0.67662865
0.73265207
0.7007817
0.67383057
0.60008705
0.66240734
0.66640866
0.73505932
0.75083095
0.75307626
0.82003427
0.70750427
0.73712796
0.72876936
0.73374099
0.70858699
0.78473997
0.64286321
0.72989804
0.69616199
0.5351885
0.74729711
0.71656442
0.69380939
0.71380574
0.73492706
0.66627604
0.52328753
0.60370082
0.50659478
0.54793996
0.61182863
0.48494008
0.57592422
0.61134577
0.61130261
0.57255924
0.55219823
0.56003553
0.6754669
0.56674844
0.78532976
0.8058148
0.9016515
0.84096128
0.79382253
0.83231574
0.77664608
0.84602422
0.82059228
0.81116742
0.82318324
0.79207897
0.87544656
0.86516529
0.79141563
0.78983945
0.80501878
0.80502421
0.83703721
0.66575527
0.84665221
0.79922038
0.84390777
0.84141046
0.90643805
0.83671159
0.83556503
0.73854893
0.7293461
0.84470344
0.85941762
0.81261742
0.72250724
0.80441231
0.80928302
0.78454697
0.77876103
0.83842891
0.86518741
0.79440588
0.74922961
0.87649888
0.74022657
0.84914392
0.76956725
0.84182727
0.74329847
0.81939006
0.83136982
0.8251242
0.80536437
0.7783885
0.80838549
0.68722999
0.71292824
0.75188518
0.66499704
0.73251301
0.73044372
0.8014645
0.77512288
0.72137433
0.75634927
0.7170198
0.73061019
0.81119525
0.77166867
0.67945939
0.80837244
0.71947306
0.65499592
0.60992497
0.61815923
0.66817993
0.55935436
0.67009073
0.65021479
0.75519472
0.75730664
0.71496356
0.73123223
0.59227061
0.568102
0.59006405
0.68784606
0.73954213
0.80423057
0.67509836
0.76121545
0.73580724
0.78954172
0.70618796
0.74547374
0.68782979
0.76763844
0.82865548
0.75005335
0.74560356
0.83933085
0.75693983
0.7107718
0.76463795
0.7692436
0.81767088
0.71445394
0.79454035
0.79248428
0.6837008
0.68394142
0.67931294
0.62685585
0.63281161
0.6947341
0.73748457
0.72398245
0.73297364
0.75779074
0.61899823
0.66351175
0.63818467
0.74253404
0.66364706
0.82563549
0.79074949
0.80228013
0.84196293
0.83592474
0.72519773
0.79749793
0.85439926
0.88245684
0.80200416
0.90474492
0.8874473
0.76338255
0.69384998
0.78429037
0.89323992
0.63098192
0.66113275
0.67632633
0.44947857
0.6872654
0.76868093
0.73727447
0.76510555
0.77440554
0.76789981
0.80566615
0.7660746
0.77928752
0.75882787
0.7323516
0.80832136
0.71294844
0.62138265
0.73084462
0.50805771
0.76773256
0.76306432
0.83515465
0.72384322
0.7509554
0.82901335
0.83839816
0.85418934
0.78335792
0.81299037
0.80195326
0.71559381
0.74928463
0.73497045
0.67482865
0.74415809
0.68652642
0.60370803
0.77162337
0.70895159
0.82452917
0.70444143
0.71960652
0.8087042
0.74485582
0.81895727
0.78418571
0.55646956
0.86423165
0.59825665
0.60548717
0.5389055
0.63980496
0.71446419
0.67750591
0.74349701
0.68809122
0.63098288
0.58928943
0.57708174
0.56246883
0.60507667
0.52637857
0.43067861
0.40503278
0.61608315
0.58299404
0.66450274
0.69190735
0.55114615
0.66075885
0.65511221
0.59196341
0.69406581
0.74268204
0.65579796
0.50985879
0.5105598
0.74812078
0.62221301
0.76882762
0.6424796
0.73871368
0.73055047
0.74647772
0.74014503
0.75058085
0.5665068
0.61669779
0.54298514
0.60877734
0.70947856
0.63170969
0.35289338
0.61585611
0.53931975
0.64414555
0.61547858
0.79222769
0.72388381
0.75269997
0.71333522
0.77499121
0.56034744
0.79509962
0.66149229
0.75482762
0.69245017
0.78488946
0.67757469
0.65167338
0.62669551
0.71856105
0.63966215
0.77102536
0.58366919
0.4633345
0.40313026
0.49903262
0.47271812
0.37190232
0.43964684
0.57348728
0.54088366
0.35410106
""
0.2951175
0.230799
""
0.43925315
0.31049883
0.45861542
""
0.82508737
0.50446761
0.6900413
0.52206337
0.55548954
0.64344716
0.40042976
0.6172424
0.51656193
0.82773596
0.69627589
0.644759
0.81567568
0.69312823
0.78196031
0.72140908
0.73493129
0.70100224
0.76746994
0.74023545
0.69093722
0.64970607
0.64613271
0.54359889
0.58289135
0.65325415
0.62603337
0.78901589
0.55714577
0.6626541
0.71265358
0.71215081
0.7660085
0.75573963
0.75674033
0.69211143
0.66980428
0.74496633
0.68529558
0.83007205
0.70687211
0.84913081
0.77597249
0.76724344
0.77044135
0.41000357
0.75596148
0.70262355
0.65647966
0.63252425
0.70553768
0.56305099
0.61607087
0.66360837
0.70927668
0.64041984
0.68706954
0.58166558
0.64122486
0.77093476
0.72673517
0.65694392
0.75277632
0.71919447
0.67972225
0.74565053
0.64057428
0.69706064
0.74113166
0.71569085
0.66187823
0.70253795
0.84731722
0.76512349
0.68065161
0.70599163
0.75606942
0.75873673
0.70614254
0.67517495
0.74660146
0.70951056
0.76008761
0.70070058
0.72753561
0.67458987
0.72919166
0.72951233
0.40904757
0.74580187
0.66604996
0.56299227
0.45247087
0.57160616
0.46381506
0.64281291
0.62130195
0.5912661
0.52871293
0.5982669
0.68401796
0.64170665
0.57401586
0.54518604
0.74628627
0.6920628
0.76341701
0.75087321
0.72321689
0.68065953
0.76772505
0.61414164
0.66621
0.71719843
0.53393728
0.66388339
0.68405789
0.53123224
0.65115565
0.59101576
0.5677582
0.49073923
0.61351061
0.49029884
0.5350287
0.61578262
0.62538892
0.56529588
0.54304546
0.64615923
0.70707184
0.70166224
0.73369402
0.7051329
0.75354946
0.6410839
0.62356502
0.72615182
0.73046541
0.62260324
0.60821068
0.75510621
0.75313121
0.50986773
0.51214343
0.69705576
0.69709063
0.70723605
0.70029396
0.62523049
0.75039649
0.62339085
0.64895612
0.6428147
0.64262742
0.61392438
0.64201999
0.62368727
0.73302978
0.73887438
0.72574341
0.6051895
0.60704941
0.58346963
0.57024068
0.61072636
0.60515046
0.70000333
0.63058913
0.73212498
0.59149945
0.69050914
0.64252114
0.60990554
0.52051586
0.62486154
0.65941691
0.57414633
0.6751526
0.68360811
0.74031156
0.66792202
0.5622254
0.69094026
0.49622875
0.58516663
0.64589077
0.55855691
0.69878024
0.67453873
0.44946143
0.64322513
0.74652117
0.77609348
0.6887266
0.67199945
0.70853877
0.61826819
0.6182422
0.74379784
0.71970379
0.72154737
0.6484583
0.73023486
0.79966003
0.72539562
0.72067606
0.67000902
0.62307554
0.72838211
0.67890453
0.66146058
0.74739569
0.7159096
0.61896122
0.69745725
0.63902056
0.76471239
0.77370739
0.65761906
0.79333353
0.73430127
0.65720344
0.71847522
0.70829725
0.65123641
0.52199769
0.58728194
0.68027884
0.64748305
0.82144606
0.73053789
0.79034477
0.78274846
0.80981588
0.78732133
0.59425581
0.57918352
0.54406416
""
""
0.66032118
""
0.65302175
0.55747926
""
0.95282501
0.49304807
0.63372755
0.63943493
1.0129173
0.87512612
0.80399227
0.71793091
0.71109891
0.7243228
0.75493026
0.54437685
0.74857587
0.70804107
0.67592382
0.77001721
0.7744084
0.764063
0.64948678
0.66971081
0.78458291
0.68084657
0.73633808
0.69546485
0.68874508
0.74215484
0.79004729
0.71937662
0.73607296
0.8366695
0.7273578
0.81000966
0.75880414
0.83889365
0.77871192
0.74768811
0.67188889
0.78600043
0.73679107
0.73106617
0.71021044
0.65022916
0.72647607
0.49770862
0.59709758
0.59643722
0.51564169
0.6046986
0.70310831
0.6873861
0.6030339
0.81625319
0.80404496
0.79662806
0.60635835
0.69039643
0.6597243
0.69501263
0.72045493
0.8153438
0.82018125
0.78825212
0.82847905
0.81037945
0.87714058
0.8765533
0.80672371
0.64401233
0.81299645
0.71021408
0.86808884
0.87069052
0.89726263
0.81612211
0.72876704
0.60997379
0.78735554
0.93435067
0.86435741
0.82891715
0.80674005
0.88921618
0.8516047
0.73972249
0.77825224
0.87030023
0.66514266
""
""
0.76033103
0.74122691
0.81396407
0.79568964
0.86156064
""
0.78512841
0.88435936
0.77711987
0.80391818
0.77381831
0.87129736
0.83658063
0.87121964
0.81966978
0.85523891
0.84568846
0.7759729
0.90685773
0.74788511
0.79528379
0.8222183
0.7570318
0.89163274
0.79198867
0.83985281
0.80629146
0.80952471
0.90212184
0.80650026
0.92824227
0.68253481
0.77487445
0.77387232
0.83926058
""
""
""
""
0.8361454
0.770679
0.80737919
0.83222091
0.83862537
0.84756488
0.60860014
0.63212454
0.78524327
0.82085669
0.78654522
0.70996225
0.75050026
0.79733574
0.77003181
0.74365526
0.7297883
0.74229854
0.71562821
0.80483282
0.71139508
0.73182756
0.73856312
0.79684275
0.69074559
0.76025897
0.66545731
0.78031802
0.77975291
0.78879893
0.79743373
0.81897014
0.78757638
0.84978396
0.73909348
0.70838803
0.69333482
0.83327979
0.81785411
0.85889685
0.79510826
0.79095203
0.79868287
0.75529701
0.88907731
0.79363328
0.74998063
0.79453886
0.89917284
0.79946464
0.80970371
0.83747554
0.70071769
0.80645454
0.79304874
0.55179554
0.69782495
0.60914934
""
0.51953453
0.63203597
0.77114916
0.82138795
0.76216871
0.73231584
0.85062784
0.7700786
0.63532668
0.57623714
0.74660981
0.802432
0.79138339
0.79850674
0.83737051
0.75651121
0.66571426
0.55253005
0.60081571
0.6256336
0.62689614
0.57876128
0.55739874
0.65166283
0.5241884
0.45156059
0.43790817
0.7614482
0.79027289
0.82139158
0.72404367
0.7646727
0.73766744
0.66586542
0.70476305
0.71131128
0.74307603
0.92335868
0.87442374
0.82374191
0.75724047
0.74655604
0.83124441
0.74226439
0.663957
0.69166631
0.6916796
0.64962864
0.69007468
0.70791507
0.75325233
0.73592937
0.66586584
0.53968745
0.67956966
0.64032763
0.81583917
0.66946524
0.6244638
0.63083339
0.68428993
0.61327016
0.65544164
0.55787176
0.64551699
0.66427135
0.61710739
0.64974177
0.65800953
0.62992305
0.62554038
0.53284597
0.6486671
0.66325998
0.57692677
0.70979333
0.69958156
0.75939953
0.70522201
0.6137774
0.7043829
0.67943567
0.64563495
0.60269469
0.71248716
0.78432518
0.75597823
0.64554131
0.73556644
0.71459287
0.71257949
0.63672704
0.51246941
0.68995893
0.77926141
""
0.82199013
0.83964956
0.87664592
0.88631833
0.81774789
0.79520261
0.84192729
0.83411664
0.841416
0.8137114
0.83442014
0.87570709
0.79754299
0.77659923
0.80420756
0.84816784
0.77039421
0.81610721
0.83162224
0.77065206
0.81285727
0.74368274
0.79351842
0.7639128
0.8593837
0.85479695
0.86987734
0.8297177
0.80208772
0.72906119
0.85488653
0.86642379
0.77008635
0.80524415
0.86627978
0.86563635
0.55411774
0.79777277
0.89882094
0.75975919
0.70217514
0.54333913
0.65061897
0.73760122
0.66646087
0.66841072
0.60157377
0.70156157
0.72721082
0.64837033
0.72369027
0.72327149
0.73031282
0.7292195
0.7973178
0.77161652
0.77933294
0.76610351
0.81295526
0.72838479
0.7296778
0.77492076
0.76438737
0.71803015
0.70611107
0.70759314
0.76268846
0.7211194
0.74999642
0.78420693
0.70105243
0.78941399
0.70457458
0.75357652
0.73841923
0.76356643
0.73350567
0.71854395
0.54210949
0.6044594
0.66115212
0.57841706
0.69770527
0.63972449
0.58766019
0.56575859
0.59831357
0.48389667
0.59865028
0.42081785
0.60363311
0.76447374
0.72446871
0.6446535
0.72532034
0.73897296
0.59305501
0.67346513
0.69139838
0.7268911
0.55461121
""
0.61549407
0.68167418
0.58624566
0.74145085
0.75772452
0.69673878
0.83835572
0.78281295
0.77755916
0.72528195
0.62360406
0.49644145
0.57673472
0.69847137
0.58978117
0.578089
0.62711501
0.70139676
0.66040438
0.64512241
0.62180704
0.62665695
0.58391738
0.57953072
0.75304443
0.73921847
0.78238648
0.78173405
0.68461382
0.5217275
0.58083135
0.77503705
0.71352416
0.61215305
0.77522367
0.7884233
0.5850057
0.80793816
0.79031664
0.78370887
0.87186909
0.83812869
0.82661694
0.79304743
0.83677512
0.7484529
0.82005048
0.80118507
0.82850921
0.77692199
0.73904335
0.66582251
0.71626318
0.78647196
0.77875113
0.68946195
0.70195889
0.79875231
0.68677014
0.66015851
0.53778893
0.61188495
0.52025056
0.45875067
0.74178869
0.78883022
0.74618036
0.67703593
0.81780815
0.74311519
0.74980253
0.75284433
0.80134779
0.80304766
0.67667979
0.80343068
0.69226331
0.79473656
0.82727748
0.59754503
0.80885458
0.68510735
0.77719498
0.71439689
0.76777136
0.73501575
0.74707025
0.69891047
0.63383377
0.82245356
0.81470484
0.8512004
0.66550195
0.75254941
0.69292772
0.79267985
0.64029044
0.75234681
0.79377145
0.73858517
0.87438732
0.74651647
0.80029649
0.77251768
0.78958219
0.74690348
0.74987185
0.72545195
0.77063137
0.72777426
0.69344002
0.68862653
0.68659306
0.79028296
0.68340224
0.68990737
0.68870026
0.70245641
0.81410718
0.78826463
0.78689945
0.66852331
0.73707622
0.73100817
0.72553104
0.60305637
0.76400399
0.53618091
0.54557151
0.56763691
0.57185495
0.551952
0.65596551
0.66466492
0.57263011
0.64412093
0.70630658
0.71728653
0.73665369
0.73866016
0.75434041
0.83688641
0.77567381
0.76624113
0.76486415
0.66744787
0.74059677
0.76889038
0.77463579
0.68665242
0.71500552
0.71284837
0.72220904
0.760934
0.73287845
0.74896812
0.77567315
0.66295022
0.76313531
0.69820321
0.76901162
0.7714684
0.69934142
0.72556382
0.63997
0.84786844
0.61776555
0.76757884
0.6693725
0.68690968
0.75965852
0.71058625
0.78813428
0.76033366
0.81275457
0.79267919
0.71693981
0.75525337
0.74400246
0.81352532
0.74614406
0.77870274
0.80762804
0.75583267
0.7433753
0.84334534
0.69302636
0.77082717
0.65953296
0.75110203
0.61064714
0.58729261
0.68023705
0.72563273
0.65581489
0.68968701
0.52663451
0.70331371
0.57827914
0.67404068
0.6821034
0.79683638
0.67643321
0.56043321
0.68258554
0.64535195
0.7251811
0.5570637
0.62825066
0.61786479
0.62493521
0.54835272
0.5340367
0.64612567
0.77296466
0.63345897
0.77591127
0.81370348
0.71731508
0.76416862
0.63218904
0.70971787
0.73766673
0.7252478
0.68595201
0.70599312
0.68678707
0.67450935
0.7308833
0.73261106
0.70528412
0.79035568
0.79132968
0.71007717
0.76645529
0.6749813
0.75031865
0.74217343
0.60956919
0.58061624
0.69458765
0.51239485
0.6217981
0.71013051
0.60137969
0.79650521
0.80075586
0.85391212
0.67376614
0.77612156
0.70360911
0.84706736
0.55083519
0.64913005
0.62905788
0.70443106
0.63040608
0.71257281
0.66272163
0.78086537
0.68775231
0.7139312
0.69013524
0.63473344
0.70582563
0.67360461
0.55489784
0.57447594
0.71002811
0.83793843
0.73043835
0.66605979
0.6330536
0.64176774
0.65671921
0.7194196
0.69933999
0.65422863
0.64629769
0.80979812
0.66217273
0.74471074
0.71722782
0.76466966
0.60244626
0.79722786
0.67572212
0.63389623
0.68513113
0.6227631
0.71581256
0.6851483
0.68020707
0.61082649
0.60872287
0.67424679
0.65268338
0.40335494
0.62215143
0.7212159
0.46416992
0.77081239
0.65139556
0.65960497
0.60779798
0.79514652
0.73440635
0.55184156
0.85048503
0.65344578
0.61165959
0.64827782
0.67949593
0.61951405
0.76568127
0.82060009
0.63426179
0.74584824
0.74273479
0.767946
0.82865965
0.76840019
0.70421368
0.72533351
0.80014545
0.67895353
0.8486464
0.8317849
0.7747646
0.81100512
0.75281131
0.85832065
0.73641932
0.75603366
0.80098003
0.77115649
0.86293602
0.85366756
0.77743393
0.8385089
0.82886672
0.8465144
0.68167919
0.75631845
0.73917121
0.85102201
0.70731753
0.73465782
0.74808943
0.62634349
0.60542721
0.67662513
0.51764292
0.74471062
0.80104226
0.71365446
0.75778496
0.6203109
0.61822289
0.67984664
0.78407538
0.55986488
0.79802531
0.81229675
0.7702502
0.67788285
0.78699726
0.79816407
0.75030231
0.49658704
0.62935364
0.66500914
0.68480098
0.74802053
0.75729233
0.8333295
0.86157733
0.79510874
0.86850756
0.71875548
0.77588314
0.76545566
0.87419599
0.80593473
0.74280363
0.80315483
0.81430572
0.8347708
0.89689225
0.7133171
0.8694874
0.68109316
0.71004987
0.55738068
0.64743847
0.67388231
0.73325354
0.75704134
0.73284155
0.59543353
0.70465297
0.7110821
0.83756214
0.66903669
0.75639433
0.63571805
0.53561229
0.49745715
0.63147444
0.72503358
0.5864886
0.58389729
0.58302742
0.80522507
0.68044358
0.60572422
0.53449351
0.66897756
0.66580349
0.50681323
0.70372987
0.53604192
0.66489619
0.76045197
""
0.70245415
0.46766782
0.70816934
0.60686105
0.64703685
0.71536565
0.39721695
0.76216227
0.69714063
0.62258887
0.72217476
0.76812875
0.7592234
0.65286183
0.63657403
0.58492392
0.54906428
0.63212079
0.61149478
0.56232369
0.54354364
0.69791663
0.64680618
0.75549704
0.75876379
0.63653481
0.6629644
0.76473969
0.71712828
0.59106356
0.69461924
0.52286088
0.56874377
0.55584753
0.60314631
0.55774152
0.5612635
0.57116634
0.56479686
0.54523379
0.56568456
0.72778505
0.65260589
0.5965054
0.57629383
0.61812061
0.6370126
0.66506326
0.53406042
0.67139566
0.66335255
0.58951426
0.54788208
0.65847218
0.56130165
0.53100652
0.72866845
0.69717085
0.62178445
0.61996883
0.59224749
0.63623363
0.70109719
0.76541847
0.57375681
0.5699302
0.39426565
0.61569721
0.65881276
0.62994218
0.87338293
0.7588287
0.6864897
0.70967686
0.67422062
0.79049808
0.70205849
0.68590552
0.73397613
0.64876747
0.72971338
0.7326504
0.72333401
0.43881574
0.60458565
0.55003887
0.56647962
0.70367402
0.53260058
0.57128859
0.55900836
0.55907816
0.49293438
0.69142163
0.37613815
0.57184112
0.59233475
0.58368278
0.5567649
0.49192843
0.58049953
0.53761965
0.51033467
0.52316988
0.46580857
0.42725968
0.54437196
0.55038762
0.56849235
0.56257617
0.46678478
0.48231637
0.60001457
0.58524007
0.68543702
0.49865308
0.78796387
0.75058299
0.72691256
0.83200926
0.73227
0.83683902
0.85391533
0.74951923
0.79878336
0.87068254
0.82786119
0.58489442
0.73959476
0.76714897
0.8321923
0.81298029
0.57242256
0.82180291
0.84931016
0.73377293
0.83258611
0.8223719
0.61361241
0.70794702
0.86226165
0.71697378
0.75534374
0.74175769
0.76980704
0.77642095
0.72338527
0.74445593
0.67182821
0.80710959
0.83419311
0.86791015
0.74618286
0.69830871
0.57491595
0.67970991
0.78459501
0.82854825
0.87448746
0.77218074
0.82071239
0.70955914
0.68624181
0.63888198
0.76705766
0.62336516
0.8153863
0.75292909
0.70887637
0.77956665
0.82039887
0.74514973
0.82685596
0.90791625
0.82287323
0.73896009
0.77356511
0.82822227
0.8282758
0.77216017
0.53892118
0.77778232
0.71907353
0.85838324
0.68347955
0.74902272
0.75818902
0.75372696
0.63229048
""
0.70960313
0.78596503
0.67549044
0.70123631
0.84283376
0.76737809
0.78882951
0.83025736
0.81437665
0.82686615
0.80635405
0.71372068
0.60395771
0.65748191
0.80934346
0.77877659
0.79854935
0.76986974
0.81317854
0.82571977
0.6169613
0.85407031
0.59700447
0.82529306
0.80338615
0.79934621
0.8435232
0.86817145
0.50463384
0.93667001
0.8846947
0.72368085
0.85971528
0.82179999
0.70186347
0.87134576
0.81055373
0.86685956
0.79957145
0.48950291
0.63638407
0.55103999
0.60690862
0.82367289
0.72450429
0.61121523
0.61927176
0.36844277
0.57514566
0.53677458
0.64988166
0.77969986
0.6087712
0.66474658
0.73930007
0.84853655
0.63287342
0.80195493
0.8470856
0.86691678
0.77593732
0.80995774
0.71936464
0.68900657
0.82614768
0.81380016
0.78869545
0.787678
0.87886035
0.90323979
0.75941312
0.65800494
0.71634465
0.71777511
0.75473803
0.72066897
0.75015688
0.75048697
0.59530669
0.72114027
0.71964926
""
0.72443128
0.83514869
0.7493065
0.83514822
0.66484076
0.70358777
0.73819381
0.74998415
0.77723932
0.82989818
0.80310333
0.79845828
0.69681281
0.63114172
0.728064
0.76716775
0.77830088
0.78297651
0.73432201
0.72958827
0.6120711
0.53974718
0.73939079
0.6784575
0.70670962
0.61917877
0.57381243
0.6064744
0.58104819
0.6724872
0.68565929
0.77324438
0.80654538
0.76197475
0.65053165
0.79764622
0.66687828
0.69986176
0.64716691
0.60499477
0.57724953
0.55686498
0.62632579
0.62819707
0.59394032
0.64926702
0.62899852
0.67574525
0.85190499
0.67770976
0.82549542
0.77883935
0.76785797
0.86397523
0.82087886
0.62962204
0.541013
0.61626494
0.58764422
0.58482105
0.61057693
0.8007611
0.75358832
0.74851125
0.73641855
0.72744632
0.70408738
0.69566023
0.72385412
""
0.85474676
0.85854053
0.52772725
0.81236482
0.76140696
0.56239015
0.76689762
0.77948117
0.71364254
0.70830363
0.70569581
0.75737542
0.69907928
0.68020952
0.71405095
0.68755275
0.6430127
0.72877413
0.77239776
0.77337134
0.77911884
0.75227499
0.67630655
0.78291893
0.8107537
0.7890656
0.67703164
0.79011345
0.69913739
0.67120177
0.6591416
0.73555785
0.929479
0.56515604
0.6479705
0.6976797
0.74323058
0.60294294
0.65801263
0.78256482
0.70574296
0.76019311
0.53279239
0.78439558
0.71893978
0.59445745
0.58526558
0.70616382
0.66814691
0.89215159
0.73037434
0.76094633
0.68638867
0.70950651
0.66908991
0.66896045
0.71119583
0.72096562
0.56677139
0.71156716
0.68651903
0.64304346
0.55200332
0.62325203
0.58555722
0.59855646
0.65579587
0.60425949
0.7166515
0.61265934
0.77158248
0.67087114
0.66838318
0.6865133
0.72287101
0.72444087
0.75333226
0.74742663
0.76091027
0.63322562
0.68023139
0.7330749
0.74976319
0.82249731
0.80711097
0.85193849
0.76665664
0.86493653
0.80299336
0.84158379
0.88009
0.57957715
""
0.38215262
""
0.60128778
""
""
0.40358287
0.40904227
0.49678835
0.59402734
""
""
0.65945816
0.52022696
0.24672566
0.59889179
0.58420962
0.68834513
""
""
0.66680115
0.63382286
0.89735246
0.50251955
""
""
""
""
0.8389684
0.87058312
0.75547409
0.88919926
0.8779251
0.99655902
0.87011904
0.859837
0.84077549
""
""
0.75321877
0.90020132
0.80540252
0.81218451
0.84407675
0.87291616
0.92872357
0.94548708
0.88783437
0.8408072
0.87389165
0.82785195
0.92485785
0.90612656
0.40753421
""
0.80427957
""
0.82796299
0.89720207
0.93060321
0.76073229
0.88323361
""
0.7870658
0.9157443
""
""
""
""
""
""
""
""
0.75000232
0.78020537
""
""
""
""
""
""
""
""
1.0194318
""
""
""
""
""
""
""
""
""
""
""
""
0.8282463
0.75713283
0.83920854
""
""
""
""
""
""
""
""
""
""
""
""
""
""
0.79363501
""
""
""
""
""
""
""
""
0.4274002
""
""
""
0.78715509
0.70176238
0.66879559
0.83332038
0.87731278
""
""
""
""
""
0.85126221
0.83330429
0.89313769
""
""
""
""
""
""
""
""
""
""
0.92223793
0.89183342
0.88226104
0.88751113
""
""
""
""
""
""
""
""
""
""
""
""
""
""
""
""
""
""
0.85885453
0.77407026
0.786699
0.86284643
0.86317134
0.88361168
0.8803336
0.90312183
0.88629615
0.85533088
0.89007175
0.89966649
0.87171435
0.80491084
0.93461412
0.6069774
""
""
""
""
""
""
""
""
""
0.56176364
0.89114308
""
0.88832122
0.81130785
0.73709148
0.92941761
0.85076737
0.84147179
0.84104967
0.79349136
0.85226643
0.8344236
1.0127004
0.86954737
0.43316355
0.47390229
0.62748647
0.57452399
0.77712625
""
0.77327436
""
0.79139686
0.52504939
""
""
""
""
""
""
""
""
""
0.83700913
0.78322798
0.77032405
""
""
""
""
""
""
""
""
""
""
""
""
0.79104227
0.76950181
0.40355438
0.77573091
0.82932031
0.70534718
0.86574268
0.79461056
""
""
""
""
""
""
""
""
""
""
""
0.81875747
0.87881202
0.91066194
0.76346493
0.85012811
0.78119314
0.94122058
0.93057251
0.87256491
0.8410129
0.8716529
0.86386037
0.82748729
0.85424823
0.83691037
0.85552901
0.86755586
0.86398685
0.89575243
0.85913849
0.83010411
0.85237765
0.7732594
0.84109664
0.84189016
0.87636316
0.82387829
0.78501624
0.85367602
0.89418894
0.86824703
0.93323129
0.87521988
0.92076284
0.8392036
0.90272737
0.89588439
0.85147709
0.90576929
0.837816
0.88512772
0.90355402
0.84699541
0.8634451
0.93580925
0.81706429
0.80034345
0.86334324
0.78568298
0.81670487
0.80849212
0.86794358
0.81088895
0.89700598
0.97642934
0.85661763
0.89592731
0.84574419
0.81122082
0.85509449
0.88382846
0.86147207
0.88894516
0.8841446
0.90204906
0.79370809
0.92033291
0.86037403
0.88944536
0.82655406
0.86971855
0.82353902
0.88125688
0.82787299
0.78902125
0.87274522
0.76967108
0.85285717
0.86743557
0.8913365
0.9218204
0.86759979
0.86711806
0.85513955
""
0.86884284
0.77846718
""
0.42406631
""
0.80646819
0.92494673
0.56326455
""
""
0.78303248
0.89240545
0.82246816
0.93015593
0.84516203
""
0.81594533
0.6356132
0.62959528
0.59433198
0.68983871
""
0.85006166
""
""
""
""
""
""
""
""
""
""
0.62575591
0.62050045
0.56300938
0.65575975
0.70356303
0.70177639
""
0.60480005
0.54030764
0.52526724
0.53375733
0.51654381
0.46560535
0.56367648
0.70092338
0.71524531
0.52005792
0.53116345
0.59779072
0.60203689
0.48059747
0.52861542
0.52814817
0.60548359
0.51174432
0.58291328
0.75408769
0.74580449
0.64935267
0.74665564
0.63812274
0.72737581
0.63677746
0.67688918
0.75590587
0.75648254
0.73489314
0.70802325
0.73333621
0.68837517
0.53428209
0.80371964
0.73252743
0.74969459
0.79118478
0.70159239
0.79604709
0.84514034
0.7571581
0.62075573
0.6926648
0.57163167
0.63381571
0.61105406
0.68474829
0.64214534
0.69096726
0.6680997
0.66285849
0.77083236
0.67436457
0.76979166
0.7717337
0.61299884
0.68366975
0.67768258
0.67919099
0.67702746
0.70691079
0.63964248
""
0.68736875
0.62577736
0.74426162
0.64741665
0.6516223
0.66646409
0.68337703
0.66987878
0.58041948
0.61473906
0.56432527
0.70000428
0.67885506
0.66007537
0.71296406
0.73859608
0.68412077
0.61729318
0.75089329
0.72601056
0.52039027
0.67287952
0.50108486
0.63085932
0.58485395
0.63312656
0.61744905
0.55315524
0.58224916
0.52245641
0.49657008
0.60967314
0.50776803
0.48598635
0.58687782
0.70144236
0.57047945
0.65406758
0.59744078
0.52286536
0.63898522
0.42154789
0.62017077
0.57279485
0.73505408
0.71404612
0.54200429
0.65281248
0.71008694
0.44208869
0.50731057
""
""
""
0.70939952
0.71238565
0.63992542
0.67369008
0.62670845
0.5758518
0.63212448
0.7323966
0.60923523
0.59056938
0.65262967
0.66314006
0.67226219
0.69025922
0.71609813
0.70588547
0.73980033
0.69061464
0.73006696
0.68850839
0.61861861
0.63564265
0.51717329
0.61466396
0.57050729
0.69316
0.66093856
0.53693998
0.64184505
0.84311628
0.72860873
0.87287229
0.79201728
0.82556909
0.73668456
0.77390265
0.86160505
0.75102395
0.79241145
0.8411786
0.68592864
0.82978278
0.74278027
0.85048568
0.82155156
0.80300814
0.7635048
0.80694211
0.65688592
0.72654521
0.64627635
0.73101526
0.8267948
0.80509335
0.77105826
0.65855831
0.73868859
0.83940822
0.83463931
0.80483681
0.86038977
0.80574858
0.67579877
0.83580351
0.7943452
0.81455827
0.84537882
0.76702785
0.84604353
0.76954985
0.80860412
0.8338083
0.78330052
0.88888985
0.80831742
0.85333884
0.81895381
0.73521781
0.77495754
0.75047088
0.74106795
0.7126385
0.81881613
0.60209274
0.81624871
0.79619265
0.80041969
0.78088361
0.53331423
0.43379289
0.72187185
0.71274322
0.62579751
0.6798026
0.58833063
0.61077666
0.73618937
0.66560787
0.55199099
0.70380247
0.59768713
0.64136791
0.73605549
0.81365538
0.8352136
0.82159251
0.86723047
0.85001695
0.81179821
0.76860166
0.73348707
0.82267612
0.80379587
0.80757415
0.79508746
0.86434245
0.83065993
0.72201693
0.85143381
0.82329994
0.76476949
0.65872788
0.78094125
0.80745637
0.76680619
0.75452769
0.65869063
0.6125043
0.6680215
0.79323846
0.82155448
0.72461307
0.78903913
0.81386268
0.82636309
0.8538307
0.72244322
0.83856249
0.79031795
0.79582638
0.83431864
0.77555305
0.7979961
0.84462279
0.76177883
0.78710335
0.77823645
0.75232047
0.74498326
0.75941604
0.65023053
0.66582078
0.77038741
0.76884747
0.64869869
0.72426099
0.8193441
0.68413311
0.66578054
0.78950846
0.68666303
0.76130778
0.83572495
0.76727021
0.74667591
0.85747695
0.76953948
0.78574556
0.84764075
0.72834605
0.84271306
0.81958264
0.80604053
0.80153495
0.7498678
0.84986436
0.93906862
0.7009486
0.75469697
0.87548089
0.8237229
0.8311395
0.8336857
0.74685252
0.85768872
0.79375935
0.70144331
0.67084706
0.79293835
0.69400519
0.83877885
0.85547608
0.73526329
0.80833852
0.82684058
0.80781269
0.73039079
0.72726256
0.75985754
0.65170288
0.61700714
0.81408787
0.63607413
0.5950765
0.67143911
0.65662426
0.69085854
0.64266509
0.75880837
0.88202929
0.82790577
0.74218476
0.8230955
0.76482153
0.79391551
0.53365165
0.79193479
0.88491076
""
0.80441236
0.74239779
0.7071892
0.80150414
0.8218624
0.76491278
0.69540942
0.65962756
0.59365886
0.68454581
0.62238306
0.68941867
0.68610883
0.5407818
0.64402509
0.70749378
0.7220872
0.79033613
0.82530504
0.78938556
0.75538564
0.72813034
0.66630763
0.79269379
0.82220274
0.79400009
0.85964304
0.78591484
0.81745118
0.81148815
0.80533904
0.77171117
0.82172155
0.84294707
0.81300271
0.67084968
0.74098557
0.75623238
0.83670068
0.82605916
0.64992094
0.76258761
0.82669663
0.7586208
0.73964459
0.84412658
0.75041461
0.74737483
0.76487887
0.73576117
0.70043772
0.75876474
0.73298258
0.76336551
0.75282454
0.73669672
0.69795883
0.66932571
0.71300739
0.749138
0.59148312
0.76600164
0.78054225
0.80774474
0.76153159
0.68800527
0.76105595
0.79278165
0.79532576
0.85583246
0.7760427
0.79464591
0.67933363
0.71639317
0.60151184
0.74131858
0.78416908
0.79647171
0.71695113
0.70717317
0.64974791
0.66093141
0.69231254
0.60214138
0.8434422
0.78470349
0.85311502
0.85424131
0.81250858
0.87494886
0.78688538
0.7876538
0.79295248
0.8286401
0.85697705
0.86540759
0.80717546
0.7926656
0.7286616
0.7957443
0.78821844
0.83759296
0.79417312
0.78213423
0.74005866
0.67333335
0.67469245
0.58708149
0.83857787
0.74070925
0.84919667
0.72801614
0.78534275
0.79314327
0.77732146
0.81685799
0.82932532
0.82918495
0.81848252
0.76879382
0.82183158
0.83041751
0.82919526
0.79910851
0.7358458
0.67332751
0.78553057
0.79900938
0.63794512
""
0.74623907
0.6136235
0.69436848
0.41025245
0.76733607
0.55440348
0.57976121
0.62805051
0.71649981
0.69472361
0.66366667
0.55396277
0.66509664
0.74961239
0.68161565
0.48850843
0.73102367
0.69664812
0.77007842
0.8599813
0.79674596
0.76836157
0.93434238
0.78180987
0.91553497
0.7628215
""
""
""
""
0.72572547
0.84557366
0.93956095
0.85733992
""
0.80113286
0.69560808
0.75935036
0.82147658
0.83190674
0.89571726
0.71950734
0.8503955
0.83871961
0.71096325
0.84258437
0.76929158
0.77800548
0.74699491
0.9132778
0.86394012
0.85700619
0.90092808
0.62178946
0.61015362
0.56576341
0.44017485
0.6462453
0.62416691
0.26024145
0.76204789
0.79050171
0.79678506
0.87867826
0.82491875
0.87353885
0.84798789
0.80357522
0.82283908
0.81927341
0.81391197
0.84935772
0.92543131
0.84801316
0.81273943
0.7865842
0.86424547
0.73087078
0.77444559
0.74693048
0.72131574
0.70686525
0.76461595
0.75617802
0.80698633
0.82521111
0.88635337
0.69941097
0.73618907
0.80273551
0.8272137
0.87668139
0.83168066
0.83276898
0.84000188
0.86198282
0.8478424
0.59351277
0.77420509
0.72690308
0.69889647
0.74368435
0.73600864
0.77010423
0.70806634
0.72081518
0.71584958
0.71732086
0.74930489
0.76280242
0.72776306
0.63386303
0.69314402
0.69807261
0.78458738
0.81479883
0.72454149
0.71240592
0.79465824
0.84271342
0.87761933
0.77094615
0.68926322
0.65433615
0.80300224
0.68394017
0.78590482
0.81861705
0.8236233
0.83305973
0.85447806
0.68346494
0.84780699
0.87474388
0.86699408
0.79637003
0.82900566
0.77603292
0.873357
0.82226968
0.939542
0.77442843
0.80639511
0.64853078
0.81800795
0.74097753
0.88247955
0.84160572
0.8294813
0.85345042
0.65773755
0.8098982
0.68458962
0.67125356
0.73356003
0.62618643
0.79761934
0.68865252
0.8470431
0.75161421
0.62742037
0.72625738
0.66875327
""
0.68232596
0.75361508
0.74336076
0.72928429
0.6854071
0.64102632
0.60855991
0.76352245
0.74569649
0.73823786
0.65611464
0.66078645
0.68785614
0.66048467
0.56730711
0.63659793
0.75820762
0.69372892
0.68117309
0.68897575
0.65706563
0.66134268
0.70645928
0.39956951
0.66726488
0.68783545
0.69970632
0.79987186
0.83556682
0.84825873
0.75791687
0.82336318
0.79604965
0.62144715
0.77446562
0.83353406
0.77227342
0.7389276
0.6294322
0.61796194
0.68136913
0.70444047
0.70912158
0.61935717
0.63167131
0.78857219
0.69936413
0.83246773
0.81630421
0.74967629
0.77519447
0.47671694
0.5091126
0.55869293
0.59228891
0.65091842
0.59463787
0.73610127
0.58687615
0.76367784
0.58509743
0.67056799
0.61435336
0.63115782
0.65966713
0.56407177
""
0.49329209
0.59718108
0.52067447
0.84049082
0.86459458
0.8825438
0.70054477
0.74093312
0.80962378
0.66674244
0.78470021
0.82693225
0.75587374
0.820939
0.79320186
0.85116112
0.85469836
0.76370859
0.78368074
0.76855749
0.74711156
0.81829482
0.8526659
0.78285223
0.68378818
0.64403409
0.70147818
0.89496273
0.79885614
0.86742014
0.84257203
0.84577858
0.83753419
0.88971698
0.86325949
0.91568023
0.69565552
0.75625449
0.80723113
0.82378083
0.52319175
0.48063156
0.76256847
0.61608058
0.54459405
0.6355145
0.54553449
0.55090439
0.45723197
""
0.70951468
0.55180925
0.38602316
""
0.55658966
0.6313113
0.53642553
0.62146628
0.42050508
0.59582347
0.36534414
0.48897555
0.44537896
0.34997296
0.51689464
0.45088804
0.2477777
""
0.79968768
0.71797585
0.60655677
0.70209253
0.48122415
0.56813401
0.49996424
0.51208496
0.37420657
0.39776742
0.56061584
0.45580432
0.55603427
0.50281978
0.39421576
0.431714
0.49315977
0.37667343
0.32933402
0.4789035
0.27924934
0.38253301
0.73004669
0.83402258
0.80481666
0.85670918
0.8367691
0.79160202
0.81654465
0.59379923
0.53040582
0.76483393
0.79810321
0.68439919
0.72425318
0.76733905
0.74010193
0.71247029
0.73071873
0.81648874
0.6797241
0.75817025
0.71640939
0.74474323
0.67880172
0.71093005
0.73639667
0.7076776
0.670596
0.67244214
0.73995072
0.76574445
0.48246947
0.55396944
0.71845263
0.75306284
0.73532838
0.69531411
0.66698611
0.66561389
0.72358191
0.6237843
0.75074351
0.81070578
0.7604081
0.75202727
""
0.79116762
0.77983707
0.71669143
0.25016364
0.4526228
0.94067848
0.63409555
""
""
""
""
""
""
""
0.72250271
0.73188376
0.69954991
0.7352066
0.84369761
0.73198676
0.75898159
0.69693166
0.76751447
0.64259607
0.60803479
0.54561585
0.76414132
""
0.85415053
0.67444718
0.69870102
0.71981806
0.63798159
0.67864704
0.68842912
0.65072393
0.78813678
0.47502476
0.76502311
0.75674033
0.717785
0.72351241
0.66458541
0.64385855
0.78070521
0.64829642
0.73996317
0.57072777
0.65877491
0.6366697
0.68369699
0.64565074
0.60362041
0.65543246
0.56280535
0.56725639
0.83938801
0.81315571
0.69526368
0.77212447
0.84101123
0.61871827
0.44903249
""
""
0.64210904
0.68868738
0.63728875
0.46351096
0.55888456
0.68264592
0.62153095
0.67755449
0.55005038
0.67971319
0.6734969
0.7025286
0.57285875
0.67595047
0.79760551
0.73110247
0.77983505
""
""
""
0.70780092
0.65758878
0.86776811
0.80753046
0.78209311
0.74042809
0.78345954
0.74810004
0.73681849
0.7399931
0.86412799
0.85968047
0.88118631
0.76660776
0.84687334
0.86152828
0.70638925
0.70540905
0.79223478
0.81340182
0.68750805
0.81964153
0.82043153
0.67049348
0.83574212
0.70170534
0.68874413
0.53873897
0.66453928
0.62959558
0.74472362
0.68723309
0.46575513
0.61203831
0.61999756
0.63940233
0.5510639
0.62663192
0.53051752
0.63939804
0.77295148
0.55796754
0.58285552
0.59073013
0.5027228
0.60626757
0.38025114
0.47973931
0.86472327
0.56216365
0.77560145
0.64675331
0.66193706
0.58998173
0.68014318
0.73053187
0.62940019
0.68006688
0.7278415
0.67900783
0.65284306
0.64061147
0.5469746
""
0.67310351
0.84283835
0.65490007
0.60592943
0.76666123
0.69975138
0.76638019
0.80641425
0.75082457
0.65765113
0.80801648
0.72095591
0.7091769
0.84081233
0.7544384
0.61409187
0.66619074
0.7688958
0.83570921
0.72382033
0.67294502
0.74337751
0.60711068
0.66346902
0.69989192
0.67578614
0.59778368
0.73240107
0.73779112
0.66724122
0.6258657
0.68857002
0.60198921
0.68750954
0.71820158
0.71126431
0.65757513
0.7134915
0.53728718
0.59632874
0.67940545
0.77804732
0.7390371
0.71184671
0.77577144
0.67339891
""
0.63557607
0.68522596
0.65817958
0.71163696
0.55168504
0.60372382
0.50370145
0.66122025
0.83533216
0.72295201
0.78530163
0.6346249
""
""
""
0.5236274
0.62345767
0.58542359
0.64132279
0.56422234
0.68669659
0.79658347
0.71289909
0.77482808
0.70797986
0.77302909
0.78975004
0.73195422
0.87043679
0.68913329
0.70298797
0.74022794
0.8169564
0.67990094
0.74884993
0.70160526
""
0.87301767
0.72904921
0.66907376
0.61208165
0.54275537
0.78888375
0.63940686
0.5197078
0.33601677
0.44063365
0.38902044
0.66797119
0.63994187
0.92940038
0.64123505
0.53503102
0.47083628
0.67373085
""
""
0.597462
0.51793969
0.59812242
0.63987201
0.47081462
0.58679676
0.51228112
0.58139229
0.58873242
0.6392507
""
0.74584061
0.69806761
0.63697982
0.6813435
0.65899342
0.60483634
0.63014472
0.62319791
0.61628783
0.53860033
0.7831611
0.76308411
0.85536224
0.72597581
0.91965091
0.73084158
0.83041435
0.77048928
0.81623304
0.82746756
0.83771688
0.77098179
0.77060509
0.82080334
0.74948919
0.71780396
0.74764335
0.64377272
0.66785169
0.65539676
0.6974532
0.55138707
0.62008691
0.60239559
0.6877085
0.71257275
0.52050751
0.5746606
0.68184793
0.6995613
0.67968619
0.69327611
0.62280267
0.50998122
0.48398304
0.61135918
0.62481534
0.63241243
0.76325929
0.71911591
0.77805597
0.69072735
0.69904995
0.6762014
0.69779974
0.65106517
0.8913002
0.54800522
0.7080546
0.75978303
0.7505877
0.66896677
0.74766201
0.60118634
0.63688058
0.7513665
0.74382585
0.80095142
0.76000816
0.83208585
0.85754448
0.79380834
0.80807197
0.89139152
0.66225344
0.79754943
0.79036862
0.78741878
0.77878755
0.76034099
0.768103
0.81288558
0.68570566
0.73945516
0.76827139
0.82777417
0.81829268
0.77647358
0.8454082
0.91700035
0.76794553
0.61851758
0.85585886
0.85064983
0.74653167
0.83881432
0.76989359
0.54829341
0.58855659
0.64867663
0.76320904
0.75353187
0.72299498
0.75722671
0.74635506
0.73762959
0.77723306
0.80477136
0.55587322
0.5721972
0.55645144
0.56053042
""
0.80887711
0.56248045
0.67531091
0.81867903
0.77689123
0.60863632
0.8133859
0.647174
0.57563919
0.57270479
0.63661969
0.59697127
0.60479432
0.6359266
0.56607103
0.4928109
0.58035553
0.62037295
0.50017548
0.65824586
0.56254417
0.51546997
0.64158154
0.72947627
0.62993312
0.58913279
0.64000547
0.58408982
0.6781534
0.63392049
0.55029142
0.71706372
0.6946131
0.61120671
0.67262256
0.70864064
0.72647023
0.57348609
0.69703466
0.65121323
0.66787404
0.56730181
0.6999445
0.70340735
0.57643527
0.63078064
0.51170832
0.47171715
0.59718645
0.6598748
0.73148566
0.3515794
0.67182958
0.77128839
0.56024396
0.66759294
0.64286643
0.83213687
0.77705479
0.56865489
0.67796838
0.74622178
0.71218449
0.77514666
0.74957782
0.79756731
0.86704129
0.87513387
0.84411919
0.87196851
""
0.62858146
0.64274621
0.7632041
0.61123908
0.63189763
0.76254171
0.73526788
0.76337039
0.52233934
0.60042125
0.53888321
0.66718042
0.74699259
0.6707058
0.61555266
0.62732303
0.58593905
0.61471659
0.48890954
0.863612
0.7052179
0.77944213
0.78329003
0.7971893
0.72177202
0.71297252
0.71970856
0.60285342
0.81471133
0.82316941
0.69098145
0.75510567
0.69629055
0.75792807
0.80631697
0.80069083
0.68615788
0.8351739
0.78976268
0.68838519
0.91223723
0.62377733
0.79985523
0.73601717
0.74451399
0.74400669
0.69919294
0.77962273
0.83392519
0.66469461
0.58188504
0.63627476
0.59339285
0.72605819
""
""
0.75178933
0.67817235
0.66511393
0.71929014
0.75109774
0.64275396
0.75374579
0.63284439
0.69093013
0.670129
0.59698427
0.82692748
0.75425863
0.75124031
0.83106273
0.8500098
0.70517004
0.75244772
0.77493876
0.821603
0.97092873
0.83534628
0.77326161
0.78107226
0.78384042
0.79233217
0.76792878
0.90180743
0.76364338
0.79159135
0.85326791
0.75610167
0.75857317
0.82498568
0.81509936
0.70785242
0.75543588
0.6822893
0.70716679
0.72146201
0.75572753
0.50207925
0.67673331
0.6631332
0.75280219
0.74046522
0.77155149
0.69975704
0.61205304
0.73853326
0.67009079
0.6540634
0.66059619
0.53837281
0.65313935
0.55875552
0.7435832
0.61874378
0.55861217
0.5285545
0.64302701
0.6832847
0.60108876
0.71666783
0.70416242
0.77399075
0.82229406
0.715289
0.79073393
0.84122503
0.73700356
0.82437032
0.74878627
""
0.68232888
0.63062334
0.53383958
0.76149982
0.59709692
0.83088148
0.6175155
0.73513955
0.5700376
0.65734565
0.83607829
0.80730438
0.5843907
0.48710611
0.71657461
0.69588417
0.56684798
0.60050154
0.7890135
0.83299577
0.68552291
0.71561217
0.66922724
0.94457674
0.74963278
0.6323244
0.7906515
0.83245355
0.77295476
0.74231434
0.82765198
0.83235121
0.68308192
0.66539663
0.75462544
0.73564875
0.80110282
0.76355815
0.79276836
0.74418563
0.8084442
0.56766176
0.58608866
0.52579629
0.43313479
0.6439963
0.65687001
0.62775397
0.52016163
0.56655169
0.52019465
""
""
""
0.55629456
0.77032363
0.69607526
0.66539973
0.82260603
0.73371857
0.67207098
0.75649965
0.81595057
0.84752506
0.76830626
0.85495639
0.83874029
0.93188804
0.82288617
0.82038242
0.80644614
0.84369427
0.74852258
0.7905519
0.86621302
0.82991683
0.74929076
0.75871992
0.81777233
0.90466762
0.85692769
0.84768575
0.66812217
0.71102923
0.76082212
""
0.47297335
0.63959557
0.46506262
""
0.49413565
""
0.66143376
""
0.70228946
0.81026232
""
""
0.6804027
0.52561939
""
""
0.57466722
0.77945912
0.57288587
0.59139055
0.54958427
0.6324386
0.73973656
0.72298437
0.55960149
0.79789436
""
0.45417148
0.80637228
0.53038025
0.55334777
0.74485224
0.67696232
0.56894094
0.63327718
0.69577122
0.65839213
0.52005213
0.64306909
0.56277525
0.51791495
""
0.66360855
0.79819739
0.57878566
0.62176067
0.41908005
0.48407757
""
0.72572744
""
""
""
0.78693944
0.58099121
0.46165562
""
""
""
0.65291846
0.69182956
0.54417998
0.44702211
0.57190084
0.53773308
0.56535321
0.67007565
0.68558848
0.55364984
0.58218151
0.56488264
0.54531085
0.49772802
0.52527249
0.64769685
0.51312357
0.58620131
0.51487094
""
0.50672823
0.67103702
0.63897812
0.73938358
0.66527021
0.75919515
""
""
0.65978765
0.6210804
0.82208514
0.72100991
""
0.66209245
0.65625513
0.73061025
0.77731329
0.71621859
0.5197227
0.83971322
""
0.61945856
0.64352667
0.69455683
0.64147747
0.72984445
""
""
""
0.63510406
0.46325281
0.56722778
0.60645354
0.50575525
0.70994735
0.73638642
0.63804477
0.72114527
0.80446494
0.73242104
0.74907893
0.78920478
0.80745655
0.69785088
0.62676084
0.69824857
0.63761842
0.62555563
0.69218886
0.60612768
0.57716006
0.69200599
0.69372785
0.72006112
0.79469615
0.81470984
0.86524469
0.74875402
0.77424139
0.73838747
0.78557462
0.73757827
0.70042706
0.68177247
0.72361398
0.74582356
0.63480312
0.72198713
0.70255685
0.75114471
0.69569904
0.66613901
0.63587487
0.68960869
0.58076161
0.65448427
0.75678825
0.73351717
0.69554794
0.70694602
0.63645333
0.71256655
0.68952447
0.72243828
0.79091698
0.70921618
0.78394109
0.46008673
0.40702191
0.54390204
0.39339876
0.59760773
0.71769315
0.69412118
0.60447615
0.60791802
0.63558066
0.50513858
0.66389436
0.52085251
""
0.81991637
0.59782821
0.48043156
0.51421732
0.63831478
0.5562458
0.67511261
0.66300857
0.55566943
0.71644962
0.68898594
0.76555014
0.79732007
0.79746115
0.62891638
0.71472007
0.87266779
0.84296072
0.72463554
0.71909982
0.87305242
0.73455793
0.72841895
0.89073926
0.61745042
0.6863904
""
0.84327906
0.67194086
0.82222062
0.80709982
""
0.83871746
0.87535638
0.53863496
0.57479632
0.63176811
0.60832071
0.70088607
0.7091589
0.75637752
0.64108837
0.62176639
0.65057647
0.64601374
0.6590085
0.72897828
0.53305238
0.60748535
0.73799837
0.75319195
0.69416332
0.69664675
0.75525451
0.74772298
0.77499592
0.6022588
0.78469282
0.81224787
0.72182429
0.61850953
0.75756592
0.6734969
0.65526003
0.77126837
0.73779786
0.70641255
0.66018397
0.64658248
0.79523754
0.76508492
0.74912643
0.73428643
0.48386252
0.43082553
0.43102163
0.46578479
0.47259513
0.4000653
0.32015523
""
0.38699481
0.45261294
0.43168506
0.52286267
0.48484528
0.42818034
0.44136816
0.43350241
0.38790807
0.44239616
0.53225183
0.55444944
0.48810729
0.48069128
0.46478304
0.54833013
0.59431434
0.38093022
0.45648801
""
0.61326122
0.60728824
0.36831099
0.57596725
0.27629438
0.5492003
0.4297812
0.45413655
0.60178667
0.49038446
0.56388307
0.53266072
0.39472669
0.47133872
0.62177473
0.53702241
0.54167622
0.45309761
""
0.52472699
0.50161111
0.50490171
0.45108283
0.42468485
0.40057218
0.54185265
0.27711961
0.45338628
0.49585149
0.4607861
""
0.53693312
0.38285598
0.52640462
0.69111449
0.45218346
0.45106965
0.48538792
0.38059509
0.38966137
0.37511975
0.46221182
0.33025783
0.45046848
0.55351925
0.51035905
0.28538418
0.55704546
0.42651197
0.37275308
0.39602381
0.53194726
0.46974218
0.41442594
0.35006383
0.30314773
0.30978274
""
""
0.31653017
0.41060048
0.51301348
0.52088511
0.44111609
0.37548968
0.41240677
0.58712059
0.58565038
0.4682501
0.54623693
0.53830922
0.62157303
0.58398873
0.73122585
0.66646838
0.66426337
0.62113136
0.66608882
0.73319668
0.74149036
0.70236933
0.61937577
""
0.52378649
0.66993588
0.66954589
0.42585576
0.48458892
0.48733956
0.59673709
0.55607694
0.60924113
0.5613519
0.39013815
0.39418295
0.75456631
0.70889759
0.70012438
0.75565052
0.69433105
0.66605395
0.65352452
0.67170167
0.69225383
0.69451451
0.62216377
0.68311423
0.75177711
0.82959378
0.75173551
0.66056919
0.69878846
0.60919189
0.61286652
0.7312597
0.63454986
0.71191239
0.5857442
0.61284554
0.65656185
0.63061279
0.55857241
0.53853124
0.64654064
0.61497658
0.60983878
0.72825384
0.71195912
0.69840211
0.68673462
0.44133994
0.696666
0.7844007
0.73414624
0.61004132
0.67184514
0.61548084
0.42795002
0.39304256
""
""
""
0.62616986
0.5410592
0.64981639
0.5483433
0.58009303
0.68196934
0.49205098
0.59748089
0.6084547
0.53742629
0.63704419
0.52789956
0.47975805
0.50759715
0.46180564
0.66577929
0.56374449
0.48029944
0.53097641
0.61663109
0.52715313
0.58705401
0.51196218
0.37402472
0.4093872
0.29031137
0.37638548
0.41323331
0.32910785
0.51763964
0.49995893
0.39669394
0.59923959
0.50261968
0.20504488
""
""
0.41996324
0.32994536
0.67372876
0.70005059
0.40991932
0.42741922
0.626625
0.30555239
0.36412537
0.40845141
0.394144
0.41937715
0.43486896
0.48855209
""
0.67950833
0.49812341
0.65948635
0.6971752
0.65720499
0.74848962
0.68875724
0.94398731
0.83578163
0.82286519
0.83621693
0.82309252
0.77708894
0.80489296
0.77325457
0.75182813
0.80734414
""
0.63967162
0.7408182
0.59991449
0.6877684
0.73636836
0.71133995
0.72711408
0.75759125
0.66763335
0.69235975
0.77049744
0.606282
0.69669908
0.71667659
0.59350485
0.67439336
0.62072748
0.8263827
0.78158289
0.65899891
0.78840971
0.75891179
0.81109416
0.66509229
0.73187351
0.830616
0.75159419
0.77971917
0.81861258
0.76729143
0.71038365
0.75830948
0.72545666
0.74962306
0.68316221
0.831873
0.75475478
0.80389667
0.75113708
0.82401389
0.82802057
0.77655447
0.7811591
""
0.57325369
0.55077696
0.80702168
0.73917985
0.59936881
0.54784834
0.81078702
0.78607827
0.71571928
0.72179276
0.72975928
0.69431925
0.61848927
0.76866037
0.6610806
0.66517967
0.70596212
0.79872864
0.81147754
0.8757484
0.68723428
0.66571152
0.82439709
0.76079559
0.8298406
0.80627358
0.77674961
0.83003598
0.81707203
0.81568652
0.70278186
0.76574224
0.79979765
0.61020154
0.60783994
0.61855042
0.53792846
0.5840655
0.54423034
0.56828696
""
0.69708973
0.76321286
0.7253226
0.7839874
0.7928794
0.76653117
0.80163598
0.80511183
0.66688192
0.84340262
0.79842412
0.88365173
0.82658863
0.75689828
0.86479032
0.70317507
0.82644796
0.74759287
0.80727315
0.81439024
0.81027687
0.77980387
0.6445446
0.84091139
0.67432159
0.66834122
0.62177449
0.55844456
0.66410768
0.77431262
0.62773186
0.70739758
0.69360328
0.60549492
0.68230426
0.69203722
0.68222588
0.6895684
0.56841463
0.66431534
0.8447777
0.76785177
0.7609356
0.85915005
0.75577664
0.79229772
0.73964894
0.75411832
0.73747903
0.68009633
0.72834039
0.63168043
0.61052799
0.63695568
0.72015315
0.6404959
0.67830074
0.71614718
0.61228174
""
0.76697642
0.67748505
0.64183056
0.6830495
0.63241112
0.60255027
0.55219817
0.68279254
0.67129737
0.75227302
0.70887458
0.66135335
0.57966948
0.55435878
0.63580084
0.68706274
0.50601554
0.73727304
0.71447748
0.81224597
0.81958675
0.81247133
0.81206125
0.77976024
0.84066528
0.75508231
0.71659368
0.86410618
0.7701382
0.88015765
0.78290004
0.77709466
0.78379166
0.70242351
0.73661393
0.8474527
0.78264999
0.77202326
0.75943434
0.76799321
0.54707271
0.81817204
0.81999737
0.80177939
0.7522378
0.83321589
0.90305191
0.84698874
0.78352231
0.77128333
0.71663231
""
0.77689761
0.78641498
0.9209727
0.8319295
0.86557347
0.8894372
0.70779902
""
0.80287045
0.80452496
0.71603894
0.8508603
0.69295603
0.66996109
""
""
""
""
""
""
""
""
""
0.7919938
0.80319911
0.75529492
0.71315473
0.81346405
0.67710584
0.82977504
0.7396127
0.78344655
0.72353363
0.70500511
0.76910448
0.73521388
0.78977996
0.75780386
0.75557142
0.75290126
0.7135781
0.71529609
0.67979765
0.68895072
0.74851161
0.62418687
0.63953203
0.78487635
0.69848055
0.68797499
0.68628889
0.75444555
0.8039692
0.75999951
0.92344809
0.6648621
0.86024952
0.77379864
0.81780326
0.84991473
0.76575178
0.81063867
""
0.70958906
0.5130868
0.64241034
0.73289496
0.75911313
0.50665313
0.72181731
0.81176794
0.80068052
0.77674806
0.84945816
0.44423088
0.56805652
0.66930413
0.67219818
0.62153798
0.49552342
0.82149035
0.67267853
0.56413287
0.61651987
0.7088508
0.77296203
0.72515112
0.71997958
0.57294893
0.67083269
0.64988816
0.74469382
0.60526174
0.63826978
0.68141127
0.6983766
0.60409307
0.60665083
0.72122419
0.74304777
0.6454857
0.68977267
0.65536368
0.76417309
0.59091496
0.80810952
0.77870464
0.76786613
0.77615196
0.69057381
0.63830453
0.81483835
0.71693152
0.83371484
0.76560897
0.67936552
0.73183137
0.75138098
0.75783825
0.69950241
0.64770937
0.69717604
0.77593076
0.72258067
0.60553092
0.80793428
""
""
0.77383399
0.62768096
0.67388827
0.74840051
0.62903875
0.68482214
0.67859095
0.62501746
0.63369739
0.68034333
0.69940501
0.60197204
0.64419079
0.6096983
0.55656815
0.68232697
0.64864022
0.68784833
0.61354661
0.54908115
0.65455019
0.54357427
0.61180913
0.59208214
0.60540557
0.70807648
0.7976194
0.73620576
0.66804254
0.6879642
0.72399253
0.70082378
0.7519322
0.79840279
0.74699295
0.74936152
0.76534599
0.61116219
0.73370367
0.65340376
0.68037271
0.8631981
0.67983097
0.59757102
0.76345986
0.69224983
0.74991053
0.69648558
0.65423554
0.67131239
0.63749027
0.70854855
0.70790619
0.66130596
0.63189369
0.76551777
0.64569175
0.7781685
0.58871347
0.69020593
0.67012978
0.55926651
0.68753672
0.6821059
0.72801906
0.67488801
0.58828169
0.64963466
0.64907616
0.60790354
0.58926404
0.70444083
0.65681058
0.70384985
0.85505265
0.72455329
0.75346732
0.79026449
0.6821841
0.76048756
0.76811117
0.80607551
0.7934292
0.79197049
0.75980294
0.80603606
0.82268316
0.73701108
0.78908944
0.89141607
0.8762331
0.61669338
0.58313042
0.82630873
0.6049509
0.71182805
0.69965792
0.71281052
0.6310699
0.6428113
0.74151886
0.77135748
0.80959237
0.5520637
0.74859083
0.63712299
0.58374822
""
0.7142095
0.62550795
0.87341553
0.63962948
0.88047212
0.67800885
0.61258936
0.80804825
0.65422547
0.76949167
""
0.84567034
0.74578434
0.77274621
0.7642436
0.77293879
0.62449068
0.7240237
0.59962171
0.61996764
0.70284086
0.65934145
0.7679863
0.75430143
0.7358169
0.80011731
0.74074048
0.78838915
0.79853112
0.78774679
0.82011288
0.79847693
0.75942653
0.79261392
0.69641364
0.74952978
0.64457983
0.75543845
0.69683194
0.74343491
0.73262775
0.82274711
0.80652392
0.74041712
0.82927328
0.77512878
0.85691142
0.64795411
0.88336903
0.76183498
0.62152177
0.68165731
0.68813717
0.67299646
0.69487506
0.66354895
0.69796097
0.71482933
0.67212319
0.62894964
0.75718093
0.72458178
0.6721285
0.76105559
0.68475324
0.71603882
0.57110953
0.67038566
0.68108475
0.67559457
0.73462826
0.79711336
0.76045388
0.78812957
0.63844675
0.83854419
0.71085572
0.76381105
0.78106159
""
""
0.65918463
0.57729298
0.75566745
0.63907152
0.6328029
0.54759645
0.63572514
0.46824127
0.72462416
0.59209114
0.66294754
0.65135878
0.74142873
0.55921227
0.67370534
0.81185919
0.74061519
0.79445958
0.79186535
0.83134967
0.88524187
0.77023125
0.85072535
0.76465321
0.82458258
0.79836196
0.69008857
0.5568257
0.53985441
0.5046463
0.61559552
0.63869357
0.77625918
0.74764001
0.70060259
0.68999869
0.70561218
0.74275154
0.76025468
0.54250121
0.53477949
0.54677427
0.55925226
0.64619386
0.66049016
0.58157772
0.76262766
0.65997797
0.70674175
0.60075086
0.67517126
0.67366767
0.7395705
0.59300297
0.75573289
0.74229681
0.68866223
0.66668326
0.60226607
0.72206664
0.57389534
0.72252363
0.68373936
0.75552607
0.70422643
0.75877297
0.72153592
0.76249486
0.61992902
0.67873675
0.70439041
0.6317184
0.73531687
0.6956293
0.75336206
0.69387257
0.71680987
0.73723429
0.67384064
0.71950805
0.53210741
0.74632001
""
""
0.83558309
0.79340029
0.71069098
0.87675911
0.82198578
0.70392781
""
0.86375386
0.76613677
0.74877656
0.77291179
0.51095939
0.81565458
0.79110348
0.82126236
0.79957533
0.71676248
0.67948103
0.63291645
0.66162992
0.77916855
0.69247735
0.71113992
0.76827055
0.7447536
0.80843765
0.80594158
0.80898154
0.72006571
0.77653819
0.58077538
0.60703659
0.59209782
0.6783343
0.65345871
0.79348582
0.80119133
0.65546644
0.58765692
0.63542885
0.69768012
0.69312024
0.59327912
0.6557653
0.77940923
0.76043689
0.80121201
0.74734825
0.76473212
0.80737495
0.79901272
0.68387902
0.80171001
0.76451766
0.79660517
0.71627408
0.69003332
0.76683706
0.68820626
0.67217487
0.58775908
0.62871003
0.62637675
0.68470633
0.69206196
0.69895214
0.57080066
0.72365862
0.60270482
0.51206052
0.57265723
0.66156763
0.41779792
0.56066352
0.59327942
0.62845629
0.55965656
0.68690336
0.61980391
0.75198251
0.62249345
0.78178936
0.80377942
0.81049442
0.76741481
0.86208892
0.83544034
0.68347871
0.78681397
0.7713626
0.77972293
0.8360337
0.75525308
0.76776165
0.84398246
0.80119294
0.83934963
0.7710368
0.78138214
0.78484821
0.817734
0.81149644
0.7386387
0.80011892
0.82378829
0.76348287
0.98593426
0.53734785
0.66963965
0.76102072
0.69004625
0.66963106
0.71979743
0.72627479
0.67777479
0.67217964
0.57917458
0.67700744
0.60949135
0.67831528
0.82798159
0.70143872
0.6523087
0.67915463
0.74509764
0.71467227
0.86653596
0.76382345
0.76348054
0.86544418
0.62010998
0.65141469
0.67092288
0.5860759
0.72183937
0.73625219
0.65594465
0.74363142
0.75087172
0.67371523
0.73226434
0.81059808
0.77951974
0.76276672
0.70669883
0.78521693
0.75923175
0.78658712
0.85564911
0.71829367
0.72147077
0.76202565
0.78302014
0.68953335
0.60103387
0.76209176
0.63496757
0.79732144
0.72373348
0.72148663
0.75706726
0.72719866
0.62255573
0.80066973
0.78903186
0.64543152
0.77684081
0.76117027
0.7397756
0.83094156
0.86852419
0.81714076
0.53066432
0.50173742
0.49433878
0.5669201
0.7157101
0.52469087
0.64746606
0.5601334
""
""
""
0.70893753
0.68012273
0.55078167
0.67750031
0.63411003
0.55503577
0.41217774
0.41040942
0.53842127
0.51152879
0.60453874
0.66141355
0.58542687
0.76192147
0.76724225
0.72902185
0.85218376
0.83041233
0.78816557
0.6791696
0.81257552
0.72166067
0.67605901
0.6643765
0.6825012
0.77007419
0.68960261
0.66068691
0.77389622
0.57029617
0.65484095
0.64982843
0.6830433
0.64777356
0.71392053
0.69071865
0.71445996
0.5911181
0.69118679
0.7137177
0.69219548
0.692204
0.58986914
0.66006708
0.68954623
0.7243163
0.75813305
0.70520473
0.70497352
0.68772691
0.70136684
0.74497819
0.65492046
0.71786749
0.75216794
0.36992243
0.57511705
0.62165636
0.75089288
0.61161488
0.55338216
0.55883878
0.6726197
0.70943969
0.63928866
0.5738278
0.47877067
0.58150262
0.60815001
0.6058659
0.49441928
0.57418096
0.57079661
0.53258961
0.41254291
0.47087374
0.50490665
0.43769276
0.59371626
0.6964466
0.73386425
0.64574891
0.5394972
0.60449249
0.57775676
0.58841771
0.74954557
0.5757252
0.61837417
0.36377618
0.39592126
0.5833441
0.61009055
0.75378197
0.65636152
0.6371336
0.76594043
0.8123771
0.82692277
0.83970416
0.58399397
0.60240936
0.66828805
0.66916883
0.62058979
0.61368376
0.6954475
0.59537464
0.57400948
0.54362917
0.71703666
0.72348148
0.76106727
0.77969098
0.73146027
0.79568911
0.66538531
0.60764521
0.60657638
0.66592515
0.70066583
0.78833401
0.79558229
0.76325214
0.59243399
0.72094727
0.5959152
0.69086921
0.65121663
0.59972876
0.60405093
0.43937957
0.68060058
0.66051489
0.70497721
0.75040126
0.77545816
0.74030596
0.6406371
0.62707645
0.71784496
0.6088621
0.76231176
0.76023936
0.61178201
0.56452972
0.64082038
0.7800495
0.67703718
0.77226204
0.70900404
0.71076578
0.80787718
0.77734488
0.81029838
0.81449717
""
0.72736943
0.76445335
0.84533644
0.78450578
0.81529319
0.81395411
0.83105105
0.83803034
0.80584484
0.78784472
0.86679339
0.86341417
0.80196637
0.8300128
0.695813
0.75226068
0.73978645
0.80523473
0.8292132
0.72858328
0.8266359
0.77234173
0.8068589
0.78834295
0.75118035
0.66913003
0.79963249
0.76843643
0.76677877
0.73551655
0.80169898
0.75197709
0.67569083
0.84434468
0.79128796
0.7259382
0.72935665
0.74305588
0.67886204
0.7479319
0.69258225
0.65022618
0.69722182
0.75316048
0.71384078
0.74718684
0.73893058
0.73132074
0.74527943
0.7803393
0.73451412
0.71734136
0.67751664
0.65627015
""
0.71650487
0.81751835
0.6700632
0.70059949
0.78017348
0.69442081
0.81709445
0.80631399
0.80121189
0.64933127
0.78462082
0.72663772
0.82963049
0.72670102
0.76330376
0.83601415
0.6802147
0.67942744
0.53924924
0.61954993
0.60790992
0.68485546
0.69558835
0.7444725
0.7127459
0.73309815
0.64573342
0.62990755
0.73064703
0.70377105
0.7416755
0.54578549
0.63797057
0.38514504
""
""
""
""
0.38098758
""
""
0.7318179
0.70277601
0.70592785
0.66244876
0.46700773
0.52802587
0.70220798
""
""
""
""
0.84237844
0.66191936
0.6783793
0.679299
0.69132167
0.46574739
0.59774262
0.59247655
0.70303255
0.583386
0.65115118
0.66347152
""
""
""
0.46727592
0.82520068
""
""
""
""
""
""
""
""
""
""
""
0.79300129
""
""
0.70203263
""
""
""
0.56446093
0.74540627
0.68149549
0.52867723
0.72443134
""
""
""
""
0.91330248
0.65017533
""
""
0.68513644
0.51259905
0.56332082
0.71961725
0.78145421
0.72802585
0.67894995
0.57262456
0.7558074
0.62879211
0.70987201
0.54427642
0.73857242
0.65283161
0.75093949
0.87532413
0.7051239
0.7283619
0.73179513
0.72836727
0.74342448
""
0.76840287
0.68178421
0.742351
0.56484443
0.55535424
0.59127682
0.71487528
0.82439888
0.78351635
0.66957271
""
""
""
""
""
""
""
0.75219667
0.75137323
0.78413904
0.69022393
0.73004848
0.68492877
0.7144435
0.5680812
0.75273359
0.70959342
0.74395525
0.73576444
0.62735456
0.73539001
0.70317644
0.69552475
0.73425668
0.61656094
0.6114313
0.75127703
0.74339932
0.76233405
0.67715555
0.79884434
0.69889295
0.7470594
0.68601918
0.64878207
0.72466999
0.73909205
0.71196312
0.74793953
0.58882451
0.79148269
0.70375645
0.56934416
0.66428781
0.73658794
0.67439032
0.68354046
0.57884049
0.65727895
0.59632081
0.66132283
0.60160542
0.66390556
0.57092685
0.52965987
0.69963974
0.5794974
0.71785897
0.64651173
0.6862269
""
0.70787156
0.56209332
0.62691128
0.66061312
0.68695837
0.6321739
0.70211482
0.65715069
0.63357472
0.60745418
0.62822354
0.58435518
0.58489907
0.6036911
0.62884033
0.69674176
0.59225124
0.5889883
0.68901944
0.64376009
0.65605146
0.66399366
0.61380231
0.60197622
0.60414076
0.52254134
0.6996603
0.58784682
0.69065052
0.6744101
0.63569546
0.63745654
0.68831152
0.79115647
0.61448658
0.70842457
0.56653631
0.73871166
0.85311633
0.87480229
""
0.6714595
0.60049468
0.71642625
0.54318255
0.59703934
0.71661073
""
""
""
""
""
""
0.80698603
0.67982298
0.58303541
0.58346969
""
""
""
""
0.79436862
0.73733073
0.79827487
0.84392273
0.70278317
0.64719373
0.64022875
0.64317405
0.76439977
0.83316076
0.77482188
0.79460663
0.63712901
0.79918677
0.75909787
0.77816862
0.74762988
0.67893302
0.80969161
0.82715714
0.51404417
0.73637646
0.84148926
0.78538579
0.86574161
0.8376478
0.78169841
0.78781682
0.68293303
0.81961119
0.81634665
0.76886272
0.76625466
0.80250758
0.73309952
0.75596243
0.63699114
0.80667162
0.84814095
0.80221975
0.83440006
0.77720487
0.81259847
0.84319025
0.79908544
0.73995399
0.71782047
0.82678419
0.80858785
0.76835942
0.84621602
0.76303858
0.78759331
0.80261672
0.66648674
0.82596928
0.81241387
0.87198633
0.84298539
0.76971155
0.8123703
0.74251312
0.72633135
0.84946245
0.83031005
0.8071112
0.8298834
0.80988961
0.8010112
0.83220303
0.77810192
0.78014898
0.73991728
0.73137778
0.84775895
0.76691824
0.81016588
0.93137592
0.78963608
0.77507514
0.76013714
0.75176197
0.7299521
0.69473326
0.77155399
0.6491645
0.74418378
0.73360628
0.78137761
0.7144987
0.8514269
0.65424311
0.66785717
0.7082684
0.7147693
0.68036866
0.75342178
0.72580051
0.73918605
0.75077438
0.9620015
0.79756409
0.81445783
0.79493511
0.81147587
0.8065235
0.7873711
0.75168157
0.84314328
0.91773379
0.84576577
0.6796096
0.82172674
0.73363566
0.68901116
0.71130776
0.73643249
0.74916476
0.69985723
0.70080513
0.61180079
0.72624606
0.7135359
0.76635069
0.58425647
0.76634979
0.75381684
0.64879644
""
0.61140579
0.768911
0.72038639
0.5818603
0.79618657
0.64268327
0.71028823
0.75277805
0.77164775
0.76796371
0.80208552
0.75477362
0.7614544
0.83813506
0.85246974
0.82140571
0.68074965
0.72708845
0.71209806
0.74352568
0.7013256
0.52055657
0.5233224
0.50694853
0.51727843
""
0.48894492
0.58515304
0.64708924
0.56754732
0.61780387
0.7861715
0.70139319
0.63885283
0.65304768
0.702411
0.64478618
0.64649868
0.6283558
0.74332535
0.59271222
0.55201304
0.52319586
0.54184026
0.62931609
0.6244114
0.61822999
0.68958175
0.58308882
0.63972831
0.66981858
0.75921142
0.58782446
0.65215325
0.62861317
0.60634017
0.64568144
0.64199495
0.62377167
0.64044476
0.58134985
0.62608373
0.63924736
0.63626689
0.62485164
0.62111437
0.6478259
0.55920124
0.63892978
0.49343431
0.70641178
0.71969646
0.61384422
0.61949044
0.59657502
0.79600853
0.86961079
0.84483415
0.75752199
0.77751017
0.81507683
0.76325309
0.7509234
0.76740569
0.67369086
0.70337707
0.83891064
0.74512804
0.85015887
0.83777183
0.80321783
0.83214396
0.81212884
0.78418809
0.79874158
0.75718218
0.50105155
""
""
0.59316492
0.65326184
0.51444095
0.49668789
0.63323331
0.54531419
0.5667066
0.62584096
0.57769907
0.59215575
0.55271268
0.65082413
0.73270464
0.58992863
0.66458666
0.63289422
0.55736578
0.62608856
0.63531464
0.6178267
0.40779468
0.61769009
0.4801572
0.51950973
0.61087227
0.69243282
0.56277025
0.66923428
0.64477509
0.57576996
0.37061015
0.48316637
0.54598719
0.54121834
0.54928172
0.68301052
0.59741312
0.5445627
0.77421975
0.66729921
0.77305859
""
0.90445715
0.61261046
""
0.71234494
0.67858416
0.73729664
0.67289174
0.82364309
0.60895938
0.54939771
0.31480345
0.68406969
0.63696492
0.46237865
0.64045995
0.73053259
0.67475206
0.70591331
0.73523349
0.63970143
0.79110497
0.63945913
0.60763043
0.61382043
0.72837752
0.61246145
0.47685355
0.37064734
0.38235542
0.38435325
0.38337621
0.51917607
0.33511505
0.23751487
0.60666072
0.5496437
0.51304275
0.59739757
0.56661159
0.56941831
0.55092567
0.62964153
0.90936667
0.68600523
0.6390053
0.6111902
0.64148355
0.56107903
0.43593502
0.58163208
0.5582357
0.47110382
0.45844683
0.57064098
0.6039654
0.59067935
0.60346925
0.62356901
0.49088064
0.68572932
0.5316242
0.45005247
0.48679194
0.57743746
0.49597073
0.46116951
0.53112501
0.5015713
0.66075379
0.56952822
0.46530035
""
0.44000366
0.41930667
0.75817436
0.45184147
0.46786281
0.51503336
0.5553959
0.49148688
0.56538314
0.4460929
0.55687922
0.46283734
0.50569993
0.50529319
0.48372832
0.40122142
0.57408041
0.38481557
0.29106292
0.48057961
0.7123372
0.62227273
0.60936916
0.69797683
""
0.56715655
""
""
""
""
0.82574654
""
""
0.37963688
0.60952497
0.61398965
0.70006227
0.73955286
0.52995604
0.58352202
0.43304902
0.53828585
0.75154656
0.65411621
0.63737726
0.60598248
0.55253756
0.63708538
0.56182832
0.61764795
0.59687608
0.74520195
0.55365765
0.55694705
0.65410298
0.58088422
0.5849607
0.67070335
0.61798531
0.62186313
0.65866864
0.67929745
0.67708361
0.7207036
0.6931904
0.65308756
0.58367562
0.61919975
0.57386768
0.69873285
0.72242022
0.58141029
0.70142615
0.60660881
0.60123599
0.60148162
0.56976026
0.57421422
0.62104797
0.70019978
0.62923777
0.62815392
0.57869649
0.92460549
0.63880545
0.56108606
0.75877172
0.55312032
0.25746366
0.53274888
1.1461334
0.48066869
0.64072931
0.77658737
""
""
""
""
""
""
""
""
0.60698295
1.0573206
""
0.86131918
0.68626326
0.68547952
0.66004103
0.68706316
0.73201442
0.52370435
0.61583877
0.66294885
0.65502936
0.66884065
0.65351295
0.66676444
0.73434687
0.67844027
""
0.46696869
0.63040572
0.51932973
0.538432
0.77990216
0.77524436
""
0.5209192
""
0.92834389
0.78097403
""
0.78480375
0.93972635
""
0.84262049
0.73187083
0.82443023
0.72408521
0.78658277
0.67901576
0.77297646
0.83177495
""
0.7481941
0.79834288
0.78522235
0.43906012
""
""
""
""
0.81600016
0.65483308
0.74868673
0.64246708
0.83472228
0.99754715
0.91813099
0.5378052
""
0.81394798
0.86623168
0.71301746
0.88738573
0.93894583
""
0.69730341
0.84167767
0.70836991
0.83546776
""
0.98527265
""
""
""
""
""
0.76041001
0.928891
1.0928391
""
0.84128934
0.69304872
0.59424531
0.68183076
0.43261036
0.5246743
0.65004569
0.7439332
0.84654033
0.55610847
0.69350946
0.63786554
""
0.72114372
0.69916922
0.66005063
0.59928995
""
""
0.59282953
""
""
""
0.54761207
0.70671481
""
""
""
""
""
""
""
""
""
""
""
""
""
""
0.68768096
0.78305137
0.79947495
0.64609653
0.77241635
0.76525623
0.71435064
0.68125427
0.48493019
0.61069912
0.62912947
0.49788186
""
0.62072706
0.68986511
0.72607303
0.6665675
0.85243207
0.69496804
0.58019716
0.59384745
0.58633214
""
0.6835438
0.65117013
0.86915106
0.29513192
0.53460312
0.70059997
0.78210187
0.71793866
0.68620533
0.72879142
""
0.74410933
0.62626684
0.73822749
0.45626014
0.63215196
0.68864697
0.80799598
0.6211369
0.61440885
0.64113617
0.56752664
0.70188272
0.73412627
0.56406373
0.60860449
0.57407749
0.71062398
0.54376769
0.69828302
0.52613407
0.73091239
0.60897541
0.72350192
0.68605161
0.77262384
0.82467234
0.61752099
0.6241281
0.72347403
0.67408985
0.63917804
0.67389989
0.61722785
0.67399293
0.62501788
0.58690614
0.56884557
0.53483951
0.64081198
0.69477683
0.63401282
0.57153004
0.7334463
0.60969347
""
0.55644649
0.65036601
0.89871055
0.65361959
0.62370443
0.60074294
0.79571992
0.72152877
0.70151913
0.60459632
0.65639198
0.64648592
0.54619175
0.47238857
0.61021358
0.41882804
0.75357747
0.67644083
0.54684365
0.68378806
0.69013363
0.60436273
0.72574323
0.71103555
0.54707015
0.71872652
0.94702137
0.95776671
0.69815308
0.50965881
0.75988829
0.64820307
0.15127394
0.4285773
0.64486718
0.90837765
0.73454404
0.86891896
0.66952044
0.52266872
0.58916235
0.51900387
0.77543223
0.67548764
0.75629395
0.77765149
0.65558547
0.64107585
0.65880483
0.61455423
0.59578931
0.62265557
0.48424143
0.61781234
0.54271549
0.64268082
0.64511424
0.60050631
0.38125691
0.6389209
0.59896088
0.57457459
0.5464167
0.39063755
0.41650206
0.5834195
0.72851568
0.6690411
0.76759589
0.35881832
0.66174603
0.50664198
0.54080743
0.27729332
0.54186827
0.80815524
0.45481479
0.5925113
0.3644833
""
0.7149784
0.16917096
0.67273802
0.47564864
""
0.31067944
""
0.46011853
0.55024838
0.46210608
0.19779016
0.48927563
0.51778269
0.54294199
0.56140733
0.67917418
0.47250006
0.62867886
0.62560421
0.67014939
0.56565797
0.40723455
0.58314604
0.72129655
0.57373875
0.60271013
0.60628879
0.66125047
0.6797384
0.6032185
0.71041578
0.58225381
0.67765754
0.62436968
0.61788487
0.75880396
0.58110404
0.60544944
0.61397213
0.58115762
0.59272182
0.44690204
0.63554382
0.48292443
0.60944748
0.55176353
0.56010741
0.54649216
0.65601474
0.72779936
0.60984838
0.55145866
0.53555363
0.56121874
0.59930366
0.55836284
0.66314733
0.72923088
0.49171513
0.59207791
0.6152733
0.54605728
0.66430086
0.71753222
0.66865373
0.55453146
0.64063966
0.64998811
0.6424939
0.69064564
0.62999439
0.65963107
0.53580815
0.59911144
0.58325547
0.58320981
0.62205416
0.56684166
0.60592824
0.86682415
0.69853485
0.6662516
0.65631717
0.7210409
0.71231681
0.5661099
0.71283603
0.55917943
0.70940924
0.49998668
0.58684289
0.67251664
0.54861426
0.60220855
0.54890186
0.63491356
0.67598826
0.48133057
0.67732167
0.63045144
0.49574545
0.33775696
0.4997876
0.47346219
""
0.35188547
0.53130573
0.46721554
0.58005518
0.53043294
0.6302408
0.42265785
0.42901242
""
0.44761431
0.45734417
0.50040704
0.72363496
0.710127
0.56630957
0.50578481
0.53712165
0.65307117
0.31623474
0.3438836
0.3621437
""
0.33972457
0.72276616
0.1986748
0.31144515
""
0.68312865
0.53000325
0.50091881
0.52375036
0.55800533
0.64620489
0.5960151
0.56649607
0.50639284
0.45935774
0.42377517
0.44316325
0.4766174
0.73631001
0.57291323
0.66883236
0.76205021
0.65302181
0.52039301
0.55675685
0.55253685
0.51699257
0.55983186
0.51664269
0.59868264
0.53982294
""
0.57004982
0.69837999
0.60146797
0.67305309
0.64173341
0.63706428
0.60363805
0.67334795
0.5923149
0.57343364
0.682495
0.698071
0.53475976
0.57245505
0.67609978
0.56687123
0.5228821
""
0.43439674
""
0.44962648
0.55937326
0.55635583
""
0.42668968
0.36967283
0.44193363
0.46546209
0.53249544
""
""
0.43114448
0.3479279
0.47494814
0.63228512
0.58775318
0.33452585
0.44554871
0.37291637
""
0.47135067
0.59184545
""
0.53951639
0.57874936
0.73336732
""
0.66107172
0.41558972
0.17373273
0.78797835
""
0.56691146
0.50507939
""
0.43730834
""
""
""
""
""
0.63705593
0.52236575
""
""
0.48453951
0.67428893
""
0.3540881
0.2329966
0.48104048
0.88845319
""
""
""
""
0.84900123
0.21548128
""
""
""
""
""
""
""
0.44846675
0.39536825
""
""
""
""
""
""
""
""
""
""
0.36636692
0.4297564
0.50219053
""
""
0.66467506
0.53840029
0.5461148
0.37004805
0.42069569
0.63656032
0.77550435
0.79637885
0.60917395
0.59157884
0.61411422
0.54588616
0.30139288
0.28981766
0.52322716
0.76078361
0.76779598
0.81048894
0.58662772
0.75734317
0.66081035
0.57087034
0.66496891
0.46046492
0.71093941
0.60210687
0.66105479
0.75300455
0.63091677
0.7352494
0.59596676
0.48611552
0.38524273
0.48587516
0.63275743
0.65710682
0.5211435
0.67936766
0.61187905
0.52499866
0.44833323
0.63832104
0.51720387
0.67138129
0.71399832
0.70409393
0.56912792
0.39197671
0.57762837
0.68401694
0.97138625
0.76179165
0.60395128
0.50570905
0.70094824
0.45527029
0.34899926
0.63786983
0.563618
0.95498908
0.46546465
0.44531196
0.65417248
0.78463519
0.59653008
0.70496207
0.5964309
""
0.7084372
0.61358404
0.86053419
0.76877248
0.50762922
""
""
""
""
0.65470421
0.75515515
0.6473726
0.8394022
0.48386797
0.51107329
0.54895937
0.6307137
0.5280422
0.6961
0.64888811
""
0.65125722
0.71753007
0.71553004
0.61069494
0.71955776
0.71407866
0.67131227
0.7026962
0.74014604
0.71058923
0.79673511
0.63161552
0.74004179
0.65797585
0.74264812
0.74515694
0.54567039
0.70414114
0.68220264
0.64391947
0.62108982
0.76735246
0.69543427
0.61259061
0.61426193
0.64006454
0.72152245
0.56177819
0.76410449
0.69403291
0.68898642
0.72744101
0.62822258
0.62641066
0.71433657
0.62285721
0.56485301
0.7414211
0.67649251
0.67623544
0.62880236
0.67416441
0.72749501
0.76142114
0.68665719
0.76666051
0.57355964
0.65886784
0.5690186
0.76425576
0.61695975
0.62430394
0.68459147
0.71250498
0.84728199
0.70869225
0.68325776
0.66276044
0.63044506
0.59979475
0.76252794
0.8186506
0.56414813
0.6871416
0.60852873
0.54664534
0.60246438
0.628263
0.64288747
0.6332081
""
0.53063363
0.68951482
0.65777308
""
0.70873016
0.72879797
0.67826617
0.59711832
0.60570443
0.69919229
0.60379404
0.50944215
0.61228603
0.5861997
0.54866242
0.45805702
0.53897893
0.61614376
0.7206127
0.74908429
0.65503144
0.59593016
0.57448071
0.5266546
0.83610326
0.63571209
0.70351064
0.6837272
0.65839928
0.67210257
0.60452724
0.62540591
0.55861181
0.54948139
0.62554169
0.35756695
0.46647355
0.59789473
0.54917973
0.49280721
0.46787849
0.69828933
0.52625364
0.59234554
0.58791125
0.68864393
0.62310147
0.63223845
0.62315261
0.63627422
0.56620163
0.59334451
0.59505296
0.62106472
0.54995596
0.60033166
0.72063363
0.69906425
0.71204734
0.67332172
0.59316218
0.6787858
0.60207981
0.62033904
0.58718103
0.54707909
0.41083655
0.52678424
0.40465662
0.49374557
0.62972945
0.77477741
0.76361263
0.68447471
0.70846617
0.6712935
0.71110588
0.64225191
0.65223622
0.54577589
0.71040964
0.55336386
0.61140424
0.62095064
0.39714471
0.51506209
0.49022034
0.53868717
0.48011667
0.55983061
0.52967948
0.54065037
0.43360302
0.37860954
0.49681368
""
0.23189208
0.58328474
0.27121282
0.52531046
0.75520778
0.53586954
0.10286628
0.52312511
0.46166891
0.58035541
0.4869847
0.34574133
0.53809655
""
0.68356216
""
0.73591942
0.54378563
0.79053742
0.5546875
0.53017837
0.60730308
0.51357192
0.52876019
0.65429854
0.50994492
0.64800966
0.56766897
0.71793956
0.60158587
0.61554515
0.49683553
""
0.5691101
0.66155785
0.66141897
0.39114991
0.38857889
0.46762466
0.66278404
""
0.82621056
0.42428222
0.71121007
0.49260989
0.65945268
0.76060122
0.65168083
0.53487813
""
""
""
0.55727732
""
""
""
""
""
""
""
0.56752759
0.59413517
0.5947566
0.60273212
0.66013205
0.6182459
""
""
""
0.66818821
0.70523781
0.58738458
0.5651511
""
""
""
""
""
""
""
0.59410793
""
0.72029072
0.7741394
0.77842444
""
0.53765345
0.60556853
0.70529389
0.69296557
0.58154494
0.62957245
0.4549557
0.7207787
0.68855464
0.73548406
0.56474823
0.62477016
0.8090018
0.70574135
0.45656154
0.47480711
0.90582192
0.52826279
0.52185947
0.71127802
0.49792188
0.56027174
0.67025203
0.77578098
0.59117377
0.51202339
0.65132999
0.52492911
0.46534038
0.55921215
0.54878914
0.58327359
0.61879718
0.48517787
0.55346489
0.68952131
0.69786316
0.34241661
0.59796989
0.73673218
0.83546895
0.53990138
0.58462495
0.57628244
0.58390838
0.69088221
0.68988329
0.70568097
""
""
""
""
""
""
""
""
""
0.76683772
0.68926185
0.74315602
0.66951358
0.76463664
0.74727088
0.79148936
0.72608072
0.48760825
""
0.74083501
0.3536593
0.73361915
0.54644418
0.54881477
0.72924095
0.68336564
0.59036171
0.57836986
""
0.82503664
0.85526085
0.56321895
0.64607114
0.68443882
0.3820163
0.61470354
0.5605433
""
""
""
0.8514902
""
0.68126708
0.46949381
0.84343606
0.71484619
0.70340699
0.68923616
""
""
""
""
0.61338997
""
""
0.678886
""
""
""
""
""
""
0.82570064
0.6144855
0.75006551
0.77605653
0.77336025
0.75671607
0.67970157
0.69256276
0.78747386
0.56724674
0.66112137
""
0.70098835
0.67391694
0.6107685
0.6893515
0.586519
0.69434494
0.64052564
0.692065
0.76178062
0.73115641
0.76823926
0.84937382
0.68489575
0.72318566
0.59517795
0.60418588
0.59311771
0.68222213
0.56321239
0.70910251
0.59232068
0.60280895
0.57324618
0.41909158
0.6217854
0.57925785
0.44946977
0.55876023
0.52853376
0.66971248
0.62646753
0.6679185
0.52896655
0.67183858
0.66452456
0.61046112
0.63291162
0.6936233
0.62800652
0.56394285
0.54042906
0.72968024
0.47906971
0.46452606
0.45386001
0.50094754
""
0.33279434
0.90601492
0.65987283
""
0.72985011
0.80359179
0.76453608
0.75291353
0.73793149
0.60408968
0.74358654
0.67850256
0.77231264
0.61056435
0.52359402
0.62963921
0.63564223
0.66240311
0.44008633
0.48453227
0.76171505
0.69108009
0.6854437
0.42638278
0.58584976
0.56996089
0.53695285
0.56481153
0.56079018
0.63828242
0.65227795
0.66387105
0.48842886
0.56229281
0.65205127
0.63478696
0.4316147
0.57968605
0.71550131
0.57253438
0.56805724
0.64405835
0.53745157
0.56260592
0.63968486
0.5752092
""
0.56347477
0.52515453
0.52438986
0.47959933
0.60421199
0.48250496
0.63086474
0.65547395
0.58547533
0.62102664
0.5847432
0.53648794
0.49482891
0.6030376
0.51271087
0.68523777
0.51007682
0.74810106
0.70863181
0.64915109
0.64301091
0.65637225
0.64802235
0.61781877
0.45985442
0.60049844
0.46785489
0.61921901
0.60137612
0.67717242
0.61289144
0.62265086
0.62002105
0.46624756
0.58444905
0.58345556
0.56629997
0.54587746
0.52734125
0.564493
0.52571076
0.60597944
0.55559927
0.493101
0.62881833
0.58110583
0.69072694
0.42828512
0.53446376
0.59086502
0.59351516
0.49437159
0.53854662
0.50623292
0.51258934
0.53669113
0.42285803
0.60588008
0.66705054
0.51753682
0.46487287
0.60443997
0.62956715
0.61419439
0.488334
0.55107737
0.53121257
0.56811023
0.68085766
0.57199758
0.58215338
0.69019568
0.56703514
0.58417225
0.58435792
0.70468307
0.59165615
0.63627344
0.70526308
0.55893195
0.63307965
0.62602639
0.65060425
0.62012672
0.60506219
0.62910348
0.69183761
0.48124477
0.64573896
0.61406422
0.5081324
0.65097183
0.53809655
""
0.60463434
0.60819364
0.64526701
0.53415036
0.72324544
0.57834876
0.52253455
0.53656542
0.71899122
0.77613664
0.73175007
0.75466901
0.7246359
0.76641691
0.71068609
0.72298098
0.73193157
0.75726801
0.68597114
0.72840005
0.71860391
0.69435877
0.74340022
0.75227255
0.55467248
0.72023147
0.71640158
0.69349182
0.78013873
0.7122314
0.7176621
0.79737264
0.78690225
0.70977181
0.71701247
0.63254958
0.74589455
0.69116515
0.71187598
0.75573707
0.7076993
0.68682176
0.70763737
0.69999194
0.69424009
0.69121003
0.68437487
0.75636429
0.74545765
0.67441803
0.69289708
0.76835757
0.68258405
0.71071053
0.66040957
0.68824196
0.71091336
0.74866927
0.75288916
0.7196483
0.67683703
0.67585087
0.67736441
0.7521655
0.78135735
0.65556335
0.60709339
0.65561444
0.21624635
0.75612617
0.59574342
0.69009793
0.71689212
0.74568695
0.61532444
0.80936623
0.64436632
0.59913939
0.65753794
0.68184811
0.69075853
0.71536815
0.80098873
0.76521099
0.6097964
0.8322562
0.74338323
0.56979704
0.73699445
0.67862034
0.69963366
0.70089585
0.68320066
0.66811693
0.66139436
0.74945313
0.74546134
0.70437896
0.71102792
0.66699153
0.80682647
0.72804999
0.58812791
0.7093913
0.53071505
0.65403539
""
0.6535638
0.62847483
0.69899291
0.57636774
0.73522079
0.71271616
0.70482928
0.70475
0.66798693
0.58279502
0.6949805
0.5891549
0.59524083
0.61646581
0.9302513
0.48491815
0.75721264
0.5781343
0.57211041
0.64637017
0.53707153
0.53329897
0.86999422
0.54830444
0.73805815
0.63002855
0.56228316
""
""
0.75710452
""
0.63939172
0.63634962
""
""
0.41894162
0.45155802
0.38470972
0.42543194
0.56450158
0.56656444
0.52027887
0.52661163
0.72874546
0.60200298
0.68272674
0.60947466
0.77292186
0.66364425
0.66202497
""
""
""
0.63128674
0.69025242
0.65073442
0.67756307
0.63846987
0.70131487
0.76422518
0.7126345
0.78685606
0.57122642
0.44994873
0.58040208
0.62159497
0.63009733
0.61429965
0.50872111
0.66401929
0.63778764
0.65719563
0.67336625
0.68526155
0.6127069
0.74470335
0.6455062
0.67873234
0.74223006
0.6946407
0.65817332
0.67968643
0.71980423
0.55765629
0.57590055
0.6408937
0.56447017
0.68896776
0.58256
0.68165523
0.70632863
0.69178289
0.58965153
0.65144402
0.67588586
0.6093995
0.70836109
0.60717171
0.75154626
0.7096318
0.75685596
0.66874194
0.70550078
""
0.63683587
0.71279937
0.67100692
0.64855999
""
0.63206536
""
0.70467067
0.72647113
0.65377444
0.6595667
0.60136724
0.51352662
0.71165955
0.6033895
0.71965027
0.63260972
0.68083358
0.45602041
0.69163615
0.70932275
0.71188408
0.72042578
0.766931
0.94540083
0.46289608
0.61268955
0.57735783
0.6263451
0.71191353
0.67442632
0.56838369
0.59235072
0.5817492
0.55097473
0.5570268
0.61197782
0.63190889
0.61520755
0.70379978
0.60997272
0.71769798
0.59555048
0.63647437
0.65880638
0.63116908
0.52072078
0.57889241
0.64191413
0.49350679
0.63898236
0.63698691
0.55863398
0.48839349
0.56252068
0.72180009
0.6331948
0.65163046
0.47326857
0.38230217
""
0.6696257
0.67952275
0.46635047
0.68486065
0.60579252
0.62033308
0.67751461
0.70905197
0.6062479
0.52521908
0.89165193
0.54372692
0.53924632
0.60063916
0.61191589
0.69681078
0.71961206
0.52631593
0.6499337
0.51056361
0.64371163
0.56916499
0.31265938
0.48421696
""
0.22166766
0.51170403
""
""
""
0.45424983
0.43460828
0.55798268
0.54708248
0.52189308
0.74748707
0.74401742
0.53893524
0.61386943
0.6284743
0.4645445
0.60591489
0.63656747
0.63609844
0.6040014
0.70428586
0.5466339
0.54741859
""
""
""
0.66987717
0.48194003
0.50411731
0.62273544
0.6093719
0.54109114
0.59745288
0.57772791
0.71751136
0.39545745
0.59448946
0.49429676
""
0.73357511
0.68310791
0.58589059
0.66738003
0.71711874
0.67713189
0.67246145
0.51588219
0.6059109
0.71230501
0.71486086
0.66132927
0.67413014
0.76519412
0.64441925
0.68123913
0.6154803
0.66970843
0.7194491
0.60013556
0.65005523
0.58808321
0.63176048
0.48094296
0.72030842
0.8308863
0.56075048
0.70502931
0.5251258
0.63097394
0.65023232
0.49936765
0.47552913
0.61045641
0.42162761
0.63770199
0.54463911
0.46462131
0.45263058
0.41653633
0.59718573
0.53316915
0.61599469
0.55042356
0.49398097
0.65510803
0.45611939
0.5080232
0.58708578
0.53746951
0.22371009
0.54635274
""
0.52773136
0.42980093
0.41787022
0.40859431
0.43226582
0.31913337
0.44670504
0.46722957
0.3320024
0.35999063
0.51529229
0.42140269
""
0.41404516
0.42775577
""
0.49954206
0.27002382
0.38655177
""
""
""
""
""
""
0.45828781
""
0.43994397
0.65810424
""
""
""
""
""
""
0.66452652
0.5318833
0.39764348
0.46485236
0.48714778
0.75002307
""
""
""
""
""
""
""
""
""
""
0.6637733
0.80844194
0.51949477
0.54120302
0.56093806
""
0.48349205
""
0.32789174
0.58865041
0.44539073
0.38638833
0.53734523
0.47147861
0.43063906
0.36123931
0.55187172
0.40386367
0.44836023
0.41148621
0.52462697
0.35921934
0.80620658
0.37775081
0.50323534
0.42200813
""
0.5242117
0.32815522
0.41580719
0.35996798
0.30014068
0.37610179
0.47852772
0.4479683
0.43755075
0.61118275
0.34600192
""
""
0.43070769
0.42461956
0.46781078
0.51284838
0.41928148
0.46954983
0.49492487
""
0.55509692
""
0.63181889
0.53055137
0.45163739
0.4865987
0.53255373
""
""
""
""
""
""
""
0.51022774
0.31478083
0.32700858
0.45643711
""
0.40613922
""
0.47906363
""
""
""
0.25925025
""
""
""
""
""
""
""
""
""
""
""
""
0.45204291
""
0.40795681
0.63993371
0.49750155
0.62356108
0.34635398
0.49719149
0.52044219
0.57049036
0.66488081
0.61832315
""
0.59877676
0.38976076
0.60645539
0.63758922
0.69699186
0.63495749
0.59668368
0.63342959
0.6568681
0.66646898
0.69317812
0.63089162
0.5600211
0.43899056
0.51779544
0.52108383
0.48093975
0.50008667
0.52402246
0.38696092
0.32471544
0.59166205
0.31872949
0.54779077
0.55198181
""
0.86846125
""
""
0.87968457
0.81273234
""
0.80227977
0.63209534
0.72002548
""
0.64393729
0.69534469
0.75483584
0.81094599
0.8373909
0.71240169
0.72321689
""
0.72154307
0.73903036
0.60516727
0.83270597
0.66924876
0.68730581
0.65081704
0.61820173
0.68817657
0.88590574
0.80803263
0.63501281
0.7720626
0.71938384
0.78554779
0.72503209
0.72576267
0.7033866
0.7157892
0.64444757
0.60907507
0.6108073
0.63949293
0.51185858
0.66084623
0.72359776
0.58498788
0.66666973
0.72068971
""
0.69089216
0.77405858
0.88472992
0.63385701
0.69276643
0.59889001
0.76894659
0.40596488
0.50513345
0.59960014
0.74471051
0.45570552
0.66232771
0.62577653
0.60901761
0.64485073
0.7619465
0.65842021
0.71556759
0.72423786
0.70408314
0.71885091
0.77993643
0.65674269
0.67953032
0.69010973
0.46677852
0.3566418
0.40639606
0.50585943
0.33269227
0.52409226
0.67109656
0.51904696
0.46747321
0.41235086
0.53776139
0.39620268
""
0.56071383
0.5499894
0.50718051
0.68008953
0.61196029
0.63433719
0.58518541
0.4925741
0.76875985
0.7233212
0.59947741
0.81182337
0.61522514
0.63040161
0.76181602
0.82046342
0.71212572
0.69950575
0.69481736
0.71969873
0.67378092
0.61360031
0.59397167
0.70772803
0.7398504
0.67884511
0.74303764
0.77212417
0.79000717
0.71991664
0.78553778
0.68665481
0.60847753
0.79249305
0.85530066
0.72594583
0.72063655
0.73067313
0.75703615
0.72332782
0.65260398
0.75004065
0.75880551
0.62084216
0.72645235
0.72230202
""
0.70791668
0.62019199
0.70333505
0.56557065
0.42086557
""
0.63672328
0.44488853
0.65330279
0.71666002
0.66413033
0.65929997
0.65955132
0.74267954
0.68120027
0.6428225
0.60906351
0.77394032
0.73702073
0.56308138
0.73894382
0.70563537
0.54160833
0.45611829
0.50062883
0.47064212
0.44077441
0.41092247
0.55772996
0.61443263
0.49038583
0.52826107
0.48016429
0.58059847
0.51329064
0.3031671
0.49421889
0.4645052
0.39105958
0.42546469
0.49193117
0.58969998
0.52071261
0.4815453
0.72126752
0.60275638
0.79104203
0.61667001
0.66870868
0.65686584
0.63284719
0.63125682
0.72195256
0.63797367
0.67068529
0.59527493
0.58300811
0.560027
0.65238136
0.58312452
0.57142419
0.4994573
0.57055712
0.62331408
0.5818432
0.55887789
0.64454889
0.57855129
0.53284466
0.72330111
0.54488486
0.46256107
0.54231775
0.46857259
0.40115637
0.4836925
0.52205795
0.64333141
0.59747255
0.63968003
0.54811889
0.54607576
0.44201741
0.54300714
0.59090054
0.45519862
0.59704787
0.70260602
0.60870695
0.67922693
0.64752871
0.64294392
0.61016083
0.69744152
""
0.66562837
0.60605258
0.61175555
0.62442487
0.54669178
""
0.57847714
0.7285552
0.68710494
0.50754094
0.63120079
0.53409135
0.60814852
0.67375851
0.80640811
0.64155632
0.71477169
0.70154011
0.67260033
0.69455922
0.70400548
0.59573352
0.49674216
0.59405887
0.64736789
0.50751078
0.60095328
0.80165571
0.8921811
0.74550581
0.65241879
0.66416961
0.68838239
0.66211963
0.66106856
0.37827381
0.52842331
0.34672567
0.32140318
0.41690233
0.34023458
0.2526277
""
0.33004963
0.47951341
0.37565142
0.53675944
0.47129884
0.2506007
0.34209177
0.47798702
0.66708231
0.61552078
0.71562451
0.70177364
0.60752422
0.67642111
0.71402329
0.71383566
0.63512897
0.79965287
0.80220526
0.61003071
""
0.69610351
""
0.7172603
""
""
""
""
""
""
""
""
0.83502388
""
""
""
""
""
""
""
0.91606086
0.70513803
0.83745778
0.80951387
0.83302695
0.32301429
""
""
0.84459221
0.75053555
0.80585808
0.84013104
0.79409534
0.79832995
0.807482
0.75188005
0.84098375
0.78561515
0.74153131
0.78132641
0.83942288
0.81485546
0.89731932
0.83821958
0.75867337
0.79367632
0.8742975
0.55921048
0.84193569
0.76198328
0.87064809
0.7946254
0.91906494
0.83274555
""
""
""
""
0.86298448
""
""
""
""
""
0.89418298
""
""
""
""
""
0.77027744
0.67348266
0.96394175
0.67516994
0.7276696
0.69037056
0.74055755
0.65885615
0.7940169
0.721811
0.76936799
0.59984964
0.7330426
0.66725028
0.73766059
0.65564364
0.73014212
0.71929568
0.78821266
0.78292888
0.74778402
0.76718682
0.74703121
0.80217713
0.8446933
0.78189975
0.81239009
""
0.87375325
0.7801789
0.80004907
0.55700248
0.73472828
0.54360199
0.58553755
0.78416502
0.61705101
0.51043528
0.72571951
0.79758179
0.72573233
0.68927824
0.75600827
0.79472899
0.68094051
0.82488102
0.77448887
0.80793864
0.79275721
0.71081257
0.80182415
0.7079767
0.77140641
0.69490391
0.72305506
0.60855949
0.72523195
0.71361417
0.68737972
0.74964488
0.64797235
0.60716039
0.57242084
0.62111145
0.57806063
0.67407411
0.55735487
0.71669549
0.80231589
0.5800426
0.59505093
0.82225782
0.77179134
0.86488008
0.75488842
0.72107488
0.7180478
0.78031063
0.75064874
0.73814577
0.8023873
0.80815977
0.70902818
0.76927471
0.76459962
0.77330202
0.7538448
0.77389079
0.78733808
0.75629938
0.82451928
0.84390658
0.68711793
0.73799598
0.71084291
0.74092108
0.66904706
0.69879031
0.78562963
0.69471216
0.69881815
0.75054193
0.65377992
0.70227706
0.5518561
0.92961901
""
0.86207938
""
""
0.79478723
0.67903966
""
""
""
""
0.81336862
0.69955778
""
0.75715619
""
0.71735984
0.79933447
""
""
""
""
""
""
0.73561585
0.59848541
""
""
""
""
0.52839988
""
""
""
""
""
""
""
0.52486968
0.47311285
0.65226495
""
0.60653561
0.70036477
0.68396825
0.67982328
0.89676887
0.6618129
0.76328135
0.61490059
0.69612378
0.76077729
0.69279432
0.6919139
0.66365415
0.61131686
0.69603294
0.79933566
0.72928959
0.72835791
0.60679424
0.73536897
0.79947698
0.59376544
0.78008854
0.74753922
0.718418
0.74691308
0.84055054
0.6315434
0.74598271
0.74294877
0.72609639
0.72916818
0.69197834
0.75393683
0.69080335
0.67405832
0.83177817
0.76454711
0.67107093
0.69473779
0.52660316
""
""
""
""
""
0.95952505
""
0.4479858
0.76537722
0.61108255
0.73027271
0.61636513
""
""
""
""
""
""
""
""
""
""
""
""
""
""
""
""
0.77997357
0.71543056
0.86947197
0.68848014
0.50946593
""
0.79873455
0.6970861
0.75113606
0.61168295
0.67200798
0.64721608
0.67452002
0.70483989
0.76297271
0.75084901
0.65458995
0.68439305
0.3389864
0.6410827
0.47729209
0.60682207
0.57980394
0.56458145
0.57803947
0.66890687
0.64577866
0.57514566
0.6204378
0.59995669
0.62124497
0.6952576
0.68039167
0.66389942
0.62704247
0.57670087
0.62958765
0.67550939
0.63535523
0.67321557
0.70193034
0.78585559
0.56298912
0.72214079
0.76710802
0.71421158
0.76779461
0.74098963
0.67681438
0.82012695
0.73923481
0.73279977
0.7770865
0.78372097
0.76234651
0.69925994
0.71706438
0.80615592
0.81356239
0.74138349
0.70973086
0.65535069
0.77078635
0.7122367
0.74683034
0.67447364
0.63437027
0.67786241
0.69752353
0.67298067
""
0.50639623
0.52784115
0.54949635
0.66365767
0.42050606
0.63693988
0.52364701
0.55794603
0.57306397
0.54485101
0.80733025
0.6898796
0.5002088
0.63853651
0.66169846
0.70925355
0.57965535
0.77496082
0.5340451
0.69331133
0.6976037
0.42360356
""
0.69755167
0.68782103
0.68632907
0.57819033
0.78681034
0.71392232
0.74186599
0.63200176
0.65238684
0.70625174
0.35511699
0.60751826
0.57167071
""
0.54517573
0.68031639
0.6927309
""
0.65505594
0.67598265
0.56836557
0.61489534
0.66838843
0.57358128
""
""
0.80165303
0.87391269
""
""
0.90092814
0.4877004
0.6129781
0.74372727
0.6271531
0.66211402
0.72488546
0.73379296
0.7131384
0.55110252
0.62209558
0.83751065
0.6259079
0.66188818
0.77556175
0.73408377
0.78053033
0.5847519
0.63785028
0.77568781
0.41476169
0.67142546
0.81477624
0.61505824
0.65022928
0.54927671
0.85828948
0.65635407
0.59932339
0.58896977
0.69663262
0.54961091
1.2273877
0.73820758
0.56528211
0.58556908
0.5249514
0.72383821
0.64468122
0.6022408
0.58357149
0.61182755
0.60942703
0.60391587
0.57878816
0.47505367
0.7170428
0.59102064
0.50459629
0.61820757
0.74131012
0.6768223
0.58776659
0.70549041
0.62603611
0.50390553
0.46350124
0.72400272
0.68994743
0.67126495
0.70469087
0.86622173
0.58551639
0.61231548
0.61174923
0.64817381
0.76068705
0.65469611
0.50550252
""
""
0.64195639
0.60967857
0.78877282
0.75784785
0.60132504
""
""
0.76664877
0.70537657
0.67211473
0.62651563
0.62623614
0.61566263
0.75193012
0.69029409
0.68026108
0.50119013
0.68610227
0.680511
0.74889839
0.61369866
0.66120565
0.73084944
0.73886013
0.49164414
0.47185457
0.5551706
0.5847038
0.62207389
0.73227948
0.58578509
0.72991854
0.7397486
0.75849915
0.73132741
0.65991348
0.56694919
0.72961456
0.75549388
0.64556402
0.65681458
0.69489461
0.66295409
0.80625761
0.69322294
0.72828567
0.74750906
0.81949502
0.77199864
0.59634209
0.70620918
0.76294678
0.65370107
0.61567575
0.72210115
0.74989408
0.59153891
0.69565427
0.7525422
0.82371587
0.67743683
0.61161578
0.67271596
0.81167096
0.70733559
""
0.71851933
0.79515773
0.644885
0.64694184
0.62515843
0.59454554
0.56705475
0.64817017
0.648027
0.67607743
""
0.62137997
0.71736306
0.73633683
0.61199331
0.86956215
0.78015202
0.53827208
0.70465904
0.84961379
0.74772054
0.78734303
0.63907206
0.65407014
0.66710442
0.69363147
0.72148597
0.78521425
0.68901646
0.7087577
0.6802007
0.59324694
0.76485938
0.74957079
0.52279168
0.65915054
0.71853465
0.53671688
0.54469627
0.72893286
0.76836282
0.72957212
0.72355551
0.69125831
0.67195231
0.64851117
0.74313879
0.65153563
0.6401186
0.76401865
0.71239626
0.62595224
0.70139271
0.72151417
0.62968129
0.66989672
0.66642118
0.7084021
""
""
""
0.87632322
0.77682894
""
0.87003332
0.86546171
0.77205116
0.77434331
0.86995286
0.72437876
0.73229498
0.61961114
0.80680305
""
""
0.83136386
0.754493
0.78818238
0.66434097
0.68619895
0.80102026
0.77153301
0.73400599
0.64624876
0.76019335
0.62880993
0.76492125
""
0.6989029
0.60066825
""
0.77128226
0.80617338
0.67718637
0.80008537
0.81434393
0.68649852
0.79431969
0.78549069
0.71583509
0.78492379
0.77192849
""
0.79783362
0.510737
0.72471666
0.72569251
0.77590328
0.70743442
0.72368026
0.68158275
0.67361486
0.69667763
0.74252623
0.76043594
0.71996427
0.70794004
0.76218796
0.74317902
0.75445151
0.62603629
0.73275244
0.71136546
0.65932912
0.66079128
0.72218424
0.6638974
0.6715492
0.6606198
0.66171336
0.66960311
0.68177235
0.74618942
0.70684499
0.6918835
0.72880483
0.74009812
0.64552563
0.65947157
0.65709984
0.72617447
0.7383489
0.62818992
0.69344741
""
0.96211714
0.61601079
0.67958432
0.73544621
0.68963617
0.63781089
0.57988012
0.70708072
0.62943041
0.72896463
0.73949665
0.73589975
""
0.68335599
0.80787545
0.83479732
0.64592016
0.72490031
0.71662891
0.68582529
0.72632933
0.69562596
0.77522337
0.70266867
0.74062979
0.71794546
0.70955908
0.7030701
0.65761507
0.79644793
0.70455873
0.81824809
0.71754938
0.68114263
0.80148739
0.76276213
0.68598461
0.75849646
0.7126497
0.64869601
0.62165254
0.58921152
0.71498311
0.72315598
0.77616566
0.66744077
0.66157979
0.71446669
0.71712554
0.69283271
0.76369232
0.65396851
0.68637758
0.72821873
0.60868472
0.69622809
0.6804142
0.65055883
0.56763893
0.69148153
0.51507443
0.7001515
0.69110215
0.63591164
0.645715
0.70222563
0.78731507
0.75028878
0.85998434
0.68610215
0.66170138
0.63511884
0.76715904
0.72999239
0.65922737
0.64368284
0.72337002
0.66450602
0.81342256
0.77431685
0.53657353
0.78894454
0.60018075
0.69929963
0.67987531
0.73878229
0.76751119
0.74852258
0.60287452
0.57522792
0.73955292
""
""
0.65377843
0.58444011
0.59447128
0.76294601
0.51094991
0.6090641
0.7148059
0.65025038
0.66400272
0.58741486
0.53979945
0.65505368
0.62063736
0.59545082
0.3832618
0.37916484
0.45250723
0.65121114
0.67308265
0.78511912
0.68770921
0.64527023
0.62932062
0.68496424
0.5824579
0.61825758
0.54791451
0.67532486
0.67520595
0.57833958
0.60170704
0.74973488
0.66089696
0.81047201
0.7092011
0.71095163
0.75372541
0.70803368
0.71773183
0.72528642
0.54692161
0.68176156
0.35289958
0.65329123
0.69423461
0.59588999
0.6246686
0.65505153
0.61590898
0.59721375
0.53927612
0.5294584
0.69026881
0.57839906
0.58746374
0.69986165
0.61433578
0.70325035
0.57932866
0.67771232
""
0.59735996
""
""
0.79937112
0.51627535
0.42953381
0.53923434
0.2255888
""
0.56753343
0.37746158
""
""
""
0.47980249
0.47912493
""
""
0.31059653
0.46444148
0.61782712
0.53220838
0.44427714
0.36044034
0.44058722
0.44460496
0.45623282
""
0.6334843
0.36997905
""
""
""
""
0.47075772
""
0.71986037
""
""
0.49429193
""
""
""
""
""
0.50754488
""
""
0.36947331
""
""
0.61565298
0.5167225
""
""
""
""
""
0.43568289
""
""
""
""
""
0.71401674
0.56765461
""
0.58270305
0.45722872
""
""
""
""
""
""
0.44002303
0.47691667
""
""
""
""
""
""
""
""
0.49595562
0.3508262
0.20593897
0.36187467
0.32173526
0.6909287
0.36838356
""
""
""
""
""
""
""
""
""
""
""
""
""
""
""
""
""
""
""
0.49766865
0.47014955
0.56865048
0.60488516
0.5282104
0.59934217
0.47994751
0.56189597
0.6762228
0.51327956
0.46058065
0.41457716
0.65901989
0.48784441
0.65171778
0.52971691
0.56094044
0.36338151
0.66688973
0.62541544
0.68016398
0.66585368
0.57943511
0.69851094
0.70722455
0.51352173
0.63870126
0.70393389
0.78468752
0.74213481
0.57311213
0.59781265
0.58909643
0.60254914
0.55758137
0.62070566
0.56662673
0.51256561
0.76461971
0.50038588
0.52893406
0.49679494
0.5890798
0.69501525
0.52197605
0.48884311
""
0.61504471
0.50188237
0.4094317
0.50299215
0.48990011
0.54811883
0.40218571
0.38964412
0.57459587
0.57660127
0.62892485
0.60879368
0.56672186
0.43091443
0.5810253
0.72776544
0.51191419
0.59403312
0.54180795
0.59417266
0.58838409
0.61098009
0.46588024
0.61115879
0.62849969
0.51989156
0.50730008
0.37461552
0.46381569
0.52951133
0.58396983
0.50570911
0.49109715
0.44920698
0.20497903
0.43183941
0.4199025
0.53828692
0.74150521
0.52857542
0.61388886
0.51778853
0.51960486
0.66800356
0.58052391
0.69491631
0.66326505
0.75170904
0.67579693
0.37460852
0.63020742
0.59669918
0.67616642
0.68168843
0.44152588
0.63286054
0.50748372
0.53583193
0.54352814
0.51270813
0.49233305
0.48553324
0.48005748
0.6085552
""
""
0.44009316
0.53800005
0.66134745
0.70378274
0.60173512
""
0.47339538
0.76284462
0.25884768
""
""
0.59938931
0.58282858
0.49263358
""
""
0.64006925
0.59961677
""
""
""
""
0.68390203
0.74572968
0.7417115
0.72152275
0.83551663
0.65705431
0.6859051
0.75975972
0.555255
0.59127361
0.79983902
0.77087486
0.75224513
0.74252307
0.67106748
0.67226076
0.63823777
0.65354109
0.72547847
0.69202811
0.66532272
0.7116431
0.74694729
""
0.76433331
0.60756212
0.66818482
0.71162438
0.66802835
0.75674129
""
""
""
""
0.58977437
0.56994218
0.4026573
0.60325778
0.62487549
""
""
0.76823843
0.74093181
0.74059141
0.7707358
0.8180564
0.73704809
0.73111367
0.69639373
0.76832211
0.74868131
0.72726667
0.64451635
0.73282385
0.68573946
0.74407083
0.73682797
0.71782035
0.6770227
0.71032244
0.76589531
0.7412591
0.75218987
0.71893251
0.70737255
0.70122308
0.65727389
0.61790991
0.75012755
0.59639341
""
0.60403186
0.49235305
0.58600491
0.61483973
0.64386451
0.52667719
0.45735776
""
0.71860075
0.69238681
0.74566132
0.80454344
0.72034621
0.6174159
0.65304798
0.44937164
0.70526606
0.70683825
0.65598977
0.69049323
0.68669796
0.83159387
0.68666303
0.58928186
0.64692301
0.59060931
0.5821991
0.62135708
0.59530735
0.67032558
0.52920282
0.46794733
""
""
0.41594386
0.21212962
0.57247585
0.37356329
0.5731566
0.3936573
0.42513379
0.38103929
0.3729203
0.38130116
0.30459794
0.49530017
""
""
0.66001332
0.52896464
0.41554466
0.57758939
0.42213494
0.35324618
0.43058246
0.6374228
0.76818055
0.71599633
0.6473332
0.46953043
0.61630505
0.63519871
0.54712433
0.70879233
0.68491989
0.54649311
0.52354866
0.37170467
""
0.41866577
0.46020499
0.30362186
0.42529199
0.50295568
0.62012845
0.44373029
0.45671725
0.56685996
0.63260281
0.6303376
0.43728095
0.54153824
0.65496594
0.55056876
0.7141133
0.6506353
0.64902568
0.67618221
0.41888148
0.50202852
0.44852039
0.77230293
0.65584517
0.77941686
0.84107727
0.85479611
0.74116135
0.82897484
0.70674306
0.68691957
0.71643347
0.75896519
0.74134636
0.80081969
0.7437976
0.57359713
0.43628928
0.523592
0.42065811
0.55681324
0.551296
0.47921628
0.60615832
0.45023862
0.45933124
0.55462712
""
0.54529166
0.48005453
0.39468071
0.50860828
0.56851727
0.79519606
0.57198673
0.69338435
""
0.79584152
0.73906159
0.65086085
0.80998451
0.67998326
0.54349017
0.46414116
0.52935964
0.47800726
0.50938004
0.56198853
0.57153547
0.738814
0.69946575
0.91768175
0.87426549
""
0.84407824
0.50036997
0.52620268
0.60611618
0.48418659
0.51265371
0.57539958
0.4844926
0.56983531
0.48085523
0.55931222
0.57989085
0.64337146
0.63483316
0.55696249
0.63370436
0.56201005
0.40685785
0.53530151
0.62943411
0.56751937
0.50214821
0.65312898
0.56549394
0.5818634
0.71581733
0.68288863
0.735466
0.59224296
0.54864329
0.64248914
0.61886507
0.55830413
0.49594906
0.50812209
0.61101151
0.61269301
0.62664795
0.42539632
0.63560468
0.54646897
0.56996953
0.60493565
0.61789894
0.62776369
0.3635892
0.60009766
0.65791947
0.69779712
0.61618131
0.6999597
0.29355264
0.55602825
0.47129974
0.32152101
0.30064866
0.74006557
0.91922349
""
0.56325722
0.59452522
0.49724889
0.52995789
0.53009349
0.50406045
0.61975998
0.72775704
0.5952822
0.59957224
""
0.72014982
0.71439761
0.63694251
0.75562733
0.70915586
0.76414114
0.52646559
0.53743416
0.58568299
0.45969433
0.48924389
0.51179802
0.52046108
0.58480573
0.64174759
0.43727759
0.65954697
0.56025493
0.68600434
0.66856724
0.64211869
0.7237373
0.58262753
0.68265426
0.56992775
0.54922223
0.529544
0.56141144
0.63742119
0.52417219
0.54407471
0.68504316
0.6188916
0.64162451
0.69320655
0.72439808
""
0.39462572
0.58276635
0.43875089
0.42023224
0.61813605
0.5563885
0.56654042
0.54871553
0.61501628
0.564183
""
""
0.45339718
0.52876407
0.64315355
0.46325189
0.59376627
0.36070821
0.34320056
0.62360644
0.53380835
0.5340625
""
""
""
0.45082331
""
0.56486219
""
""
0.50101668
0.75808913
0.74612784
0.76934463
0.57656163
0.7375921
0.79889351
0.66942328
0.64837903
0.2800341
0.49901393
0.47791994
0.49875367
0.5629369
0.45765927
0.39310017
0.52959025
0.61070216
0.50928837
0.48308587
0.60634524
0.67055058
0.59780842
0.86470598
0.87868267
""
0.44295767
0.47986144
0.53385252
0.52562016
0.43351918
0.61174983
0.61134923
0.60707039
0.5668968
0.6722753
""
0.48775393
0.56170076
0.60194266
0.60947442
0.58392555
0.50725967
0.65677953
0.56721741
0.42790711
0.40132144
0.48156101
0.48925677
0.45995724
0.57067657
0.6858502
0.64502311
0.59393626
0.74783391
0.74251395
0.73555654
0.76682848
0.73256499
0.7507596
0.65134782
0.68823373
0.67776161
0.69927686
0.69225383
0.62392306
0.6231091
0.57420343
0.61477911
0.68135548
0.62275314
0.68178093
0.65723366
0.5736599
0.69197857
0.90198576
0.71234167
0.73156524
0.74260014
0.61072618
0.72639483
0.8160007
0.76176155
0.73821539
0.80633283
0.74194705
0.73457134
0.7986455
0.73816389
0.7433688
0.79202521
0.79012334
0.73195153
0.77608371
0.74578208
0.7271173
0.55940664
0.67164743
0.61446726
0.67290127
0.71946859
0.77707076
0.73288918
0.76934433
0.74728298
0.75823146
0.72110367
0.66460896
0.71175015
0.80217749
0.72046953
0.78339881
0.68805689
0.52825338
0.38666168
0.38154313
0.40339038
0.62568849
0.46372646
0.53533971
0.83668751
0.63404465
0.47909227
0.47285828
0.59798735
0.5029639
0.59644318
0.24977079
0.42673561
0.66427207
0.4729799
0.2819978
0.44077578
0.6506272
0.49740973
0.54036623
0.54751533
0.48653635
0.49933511
0.48327181
0.63651586
0.46779191
0.57264704
0.49008915
0.63203347
0.66665399
0.8339802
0.66638803
0.32955325
0.37928009
0.4379867
0.54995733
0.48800877
""
0.65386254
0.5708493
0.65628397
0.17835487
""
""
0.58314514
0.68386245
0.45398524
0.59204692
""
""
0.87700063
0.72104877
0.75240707
0.97139633
0.48086792
0.77971917
0.70555305
0.65653265
0.62883061
0.47375613
0.53072816
0.51934862
0.44037607
0.64879411
0.51940733
0.66841102
0.45063323
0.47614485
0.5320636
0.58057308
0.6104942
0.49926186
0.58748657
""
0.59639251
0.55542374
0.54463476
0.61908156
0.57294655
0.51909059
0.60559303
0.50302947
0.58505946
0.49908477
0.62817037
0.48703524
0.44758269
0.55339706
0.43628237
0.56080157
0.52481794
0.57522702
0.67088902
0.50788164
0.55135083
0.71214002
0.56793946
0.49644709
0.42014769
0.52944636
0.47776613
0.52614939
0.71768129
0.4358367
0.56446481
0.39688513
0.50112063
0.61998123
""
0.45131174
0.65185106
0.68726629
0.38838711
0.54571104
0.40842217
0.61706811
0.79314226
""
0.42204142
0.47981301
0.36281148
0.39609525
0.64444894
0.71584898
0.78377205
0.74522722
0.73585254
0.54342932
0.64297241
0.73389202
0.76597184
0.65387946
0.67060739
0.62775362
0.72066718
0.70765072
0.77079439
0.68866688
0.77463967
0.75697041
0.67397702
0.6805734
0.66878504
0.67905432
0.53573358
0.63818353
0.72003716
0.55650705
0.64740682
0.65312642
0.74368072
0.85606366
0.72530288
0.69682127
0.62680137
0.66360784
0.60244578
0.63229251
0.73932916
0.74976677
0.68040061
0.73401451
0.70159024
0.71605098
0.72454983
0.72502637
0.67881978
0.80555475
0.73020542
0.74791801
0.71336675
0.75845933
0.73329568
0.73865056
0.69879812
0.71226263
0.72234434
0.31355053
0.32036662
0.46631303
0.54999584
0.36469287
0.40456599
0.61904848
0.60357529
0.55895013
0.60319036
0.49303612
0.5959056
0.57343251
0.56600791
0.50788486
0.58833146
0.63079232
0.59399366
0.56794238
0.52058291
0.76362914
0.68207914
0.58431721
0.60994536
0.64900982
0.67716473
0.64739424
0.57839757
0.8767134
0.5381453
0.61113018
0.71168566
""
0.58168423
0.58828938
0.65729731
0.78602666
0.71184206
0.6670689
0.6239019
0.70799154
0.60204315
0.75765389
0.65527576
0.74656481
0.73569494
0.73166174
0.69369209
0.63563555
""
""
""
0.55074716
0.64040774
0.59734076
0.63545841
0.59485418
0.41022819
0.63362706
0.67995709
0.61700112
0.61072057
0.64977133
0.55507874
0.54052579
0.54844677
0.62062919
0.60009086
0.52019358
0.50175434
0.57806069
0.44328299
0.63696033
0.54714912
0.6131174
0.72179717
0.62792617
0.5348599
0.59388947
0.58786851
0.58723742
0.56282252
0.72922724
0.38551807
0.31856409
0.55776715
0.58839935
0.58751553
0.60830379
""
0.31211302
0.71220583
0.36635372
""
0.68773872
0.37826261
0.53234309
0.60837245
""
0.65065855
0.61696118
0.65041828
0.68104339
0.73837739
0.78948653
0.62988079
0.60110825
0.60682505
0.69928819
0.66339469
0.80687749
0.64439631
0.8104443
0.26905334
0.49332482
0.58644563
0.38865605
0.68012214
0.7341193
0.64503551
0.55718446
0.64673042
0.6683628
0.63754672
0.61613494
0.58479625
0.56438601
0.76554745
0.58210087
0.36701384
0.53760242
0.5219934
0.63112271
0.52520573
0.4660123
0.50069743
0.76585972
0.70916927
0.69096708
0.5948233
0.56754035
0.75051832
0.49813649
0.57401007
""
0.59626716
0.52985245
0.4482016
0.56062776
0.57368451
0.56833088
0.60183764
0.59644413
0.53672206
0.71097547
0.44867197
0.46426705
0.36425769
0.58946878
0.59217787
0.38612765
0.45706829
0.5416081
0.6323607
0.53554231
0.6453712
0.59384549
0.62200087
0.74790043
0.58670557
0.23454286
0.45894274
""
""
0.67102885
0.5527575
0.45545137
0.36533412
""
0.67136288
0.68526858
0.5447489
0.52841419
0.45725045
0.54040504
0.67920572
0.57130146
0.61102301
0.64229345
0.58491969
0.69781059
0.47358683
0.51381862
0.71497291
0.6718567
0.69695532
0.51626039
0.50239331
0.5644486
0.6050176
0.62545609
0.50419033
0.5447942
0.41638762
0.46071523
0.57826608
0.54225361
0.60291851
0.65847927
0.66257232
0.57413536
""
0.67937434
0.4912096
""
""
""
""
""
""
""
""
""
""
""
""
""
""
""
0.53576827
0.55863428
0.55440784
""
0.29449064
0.27854604
0.33499882
0.3984732
0.2417254
0.72996616
0.66295773
0.83032882
0.54224896
""
0.5800637
0.69652957
0.80230147
0.77510726
0.80632359
0.80790263
0.54486138
""
0.80908966
0.77223927
0.75205374
0.79007602
0.57382584
0.79788589
0.7236504
0.77431369
0.96844476
0.63097042
0.62101871
0.76558912
0.68977517
0.66429335
0.81614858
0.71286261
0.7389853
""
0.76633894
0.70681894
0.69825071
0.75150067
0.71857041
""
""
0.91857272
""
""
0.57919341
0.35119852
0.74645716
0.64174491
0.64627296
0.59098727
""
0.83729899
""
""
0.62273741
0.75013554
""
0.57493275
0.9393115
0.78278768
0.6470564
0.65024251
0.72567266
0.80583513
0.8530736
0.75815105
0.59135455
0.72983968
0.63571912
0.71937734
0.67713672
0.60649115
0.56111777
0.55432749
0.61375332
0.64734882
0.67717725
0.60866731
0.72477311
0.65111047
0.64049023
0.60614032
0.64291155
0.66379613
0.58921367
0.65032393
0.73750234
0.61696702
0.66804397
0.69716418
0.7871266
0.71770751
0.81827909
0.70468849
0.69157499
0.60906667
0.78294861
0.68578976
""
0.61094034
""
0.7665695
0.56344146
0.63323438
0.70026642
0.61187649
0.70115024
0.66932225
0.67920053
0.49950793
0.63246077
0.69159752
0.62136531
0.55430007
0.61902434
0.67034984
0.81076074
0.69889963
0.63029969
0.81281435
0.66347617
0.7993862
0.78068012
0.66276091
0.77699304
0.79779834
0.78592664
0.80284137
0.77137154
0.73226923
0.75289494
0.75296646
0.68658358
0.65321261
0.84802532
0.75434721
0.75898176
0.7246961
0.64519477
0.71738112
0.76751524
0.67229414
0.69443017
0.75258017
0.82697362
0.55322599
0.57607979
0.65900499
0.76223832
0.7219699
0.47111505
0.77030575
0.66163337
0.70776993
0.84491807
0.76447278
0.68336082
0.81087327
0.76339215
0.6861428
0.67975241
0.75542986
0.66214544
0.72958708
0.73908293
0.68555629
0.62462163
0.46614194
0.58761644
0.71980602
0.66382271
0.73155648
0.57783467
0.76216215
0.70557517
0.60819221
0.6458897
0.60458612
0.66792893
0.61947852
0.68217874
0.62425524
0.59603029
0.6830256
0.59679562
0.64667732
0.62114364
0.64606714
0.58898032
0.59811461
0.62790853
0.60084701
0.63111699
0.6246345
0.6303401
0.63343102
0.58362788
0.64244318
0.65995997
0.69086766
0.70243859
0.63736975
0.57701492
0.70108116
0.68432689
0.82003164
0.56809813
0.64618903
0.5455541
0.56041795
0.55766487
0.63185471
0.69878954
0.58952534
0.55287403
0.51506579
0.62647349
0.70499557
0.65384942
0.5818311
0.6348263
0.48511395
0.44409209
0.58194149
0.60422325
0.74484259
0.71353912
0.62547415
0.72962755
0.70109278
0.73096591
0.66764694
0.67769533
0.69419098
0.71133232
0.73105377
0.73425233
0.74257827
0.8008104
0.67970705
0.70820642
0.67262203
0.68904263
0.6915682
0.70107329
0.6335476
0.65419251
0.63111156
0.66584992
0.71512246
0.66492736
0.65595096
0.51205182
0.57843822
0.71733379
0.639911
0.58464289
0.62564176
0.60220641
0.69199681
0.66120827
0.66178602
0.47481266
0.6939221
0.57473403
0.64780122
0.56927133
0.63257819
0.58643985
0.74721992
0.61054111
0.58497012
0.50389695
0.56867898
0.5785948
0.53460413
0.6459704
0.53559452
0.49625048
0.59261578
0.54095066
0.66427118
0.7482354
0.68566024
0.76212251
0.76333439
0.69442183
0.4574354
0.63761878
0.68655944
0.52901936
0.51701468
0.46765083
0.66375023
0.54702634
0.61713237
0.6236043
0.50973654
0.71347266
0.70614821
0.62110519
0.60047257
0.70752639
0.62762874
0.60882449
0.68246204
0.59646142
0.63575381
0.69740105
0.69131279
0.75392985
0.56882513
0.72355157
0.68865049
0.74056751
0.65142232
0.64519382
0.67986298
0.62288469
0.70924056
0.78198504
0.76071626
0.82974559
0.79365742
0.66671729
0.61786968
0.56304896
0.48830301
0.63302618
0.70765436
0.51514989
0.70601505
0.64043719
0.63854009
0.65307456
0.55534315
0.64375246
0.64571977
0.61520112
0.64228821
0.78197479
0.669083
0.63892323
0.57386702
0.64314198
0.6849308
0.56266719
0.61027706
0.56888294
0.61680317
0.61374587
0.69500899
0.58968431
0.74303359
0.8253625
0.58586973
0.69792986
""
0.86420196
""
0.51308882
0.75908482
0.63926888
0.70658094
0.48690137
0.59020644
0.7545948
0.60923851
0.43099749
0.6617108
0.57270432
0.53287369
0.60396647
0.6391499
0.50351697
0.45822594
0.59609401
0.39160392
0.61394864
0.583628
0.57337576
0.52386516
0.39002278
0.47214907
0.43979532
0.59829968
0.45772454
""
0.58362561
0.58097911
0.64183342
0.48421371
0.4266018
0.56687069
0.57371259
0.57869303
""
""
0.28500533
0.65330833
0.36356726
0.37458548
0.54415709
0.50288981
0.5542798
0.51156068
0.49010593
0.52253407
0.23818666
0.48703098
0.53236824
0.59709001
0.58083075
0.60726637
0.68525922
0.52836168
0.64257759
0.63615334
0.54569888
0.51800197
0.5599969
0.57713675
0.47848284
0.41764957
0.44596815
0.53657061
0.59927082
0.60601872
0.63721728
0.53966689
0.4422273
0.43687809
0.49817151
0.49118096
""
0.70496058
0.62725019
""
0.4091956
0.79688758
0.74161023
0.60127026
0.83820039
0.72999668
""
0.5346669
0.79546416
""
0.68714947
0.5009774
""
""
0.79606694
""
""
""
""
""
0.74917603
0.72834337
0.70597059
0.61119175
0.69125152
0.59772664
0.79780507
0.70861262
0.79788136
0.66839898
0.57360524
0.76698464
0.68500632
0.62124729
0.63863516
0.71092027
0.73494393
0.49177957
0.61072427
0.52849066
0.73819125
0.688169
0.57346785
0.79643571
0.75563347
0.6029231
0.67434376
0.54532087
0.74308425
0.49807826
0.76194239
0.67754102
0.75165051
0.68250769
0.66598934
0.55581093
0.67676425
0.72464758
0.63953966
0.71633989
0.69450527
0.68162948
0.71480209
0.75033361
0.6210258
0.71376717
0.38716954
0.59346747
0.67496115
0.7008003
0.68487555
0.78189898
0.50245786
0.59078473
0.82126158
0.70380068
0.77361459
0.69847637
0.69962507
0.57766843
0.68160379
0.53067541
0.75413907
0.69456774
0.79607254
0.71126175
0.5929507
0.60003448
0.72516549
0.61514103
0.61918664
0.70717055
0.63599396
0.707874
0.76308101
0.68874288
0.70451814
0.79264677
0.58640057
0.71363819
0.63086194
0.71146184
0.76441443
0.76709574
0.65797102
0.73082423
0.75809014
0.73248607
0.70561498
0.75165564
0.76153177
0.59976196
0.86033589
0.74250597
0.62824798
0.78532761
0.65475655
0.69320446
0.73868597
0.77954322
0.74845243
0.77211392
0.62979424
0.66639018
0.71060359
0.75632453
0.5499208
0.81237495
0.62082487
0.60995859
0.73904449
0.60432011
0.54238093
0.57573372
0.68498552
0.67005843
0.74551928
0.55150431
0.75880098
0.65877074
0.63501173
0.71981412
0.74883366
0.51189369
0.7242381
0.60543472
0.59426999
0.68138862
0.63550502
0.74061126
0.65625101
0.6300934
0.68657285
0.65748686
0.71942425
0.55177069
0.69327581
0.75796497
0.41668451
0.70672214
0.88147908
""
""
""
0.69089222
0.88836038
0.54974884
""
0.68158728
0.7959103
0.58482617
0.69521517
0.73828495
""
""
0.74135852
0.66117018
0.74129987
0.62995368
0.37646154
0.76726222
0.64973295
0.72957671
0.57667315
""
0.71233356
""
0.7408784
0.78066039
0.65013605
0.77088565
0.69391394
0.87307566
0.72249913
0.7266053
0.59184223
0.65499264
0.718108
0.74400055
0.74091494
""
0.74214673
0.72064531
0.7241382
""
0.70958328
0.77939612
0.69169211
0.71366775
0.74329096
0.66085076
0.85458273
0.67779279
0.64560568
0.65348053
0.61043102
0.57897258
0.43005946
0.60924292
0.64646471
0.60752314
0.59469324
0.69625986
0.78936821
0.63360727
0.66038662
0.645208
0.63982552
0.59833205
0.65917861
0.59025288
0.55562949
""
0.25464952
0.42669678
0.47522217
0.29963171
0.4493809
0.31173402
0.39455009
0.51114315
0.58587474
0.21690485
""
""
0.40658101
0.3646622
""
0.62511092
0.62821209
0.67577499
0.48982272
0.5900349
0.67409283
0.58810723
0.7259137
0.62014121
0.70679218
0.49140933
0.65891296
0.61726344
""
0.6546039
0.64071941
0.58694601
0.61872226
0.6280489
0.50201017
0.73614979
0.66760355
0.56744182
0.5633474
0.57451022
0.42714152
0.57310903
0.4855845
0.4959029
0.45810387
0.49940744
0.73980379
0.52428597
0.56100172
0.45382044
0.63408709
0.56741387
0.54231185
0.40050179
0.3560974
0.49509934
0.40014336
0.73045069
0.64996439
0.68135709
""
0.69589847
0.73816538
0.41859698
0.40647307
0.37079057
0.72887886
0.63372833
0.55751824
0.68073767
0.62686586
0.65608424
""
""
""
""
""
""
""
""
""
""
""
""
""
""
""
""
""
""
""
""
""
""
""
""
""
""
""
""
""
0.48144162
""
0.47764158
0.52676833
""
0.13001446
""
0.57128555
""
""
0.31619114
""
0.41366506
0.46921483
""
0.10055775
0.2036586
""
""
""
""
""
""
""
""
""
""
""
""
""
0.84948903
0.43830031
0.62386811
""
0.53619128
0.32636651
0.61905688
0.49886826
0.6045565
0.46924043
0.64175093
0.6618107
0.31504181
0.41829109
0.56633794
0.61100984
""
0.53869754
0.65027398
0.66580522
0.56040537
0.56602263
0.30538854
0.63845628
0.90231013
0.62706017
0.65134722
0.69551665
0.4330647
0.45125878
0.5148772
0.48183402
0.62711078
0.54729027
0.55762696
0.50788754
0.45185122
0.45524353
0.56834662
0.6585266
0.75575668
0.58753842
0.50991005
0.50906652
0.41952848
0.60131568
0.56760031
0.65089095
0.45264241
0.6329034
""
0.42321086
0.46047607
0.54873562
0.64455056
0.63146281
0.47404298
""
""
""
""
0.7166968
0.44533584
0.3853595
0.65535694
0.64003098
0.69998795
0.6735912
0.58965367
0.55427676
0.61124414
0.53295773
0.73772198
0.65841764
0.030517872
0.62724704
0.68854469
0.65715885
0.71768308
""
0.73653728
0.58616084
0.74685395
""
0.68580204
0.63053715
0.67084533
0.44069019
0.61673522
0.70958751
0.69331324
0.56585997
0.69637501
0.70238477
0.76837617
0.67902243
0.58986634
0.5952211
0.66625899
0.67479992
0.64143091
0.73480701
0.67294848
0.67986995
0.77502406
0.67256844
0.7444666
0.64943999
0.67920393
0.7349351
0.58286327
0.68122184
0.69081634
0.70695657
0.62543929
0.54343623
0.62234473
0.72627228
0.65434372
0.62456012
0.65818739
0.64222401
0.86139894
0.67722493
0.61882472
0.67331815
0.53170365
0.65812355
0.7470026
0.88904977
0.69573653
0.83070475
0.74734789
0.71458763
0.6258499
0.82260323
0.68010575
0.54718113
0.66000628
0.66426104
0.704054
0.61083156
0.53831726
0.77411538
0.77403384
0.62777221
0.63260174
0.56928414
0.64752108
0.66570705
0.69590294
0.83277124
0.77312243
0.80138916
0.85698861
0.85597926
0.77677184
0.67825568
0.62849569
0.70579457
0.83821326
0.23190495
0.43888763
0.34051421
0.67563546
0.66135192
0.67897314
0.60134017
0.68585902
0.64750606
0.67238933
0.65087646
0.72506714
0.69514954
0.74668515
0.53644025
0.45691305
0.66858131
0.57328212
0.67141563
0.59721011
0.60984755
0.64120996
0.61438584
0.62319231
0.37905115
0.49377772
0.43674099
0.495552
0.43953636
0.48715323
""
""
""
""
""
""
""
0.3891702
0.47011113
0.63309461
0.52822089
0.5613308
0.59962958
0.57381839
0.54489064
0.53585953
0.60925984
0.52041173
0.64323157
0.59779352
0.60720491
0.65744627
0.58713162
0.65478301
0.5818817
0.51517731
0.52763641
0.5085808
0.54574603
0.46633574
0.52241451
0.38582498
""
0.52123839
0.52570134
0.58364761
0.59005415
0.46646103
0.56333208
0.59374297
0.60140258
0.70378011
0.64031464
0.62017518
0.70084196
""
0.46748844
0.47887233
0.51646012
0.56585741
0.51072669
""
0.67947012
0.69292384
0.7781325
0.52480716
0.77097321
0.77233106
0.73633462
0.76965332
0.8010518
0.75757366
0.73018444
0.70739937
0.74047947
0.74494636
0.79253447
""
0.73951471
0.73169971
0.72873497
0.80682957
0.78553522
0.73881888
0.72128743
0.71485531
0.79145789
0.74691695
0.68653256
0.75976831
0.75231361
0.75048143
0.713714
0.70899236
0.62363565
0.74727452
0.78043842
0.74132359
0.75198609
0.63465965
0.72656727
0.67990071
0.73966467
0.68374425
0.6996994
0.75863248
0.77158016
0.71761924
0.61230129
0.71084118
0.74743301
0.66925889
0.71584624
0.7628051
0.77250588
0.72236073
0.47498298
0.59207654
0.57200038
0.49636781
0.3315677
0.3410947
0.1526815
0.2541678
0.48354411
0.49391347
0.52744198
0.54318541
0.5602932
0.535034
0.55273491
0.51909137
0.48568061
0.51080984
0.63712537
0.44305256
0.22580005
0.46382931
0.49621361
0.51622748
0.50788289
0.69307286
0.75322235
0.38131276
0.33790961
0.76868653
0.64615685
0.74230868
0.78564048
0.80090219
0.80426764
0.77454525
0.65163368
0.59122878
0.70447588
0.58463329
0.58636349
0.66000503
0.65159899
0.72247744
0.54394436
0.6815154
0.73016196
0.63599157
0.65522212
0.45897958
0.600465
0.65810513
0.68671983
0.81886971
0.9257127
0.77428448
0.76782542
0.77712643
0.80474931
0.78117877
0.74513918
0.7467711
0.69473588
0.71702987
0.670515
0.73306477
0.69092369
0.66485709
0.72459137
0.61235738
0.64237237
0.65130299
0.61370701
0.72237086
0.79652846
0.82052511
0.65534168
0.58701694
0.69599164
0.70204669
0.76495594
0.70853025
0.67169291
0.62393063
0.64080274
0.67711675
0.7228837
0.69006807
0.79681367
0.71118319
0.70983684
0.71799302
0.71407461
0.71111435
0.69639707
0.77472514
0.6722526
0.62947404
0.65527153
0.62729084
0.80887729
0.70906121
0.77517503
0.71333313
0.72660774
0.7111026
0.68196499
0.74518925
0.71069527
0.7015363
0.69176298
0.71116751
0.67876536
0.78481627
0.78270316
0.73748475
0.66995704
0.65402132
0.77189475
0.83288366
0.80103016
0.67091811
0.72884041
0.76554567
0.77075911
0.7645613
0.70300835
0.63750571
0.80382913
0.72734362
0.70507288
0.68005955
0.74513346
0.65212733
0.66637784
0.7424888
0.72193563
0.69815183
0.77843744
0.73870122
0.68078113
0.614824
0.72009093
0.69098467
0.71943921
0.58504868
0.59563977
0.66576976
0.58260745
0.65403253
0.72118366
0.67117232
0.62970632
0.74244994
0.70333582
0.7142899
0.81728315
0.74089289
0.77291352
0.79464936
0.75212961
0.7889514
0.81559569
0.76371723
0.6427213
0.70465761
0.69982105
0.69845629
0.66872203
0.69186401
0.713027
0.61250496
0.69986641
0.79249507
0.7866413
0.7298913
0.69459093
0.6914928
0.73039746
0.75760859
0.77661997
0.7297343
0.80512923
0.82830375
0.76877797
0.68681777
0.74181354
0.71399915
0.82044256
0.80163801
0.76957494
0.76336753
0.7398957
0.77678627
0.75411755
0.79566747
0.7663306
0.7278893
0.69876945
0.71271455
0.68637842
0.74625683
0.76277894
0.77348632
0.6702475
0.76746172
0.85550123
0.72271591
0.81272203
0.65788645
0.81636143
0.79208642
0.71019036
0.77419078
0.7109105
0.73929864
0.74878204
0.78336662
0.7732541
0.81877136
0.7994262
0.77582049
0.77755922
0.7725243
0.73723531
0.77966219
0.74333894
0.78927749
0.78286481
0.49779096
0.62783498
0.76191837
0.69681841
0.76791114
0.73013514
0.84705186
0.66927636
0.48887232
0.75928319
""
""
""
0.28120416
0.38690323
0.43833902
0.39880374
0.41731966
0.3257184
0.44552726
0.46440417
0.37884945
0.42878541
0.51480639
0.55634224
0.54617524
0.69056094
0.59227508
0.71954501
""
0.40321562
0.62770742
0.77717787
0.69455975
0.59249401
0.58627605
0.38624084
0.49492353
0.61087227
0.744672
0.69629532
0.69685525
0.71898335
0.79405981
0.61109775
0.74816567
0.7205233
0.74067163
0.73661268
0.71399814
0.51082796
0.50986332
0.67329544
0.65443259
0.66944951
0.69668764
0.70521599
0.58404577
0.70334512
0.6716314
0.70053065
0.60385019
0.65679276
0.71871513
0.55240434
0.63045955
0.60578924
0.63130462
0.72324276
0.66756719
0.60870129
0.72581959
0.6293022
0.66140121
0.65115476
0.61322916
0.602005
0.65953994
0.62928611
0.65081555
0.62272817
0.67232084
0.64923221
0.65155524
0.60527581
0.58281952
0.62945503
0.65621841
0.64132321
0.59673822
0.63078058
0.57254618
0.64362913
0.58220303
0.49311432
0.60261863
0.49255574
0.54130286
0.53981799
0.51301312
""
0.71278894
0.52743316
0.43175203
""
0.79406494
0.52713722
0.50146848
0.73437387
0.63374907
0.65783054
0.66428614
0.73501432
0.68522948
0.52892989
0.60918462
0.58298522
0.49379981
0.66234457
0.62009662
0.64452666
0.72411561
0.58998346
0.57037354
0.67871815
0.64554435
0.70422524
0.59845024
0.68379319
0.67618012
0.65469456
0.66871566
0.65887481
0.71638548
0.66823906
0.71491313
0.65729928
0.67772084
0.67126626
0.48493409
0.69147253
0.62734258
0.58206815
0.68492258
0.47561717
0.71782869
0.73230875
0.63812369
0.6363036
0.48089373
0.57839781
0.57620972
0.4802658
0.54476047
""
0.55487698
0.68988317
0.67951387
0.6562981
0.69587904
0.54722387
0.55965859
0.64917499
0.64448631
0.65144181
0.78195053
0.76924014
0.6708374
0.7260083
0.67418063
0.69109809
0.87354654
0.67771208
0.61336493
0.73415637
0.74343842
0.73231936
0.73034692
0.65064788
0.6421963
0.76752865
""
""
0.68546242
0.60559279
0.59285307
0.62277114
0.53554726
0.63360852
0.57083672
0.54735339
0.57492143
0.58947587
0.56825161
0.56935054
0.65032578
0.5566563
0.57121116
0.52646089
0.55885857
0.52992028
0.49360639
0.60500771
0.52364761
0.5716449
0.53638279
0.52465695
0.62373483
0.36603594
0.77409375
0.77749169
0.7311728
0.78438753
0.81598246
0.80287981
0.78929222
0.76120591
0.69001538
0.82282209
0.7614255
0.76034778
0.73251683
0.74622345
0.73850924
0.68975651
0.72541249
0.85293126
0.70076513
0.70060772
0.8721602
0.74871099
0.74800587
0.71752238
0.74345618
0.77707213
0.73793852
0.70988208
0.75594091
0.85468489
0.79740977
0.76320404
0.7777276
0.76445103
0.76879758
0.84097058
0.81347257
0.72141129
0.79818517
0.8162688
0.75161088
0.81162781
0.81072611
0.77351522
0.78799844
0.77409697
0.76894814
0.79503179
0.70123273
0.65318358
0.65865457
0.70711577
0.7260083
0.66742539
0.65720659
0.60396671
0.62571836
0.48777387
0.68226784
0.69265276
0.38333109
0.26274604
0.37281173
""
0.47886598
0.457102
0.48147658
0.65705609
0.68947011
0.5600934
0.56035626
0.64233887
0.61655736
0.55110294
0.56109053
0.67977202
0.48224115
0.5234319
0.52457285
0.55269754
0.5567016
0.52798438
0.72050226
0.66620964
0.70571095
0.73268443
0.64268357
0.63922411
0.63162553
0.73680454
0.65127462
0.59953016
0.76020581
0.74934918
0.74405414
0.67733413
0.7446748
0.81788701
0.74656534
0.75784653
0.55550021
0.71393079
0.59525019
0.53457332
0.66117007
0.689358
0.62173086
0.53066695
0.47722039
0.59277636
0.61098123
0.74075192
0.73858321
0.6058808
0.54632664
0.66832376
0.38927835
0.54518968
0.72538441
0.82978737
0.72556692
0.78416437
0.67999595
0.75203556
0.75251913
0.80296278
0.70764595
0.71984035
0.71895778
0.65138733
0.77238131
0.60959119
0.69671637
0.63839912
0.62677729
0.68564349
0.59681374
0.42053452
0.57579517
0.76455957
0.54434067
0.72283989
0.51203626
0.61501557
0.65116811
0.67803466
0.51804817
0.61602223
0.69185323
0.56570071
0.64309907
0.5203135
0.55240238
0.64469612
0.64564824
0.52584398
0.58574039
0.64013672
""
0.68245804
0.66637945
0.69516617
0.63299829
0.51596034
0.67304987
0.55103242
0.53416944
0.5785408
0.53332591
0.57547522
0.66401112
0.70842427
0.73904258
0.67763495
0.66513723
0.66710681
0.63503939
0.59670424
0.49110711
0.60561073
0.48940253
0.5047003
0.54830843
0.49565285
0.69516182
0.44957599
0.41255412
0.43828702
0.45996442
0.5511362
0.59210819
0.56983793
0.58452076
0.64852369
0.66266203
0.34164685
0.64752644
0.52945751
0.49188799
0.54143322
0.5456453
0.29237384
""
""
0.46663266
0.45735165
0.54116547
""
0.53688771
0.59643406
0.63024372
0.55224836
0.50216168
0.59662116
0.45065346
0.6945352
0.3596513
0.71167076
0.65178847
""
0.52763772
0.66361505
0.59958756
0.76462477
0.57877964
0.49937153
0.5558694
0.64627987
0.59341872
0.61866826
0.48511708
0.52713639
0.61794102
0.55711091
0.5525685
0.64894384
0.77322429
0.51554453
0.77608579
0.60508084
0.52485359
0.81477785
""
0.69927305
0.63984352
0.53660011
0.48752439
0.70038986
0.64469129
0.60194772
0.54037732
0.64256054
0.55464441
0.48609331
""
""
""
0.39411646
0.51863092
0.67421889
0.62764144
0.70865834
0.55236202
0.54470271
0.63596284
""
0.61162108
0.61233789
0.64063531
0.67364955
0.65478998
0.64627266
0.74675214
0.73919415
0.72046226
0.68180174
0.8083216
0.77316701
0.81951839
""
0.80582374
0.79945451
0.87398738
0.6940949
0.77746576
0.83984649
0.83808476
0.66552067
0.46393052
0.7462945
0.65337437
0.52250725
0.69558334
""
0.53635931
0.54236221
0.57041156
0.43184116
0.7142356
""
0.5753659
0.51849228
0.60042149
0.85588562
""
""
0.66938901
0.45950112
0.79713392
0.5248152
""
0.35814917
0.58095723
0.40126786
""
""
0.73150861
0.7927199
0.68877256
0.34732708
0.80769742
0.64501405
0.49649036
0.72176284
0.78285295
""
0.67274523
0.60101253
0.73630923
0.38747862
0.40127203
""
0.5189482
0.73986977
0.54486442
0.606152
0.52438778
0.34412307
0.45912388
0.41581255
""
0.525855
0.71586347
""
""
0.82042235
0.66202432
0.5961467
0.76530564
0.72841251
0.74983448
0.75799656
0.73701787
0.74031234
0.72675306
0.68889117
0.72540104
0.76683277
0.54946244
0.54041493
0.57106817
0.63206571
0.68832886
0.64780444
0.72398245
0.68911618
0.68738782
0.67006582
0.5362289
0.48084727
0.63536656
0.58092868
0.59045225
0.63886142
0.65738159
0.59593964
0.71428537
0.71670371
0.79397207
0.76024699
0.78068715
0.68187058
0.79067171
0.68753308
0.71000397
0.78324252
0.57394886
0.67349577
""
0.65606225
0.72278512
0.62447798
0.7381174
0.71400577
0.59397763
0.72139269
0.66778606
0.64840961
0.62821442
0.75050473
0.50885439
0.62687927
0.77094251
0.74451733
0.72709638
0.75872749
0.71801454
0.57761461
0.71966261
0.81671023
0.73185307
0.56362087
0.70513338
0.75299299
0.65671742
0.60474026
0.66799212
0.60447836
0.67415243
0.6133998
0.55541444
0.77959651
0.76181191
0.78070927
0.71680915
0.67497766
0.59978205
0.58340245
0.81017929
0.82818121
0.7425465
0.62668806
0.6167441
0.62248129
""
0.70547837
0.68803424
0.73814732
0.72413784
0.79373783
0.75214952
0.80400079
0.77385169
0.77737421
0.70533007
0.85539454
0.92518413
0.81477457
0.76242507
0.63261235
0.6441924
0.69959682
0.76392001
0.72781515
0.67273098
0.76864111
0.98982322
0.72134703
0.83713752
0.80442619
0.70314598
0.77579463
0.74501252
0.77603912
0.76744884
0.81679064
0.68540663
0.75812489
0.78197598
0.79892999
0.64985901
0.68350852
0.79662788
0.67266393
0.71131337
0.6827594
0.61690259
0.81903142
0.60568118
0.62697637
0.79093838
0.50787467
0.66772538
0.61162412
0.80574191
0.58625698
0.56797975
0.63802981
0.81983948
0.60003883
0.65976638
0.68754148
0.71124399
0.77561235
0.74714673
0.48376688
0.6424439
0.73382586
0.71863115
0.51072705
0.57689744
0.84102827
0.86694521
0.75384909
0.68894756
0.69148016
0.56225413
0.62311751
0.53493351
0.7341966
0.65484738
0.54952806
0.62592649
0.68100893
0.65002233
0.60704023
0.66672075
0.58005899
0.59005409
0.53374845
0.68280554
0.68193936
0.68436182
0.6487186
0.83036578
0.73303908
0.81940603
0.58550131
0.76689547
0.81627053
0.54988289
0.62903357
0.45037329
""
""
0.76996291
0.36869639
0.7196005
0.69976866
0.44237596
0.68204391
0.65952259
0.62499046
0.62865454
0.47718298
0.62676054
0.79379117
0.32790858
0.50581592
0.65115875
0.65234071
0.45173264
0.54480386
0.49785295
0.54261982
0.66529107
0.46985191
0.57528311
0.68891281
0.55986053
0.59850442
0.6273216
0.6300351
0.47337741
0.55638176
0.57862592
0.59060401
0.69342631
0.55716646
0.63304108
0.73302978
0.63740444
0.53876555
0.58141708
0.4963007
0.61904323
0.63469851
0.41727993
0.92752671
0.56355435
0.62177545
0.55558753
0.64408833
0.5011611
0.47665486
0.60579675
0.57537562
0.45272464
0.69714761
0.6050548
0.64350986
0.56682324
0.77070946
0.76147223
0.56983131
0.55432922
0.56265795
0.48274496
0.57167494
0.58583438
0.65159959
0.6000663
0.51498687
0.67372215
0.50116897
0.56655622
0.4860768
0.54658765
0.56468022
0.51672345
0.53103888
0.67008549
0.6003511
0.43899742
0.57515353
0.57961506
0.71485615
0.70251763
0.47397336
0.56810838
0.58784467
0.70142233
0.88439274
0.594199
0.77214646
0.61786526
0.69729567
0.63676429
0.72817856
0.69947571
0.81942177
0.65190822
0.64965755
0.57646459
0.70351613
0.65384465
0.53876436
0.73848176
0.65857941
0.62390602
0.61534899
0.79383254
0.60607547
0.52697563
0.79785275
0.61963165
0.80268782
0.95305675
0.68901664
0.68942899
0.80640829
0.67482591
0.62161869
0.61503816
0.55201894
0.50125432
0.64896208
0.7682963
0.66333801
0.54088855
0.58820456
0.53681499
0.73480314
0.7220031
0.53952765
0.51758242
0.58185184
0.53170538
0.4764972
0.64473528
0.80231202
0.72391272
0.56283987
0.63829494
0.49595442
0.60413826
0.64652658
0.74631613
0.43722907
0.60537767
0.58199102
0.60961652
0.65947235
0.47182041
0.63254869
0.73554683
0.49155045
0.55581611
0.70554316
0.34861377
0.42068672
0.56882197
0.69123703
0.59843111
0.75260776
0.82771486
0.69923913
0.62983561
0.60267782
0.75245684
0.63035935
0.69748127
0.67276716
0.63136721
0.59027171
0.34656081
0.72657335
0.73844665
0.61469424
0.43299353
0.66850662
0.5117901
0.71830165
0.45186895
0.048309263
0.62951028
0.53655618
0.68711793
0.67121857
0.74314332
0.72175443
0.7273441
""
0.52400827
0.56122631
0.71298426
0.72307074
0.63140762
0.61600524
0.59176427
0.68212819
0.56371427
0.59491307
0.66450959
0.59657204
0.64853352
0.49692199
0.62810218
0.41214168
0.42180571
0.53928316
0.76534921
0.54871023
0.60543036
0.56195462
0.57066858
0.60680348
0.79137158
0.69160366
0.61680418
0.62917197
0.51263088
0.72115797
0.58282208
0.71998662
0.66091102
0.74095541
0.62742037
0.74128515
0.57124078
0.53562212
0.66737229
0.65685147
0.62361455
0.63405532
0.71692115
0.7187131
0.40220672
0.81552231
0.9495315
0.58913356
0.71274883
0.73186862
0.69162703
0.56933856
0.55668217
0.60950989
0.65385884
0.57147193
0.43144995
0.68291777
0.61727303
0.49329093
0.62288231
0.72320235
0.47341284
0.63104278
0.65833038
0.64669943
0.72271907
""
0.59971201
0.62854755
0.66939026
0.61128473
0.62624133
0.78883618
0.51735371
0.61605293
0.59662032
0.62097448
0.59629112
0.61421114
0.70393378
0.65686649
0.67184013
0.48904949
0.54692006
0.70761132
0.79632282
0.77403551
0.68548912
0.57319099
0.78232402
0.7584101
0.6198746
0.76013905
0.79874897
0.71506989
0.78649461
0.80016679
0.79504663
0.75190961
0.84830606
0.65577662
0.70484132
0.61606652
0.68449026
0.65328771
0.68031108
0.68790495
0.58880085
0.63560385
0.58224595
0.65156746
0.71331131
0.63841248
0.63977629
0.57902962
0.80617082
0.83386016
0.76853281
0.7867763
0.55698824
0.70414037
0.61405015
0.50468117
0.62666827
0.64977378
0.71648991
0.65264815
0.82853597
0.71405369
""
0.68712115
0.70938194
0.70988613
0.7231397
0.56809527
0.51199609
0.53654271
0.66207838
0.73838317
0.71072602
0.54199004
""
0.6783796
0.70108205
0.642582
0.59118509
0.60923207
0.6067096
0.66691726
0.66142601
0.65679651
0.57136655
0.75997335
0.68752235
0.83728528
0.799577
0.77966237
0.68826914
0.73558563
0.75086039
0.67826366
0.56373662
0.78230566
0.73377132
0.8316958
0.84941965
0.6801843
0.79055756
0.78106892
0.73511708
0.74137515
0.80665791
0.8219344
0.86481899
0.76051563
0.71860671
0.67756456
0.70751542
0.54445386
0.70385242
0.43800667
0.73852295
0.60963243
0.7586326
0.60563123
0.47740483
0.50605297
0.59034866
0.55482185
0.67930204
0.72921902
0.63537329
0.58698398
0.80297399
0.87925583
0.67337424
0.67269355
0.64305091
0.80263805
0.74779379
0.72708631
0.78710121
0.74552083
0.75419557
0.74653369
0.74841166
0.7329551
0.65919954
0.64092731
0.72971106
0.7034139
0.772479
0.72368604
0.70246118
0.76952577
0.68315715
0.76974851
0.71795118
""
0.71876264
0.68396819
0.75419134
0.73250353
0.75811076
0.84662807
0.74874163
0.77108288
0.75255442
0.80429894
0.79122573
0.83577645
0.77116084
0.81616265
0.88220304
0.86607218
0.82115996
0.81210411
0.79291451
""
0.57720631
0.64361656
0.61599731
0.60591304
0.67432141
0.57332873
0.59120631
0.66110438
0.63556921
0.63799292
0.65654039
0.57335824
0.63760847
0.63389534
0.67670339
0.63643885
0.68447518
0.54697031
0.65722096
0.63760722
0.59337461
0.63589799
0.60729873
0.41127968
0.64975625
0.51014656
0.42009979
0.39770159
0.37056768
0.59876466
0.43248823
0.35543901
0.58585209
0.59999001
0.55860347
0.53766966
0.55312651
0.63601005
0.58621162
0.50529605
0.72476548
0.77034569
0.81144434
0.68103004
0.60922295
0.51414895
0.41331974
0.48636183
0.63168192
0.64635265
0.692168
0.63303661
0.65604371
0.51403803
""
0.45199531
0.60839909
0.60402811
0.44649318
0.54032218
0.3981019
0.62747395
0.61821711
0.48674989
0.60605353
0.46324363
0.52418494
0.66479778
0.57760823
0.52204847
0.4283466
0.50903988
0.55849952
0.48915911
0.59997314
0.60916901
0.55056059
0.61306125
0.48875266
0.44358498
""
0.46708649
0.29975724
0.59574258
0.57600081
""
0.37476295
0.61878175
""
0.4972412
0.55101466
0.49891192
0.61941415
0.69381291
0.61866444
""
0.50517374
0.6868856
0.62573874
0.62691307
0.59257269
0.42328
0.54323053
0.61578953
0.79970902
0.6764909
0.70011574
0.76014155
0.59441054
0.7694068
0.59566528
0.67503953
""
0.74035633
0.61481059
0.65067291
0.66668898
0.82827157
0.7484678
""
0.66823125
0.59768373
0.6922214
0.75782621
0.68275559
0.58691007
0.6879521
0.74235225
0.59310865
0.7344957
0.70242304
0.44373909
0.65298665
0.59940106
0.64076334
0.61396772
0.58022904
0.75246507
0.73286873
0.65703577
0.45208785
0.65549088
0.73501742
0.579386
0.52734274
0.61842078
0.37591371
0.8217299
0.57860863
0.61824155
0.55120748
0.39240721
0.4560051
0.72213709
0.67108077
0.6880343
0.69698739
0.73935968
0.76856256
0.75761831
0.75221246
0.58588773
0.58192027
0.65403622
0.78858274
0.79060847
0.72843724
0.45988199
0.58294767
0.48889312
0.57371867
0.56263417
0.57192039
0.57884073
0.67957914
0.69380218
""
0.67232585
0.55283928
0.64048463
0.64609832
0.61284989
0.7607367
0.7578606
0.76311868
0.85909772
0.75518239
0.63498366
0.58670688
0.67635822
0.62049353
0.63098454
0.68929166
0.57510966
0.72963917
0.68825495
0.6124438
0.7561546
0.76416898
0.68880755
0.73722857
0.65590781
0.67334235
0.7421208
0.77978051
0.61294258
0.59062201
0.79590172
0.73754668
0.77554852
""
0.77697849
0.53075558
0.42134306
0.47529981
""
0.62051898
0.81216317
0.48643541
0.79588634
0.72446316
0.84061855
0.77840799
0.71377635
0.60376799
0.60843873
0.50777555
0.43038383
0.63076156
0.5190953
0.53608841
0.59189427
0.67824429
0.5391919
0.59549832
0.56949598
""
0.53010637
0.49387053
0.5355531
0.52395934
0.59277976
0.4461621
0.6435132
0.52222198
0.56104469
0.48738793
0.46353137
0.47572601
0.46667531
0.60274929
0.46985066
0.75184524
0.5217666
0.57587153
0.52151144
0.54001635
0.56005001
0.50073034
0.45064148
0.58745778
0.45767531
0.49799159
0.5799613
0.46869761
0.54383594
0.66961694
0.46312681
0.47077602
0.59998131
0.65392947
0.60807508
0.57045567
0.59030896
0.43776971
0.53446144
0.58846408
0.63423496
0.55236125
0.60862672
0.63695508
0.55467951
0.54160446
0.63302034
0.6333952
0.43186834
0.65980637
0.78878653
0.61547941
0.59108424
0.6022495
0.65508974
0.58084548
0.50845093
0.47982541
0.75794721
0.80007941
0.62423861
0.63837719
0.69066674
0.42522496
0.71942633
0.71600485
0.70872569
0.63397193
0.63822037
0.72017235
0.74274421
0.74411356
0.6619153
0.77923816
0.84029818
0.75856608
0.80968583
""
0.7489149
0.44455636
0.56139177
0.58451569
""
""
0.79914576
0.65549809
0.67136502
0.68810576
0.5913685
0.73886359
0.67852372
0.54452062
0.41724458
0.61711836
0.6861856
0.58673513
0.68916708
0.73485005
0.73203641
0.64449573
0.77263337
0.67163789
0.73747933
0.5872137
0.67662954
0.63675821
0.87711722
0.73692125
0.68301487
0.70808548
0.75631863
0.66774911
0.76645422
0.72561508
0.78412598
0.80531973
0.80023855
0.7059449
0.69472343
0.65821958
0.67575485
0.71006697
0.62260711
0.73862731
0.72672391
0.76366675
0.61084431
0.65967357
0.57702404
0.55973411
0.77049011
0.67427593
0.87444061
0.85298413
0.85670972
0.83193618
0.78784364
0.85208684
0.73146111
0.71487397
0.74229127
0.69194102
0.65832597
0.74798632
0.80715722
0.72065687
0.63711905
0.80266994
0.9070971
0.69703168
0.74399543
0.68931031
0.6813494
0.76409543
0.77188081
0.70662916
0.52641523
0.62225413
""
0.56540787
0.64320797
0.62594813
0.5365662
0.62867594
0.50509894
0.65991527
0.57393402
0.52855092
0.66325015
0.48170862
0.66131377
0.56734258
0.70172077
0.61006719
0.65383983
0.71096659
0.68929338
0.65111506
0.55583984
0.64438754
0.72275764
0.63000858
0.70222682
0.65178269
0.66848356
0.6394195
0.654311
0.63759583
0.69830281
0.69227546
0.57796693
0.50488532
0.59260517
0.73625296
0.54652721
0.52818066
""
0.58840799
0.5457325
0.62394238
0.66508818
0.67613614
0.49989647
0.41664901
0.4697814
0.47900409
0.44872245
0.6456359
0.71663421
0.68710351
0.62549245
0.57042181
0.63943875
0.63891363
0.56812763
0.65967011
0.656582
0.73480171
0.58083892
0.55056286
0.7367183
0.58686841
0.55282062
0.65063494
0.74532419
0.59115177
0.70611829
0.62372315
0.66658831
0.62932163
0.57526052
0.67841166
0.64852327
0.57072514
0.64365387
""
0.54507965
0.52297026
0.57691139
0.68117905
0.7200042
0.61271548
0.59184182
0.56891102
""
0.78487438
0.85735208
0.79170841
0.50865257
0.70379329
0.70701241
0.57254058
0.76111352
0.81785911
0.74342835
0.76944661
0.81280625
0.69170046
0.46742073
0.6979686
0.59742504
0.59259981
0.68492001
0.67797929
0.73164088
0.71123064
0.6943441
0.66816646
0.57592356
0.53803378
0.6540271
0.66566598
0.53205115
0.70304894
0.57169676
0.69899017
0.61100209
0.67789274
0.60220951
0.39703435
0.51354283
0.61141509
0.55031013
0.58447719
0.59060782
0.53248674
0.6493811
0.59113538
0.56839639
0.74063379
0.38248491
0.48528773
0.51940411
""
0.75837082
0.55818689
0.5862084
0.63750708
0.70754611
0.54568517
0.68388551
0.43562779
0.55210066
0.56612641
0.59435481
0.3390598
0.40510538
0.63015264
0.71614069
0.49459481
0.632882
0.70691258
""
0.24966972
0.4377487
0.69389135
0.61900401
0.50116634
0.41934103
0.4900825
0.69950634
0.68673617
0.4844355
0.46058264
0.3543171
0.6388005
0.62907201
0.54276448
-0.0066394
0.44673958
0.5668112
0.27132693
""
0.82009852
0.64642918
0.82291293
0.65339071
0.75396991
0.66850936
""
0.73020053
0.52389228
0.71747041
0.64821732
0.54688853
""
0.33417132
0.34710827
0.71911019
0.4238413
0.63334864
0.79898953
0.67482585
0.83674264
""
0.81198686
0.63339019
0.78145796
0.71249551
0.79724729
0.64205623
0.57451028
0.64238721
0.58101988
0.61224246
0.71468168
0.75663346
0.62168372
0.66014272
0.74494725
0.63854742
0.57733417
0.59963864
0.66570479
0.6222778
0.63938665
0.69908822
0.6263895
0.62714267
0.69721991
0.62898749
0.72656018
0.57631928
0.60870522
0.73669899
0.73997593
0.73218387
0.630858
0.65070981
0.63037276
0.61429334
0.630261
0.72822177
0.78002477
0.86872536
0.78302252
0.58601969
0.62402564
0.75102383
0.64269096
0.69658929
0.72925884
""
0.56379896
0.51061076
0.6950497
0.69126672
0.76605904
0.50266057
0.67178732
0.73387748
0.82967097
0.71426904
""
0.55362183
0.49202821
0.71494359
0.59494591
0.6817891
0.71657473
0.58362114
0.43154287
0.53420031
0.58252555
0.46609375
0.5597986
""
0.45849344
0.67422301
""
0.58904409
0.55159664
0.52901751
0.58780456
0.47545621
0.53343511
0.73001653
0.32761693
0.56762087
0.56932575
0.5684045
0.68783307
0.67019421
0.67928982
0.66050637
0.51755357
0.62100095
0.64648169
0.76755005
0.55255002
0.66060996
0.77052474
0.70509976
0.67066199
0.58633274
0.594477
0.72643411
0.67397982
0.3985109
0.72073954
0.64131212
""
0.62713742
0.58371276
0.66699678
0.48620823
0.43887687
0.56555688
""
0.61343163
0.48371497
0.52611679
0.4408856
0.61738968
""
0.65568614
0.60259759
0.64459032
0.4181717
0.65368301
""
0.78513825
0.83712322
0.73382491
0.7737608
0.75830531
""
""
0.56523794
0.50527591
0.46954548
0.69679147
""
0.56116039
0.51572776
""
0.48104572
0.66920102
0.70648837
0.5799458
0.69617879
0.50053811
0.74132818
""
0.59066468
0.60216492
0.72359967
0.82533449
0.51139086
0.62757939
0.61134166
0.64317495
0.63400429
0.61079174
0.62003255
0.7908237
0.59526873
0.68081188
""
0.63622957
0.79371166
0.56918061
""
0.36437982
0.5182777
""
""
""
""
0.71279693
0.60891271
0.70223927
0.72118539
0.6796729
0.51972049
0.65372294
0.69650757
0.70983094
0.65631586
0.64435887
0.62865776
0.53121275
0.33186343
0.63712096
0.70091665
0.57763863
0.61388147
0.53320718
0.47923103
0.58045053
0.5938769
0.51129007
0.72786838
0.61939144
0.71638125
0.59630156
0.41564518
0.49655601
0.55699313
0.56109709
0.5785284
0.54435104
0.62641513
0.56337625
0.52751625
0.48390552
0.61662626
""
0.58697706
0.57039183
0.58268452
0.64433467
0.60953873
0.69384551
0.70379472
0.66497892
0.71735352
0.50836587
0.54076719
0.6321432
0.61391461
0.43806052
0.64198047
0.60302758
0.61012214
0.58908772
0.50207406
0.81990075
0.59325838
0.56416416
0.43943194
""
""
""
0.52264935
""
0.62875998
0.49228135
0.8158859
0.79769868
""
""
0.15329553
0.45446357
0.49436146
0.35761219
0.60864234
""
""
""
""
""
""
""
""
0.77122909
""
""
0.64087301
0.70689398
0.59918129
0.61920214
0.68740791
""
0.69362426
0.60686618
0.68639773
0.69923431
0.70359415
0.65648776
0.52400714
0.64914083
0.50452673
0.62922716
0.71914989
0.6614309
0.67281097
0.79626381
0.6744979
0.73000062
0.56089067
0.66801518
0.72317946
0.60769039
0.62589186
""
0.67394692
0.91409284
0.61668086
""
""
""
""
0.65560514
0.7186951
0.60696143
0.79596812
0.79409844
""
0.47500506
0.63040596
0.74832523
0.74835598
0.69096923
0.64674276
""
0.62437892
0.66183794
""
""
0.71725631
0.69369793
""
""
""
""
""
0.75553274
0.59359837
0.71238381
0.71562195
""
""
0.78387207
0.67362851
0.72443372
0.68124372
0.6612469
0.66120744
0.61916864
0.62202185
0.49409822
0.66403067
0.68441755
0.64213651
0.67262739
""
0.5113796
0.52344513
""
""
""
""
""
""
""
""
""
""
""
0.80434072
""
""
""
""
""
""
""
""
""
0.57756543
""
""
0.38360482
0.72914428
1.0231447
0.66358072
0.79333919
0.82457888
0.50492042
0.73651814
0.79255784
""
""
0.21280527
0.45390758
0.60693264
0.44511804
0.71901751
0.59895796
0.75721657
""
0.61346734
0.64792573
0.77111703
0.79490042
0.62197566
0.80080277
0.6889438
0.54321879
0.55203223
0.6214124
0.66349828
0.80597895
0.85745925
0.75219518
0.68963587
0.70594132
0.70827425
0.82567549
0.63298309
0.82819366
0.73122972
0.78000277
0.75689864
0.71620059
0.72070795
0.89631867
0.50550449
0.62434304
0.62211645
0.61849958
0.61071396
0.530837
0.80352527
0.70767176
""
0.80920655
0.80580318
0.77694148
0.79432499
0.58428258
0.6231944
0.63966185
""
0.70815527
0.67217124
0.72153252
0.69398099
0.75326246
0.70521796
0.70540923
0.62569189
0.64100325
0.73311722
0.71688277
0.50873524
0.7086919
0.6365118
0.5729441
""
0.61507708
0.68705076
0.58814734
0.76199728
0.4327482
0.672948
0.65137255
0.65263891
0.55624628
0.71725875
0.72649753
0.57589114
0.73273575
0.67168903
0.66418785
""
0.63745248
0.61221087
0.61755419
0.78745651
0.64099306
0.74479783
0.59513664
0.59671044
0.63537616
0.5282585
0.70323288
0.69786769
0.62065852
0.6346736
0.60044861
0.66240621
0.71168125
0.64281815
0.63250268
0.63789409
0.62985671
0.58404058
0.70674729
0.63002104
0.58700663
0.68777019
0.72934598
0.66302842
0.68150526
0.53326809
0.50366336
0.66483176
0.71952164
""
0.33900082
0.70514679
0.71746475
0.56470191
0.58363241
0.59000874
0.67894679
0.52849466
0.61568832
0.54370105
0.59724593
0.72140968
0.61861116
0.56032282
0.49780393
0.57265574
0.64644909
0.54133695
0.72226894
0.58269417
0.60961705
0.51357359
0.64274353
0.67542416
0.584728
0.5470612
0.58245313
0.66222626
0.56737268
0.56875819
0.61369121
0.61576074
0.75462091
0.67470604
0.47093889
0.64124292
0.69594342
0.55258459
0.62668031
0.65283632
0.64408034
0.66106719
0.54959136
0.66399843
0.60033363
0.60049671
0.64424396
0.63941759
0.59175169
0.53775102
0.58740491
0.64877164
0.59726548
0.58923042
0.61749518
0.70901662
0.68099743
0.62703681
0.72511387
0.6460858
0.52830255
0.58445805
0.57544219
0.60353506
0.5963105
0.68440086
0.6625399
0.59941274
0.5179714
0.57206279
0.61376971
0.67788029
0.68544805
0.79388571
0.72989029
0.63966751
0.62094307
""
""
0.37664914
0.57184851
0.51119977
0.64015603
0.55621046
0.48384979
0.57093084
0.62787491
0.38736862
0.24362862
0.4714964
0.47545156
0.33961257
0.60959077
0.5647229
0.63288856
0.52817994
0.57971746
0.61868542
0.46701154
0.67441112
0.59704232
0.60833925
0.7453717
0.58747858
0.6008637
0.58529335
0.59338027
0.6990124
0.69994348
0.54130578
0.59793162
0.58867455
0.30958277
0.57654023
0.49278903
0.5502305
0.57972723
0.53246754
0.62573051
0.66542202
0.66583782
0.64191705
0.68303227
0.67053938
0.69184494
0.74548954
0.68443286
0.74651182
0.59283388
0.58748221
0.71146137
0.56699628
0.45262524
0.63809669
0.48959517
0.52670181
0.43829805
0.47958562
0.63679034
0.49076694
0.58804113
0.36284241
0.54580319
0.5567047
0.53028792
0.60451168
0.50245261
0.5066278
0.56797737
0.56634349
0.46787533
0.58731103
0.56115443
0.53140318
0.58823752
0.56484801
0.45829678
0.59967887
0.64301991
0.547921
0.64535457
0.54356211
0.58541667
0.52840859
0.5692246
0.4494915
0.51828271
0.4555715
""
0.71306139
0.6355688
0.61633992
0.69875681
0.69545466
0.73543972
0.61128306
0.70207804
0.71886259
0.68402052
0.62736404
0.65128177
0.68261766
0.61834401
0.70235592
0.62901849
0.63046086
0.66625935
0.68850929
0.73884791
0.66176027
0.68816936
0.73580408
0.77226132
0.74318236
0.75704807
0.69389051
0.53425115
0.57900298
0.73747349
0.76185298
0.83031708
0.77886659
0.73464566
0.7682606
0.74571604
0.74835342
0.68057007
0.78907377
0.68874031
0.71476859
0.71019918
0.70687789
0.68804461
0.67459464
0.6792779
0.62988418
0.70167708
0.47782588
0.69887465
0.72496724
0.73209018
0.66580373
0.7269153
0.64329565
0.72879142
0.8003394
0.65884376
0.65340078
0.72683072
0.67710811
0.66947943
0.69381809
0.656304
0.74862921
0.7296021
0.72424549
0.63733369
0.73752797
0.64023286
0.74726725
0.75690114
0.6975823
0.7124384
0.74440938
0.68420899
0.7004863
0.62219483
0.7755661
0.63055003
0.74672443
0.66109294
0.74217761
0.72471744
0.6884715
0.73833078
0.76933759
0.75964594
0.7562831
0.65238166
0.76479447
0.73662037
0.69454336
0.73650593
0.75682253
0.64472681
0.72462106
0.70254087
0.74852484
0.75572234
0.67738926
0.7554453
0.76538289
0.71478426
0.57400948
0.75953162
0.45250535
0.6160081
0.66447777
0.58904594
0.52921307
0.63083535
0.54760468
0.59292275
0.56800634
0.54584348
0.5785827
0.64440715
0.50931132
0.647524
0.58395135
0.58615094
0.59636432
0.59731865
0.6295805
0.52486378
0.69990754
0.59437621
0.69772792
0.47961545
0.56252289
0.63674742
0.63705468
0.55112219
0.49491575
0.55200928
0.56819707
""
0.42321503
0.34280783
0.78612965
0.68500888
0.72113967
0.72738129
0.77573073
0.54837012
0.65602183
0.50285435
0.57093406
0.65677041
0.66733479
0.4536165
""
0.42101103
0.34982342
0.6217714
0.54366392
0.56074679
0.44912225
0.46796113
0.52532572
0.56743079
0.59884673
0.60826027
0.51155835
0.49001038
0.58982593
0.49776199
0.60227555
0.36990789
0.52993703
0.61446047
0.56086957
0.49367201
0.61908668
0.54400688
0.5717954
0.58539253
0.57670861
0.56352806
0.52899015
0.49883911
0.51879787
0.53366613
0.51678467
""
0.70369226
0.5518415
0.5258854
0.60916418
0.60239345
0.57042378
0.55669308
0.59844375
0.69432926
0.51951265
0.68314427
0.65966928
0.65362787
0.64005524
0.78617972
0.81740916
0.66575867
0.73399675
0.72001296
0.74059439
0.72867024
0.52787304
0.53504092
0.51195747
0.55043191
0.40668678
0.51114839
0.45345622
0.66344887
0.73437512
0.87501842
0.79811025
0.81922466
0.71872735
0.77459288
0.74111849
0.66926461
0.64763159
0.83387119
0.750323
0.81638515
0.8095035
0.72288388
0.86886162
0.8513571
0.83331299
0.78561455
0.71828717
0.81157851
0.8284561
0.66233438
0.72494721
0.74928057
0.90369058
0.62775421
0.73076582
0.89003092
0.83371514
0.82160211
0.76829278
0.81229734
0.72378367
0.75106442
0.66451979
0.75351745
0.76687992
0.81012338
0.80874467
0.70923138
0.66687894
0.64078945
0.69602853
0.75313061
0.63853806
0.6955024
0.74618381
0.77173162
0.69012523
0.71896893
0.91145438
0.77522057
0.33739224
""
0.75777626
0.7668761
0.74937028
0.74746948
0.72091782
0.65913248
0.73659641
0.55961913
0.6081534
0.70504302
0.65873152
0.56702816
0.90637577
0.68260944
0.8971647
0.84322757
0.5936079
0.7877844
0.73502058
0.643125
0.75098521
0.60399824
0.62151223
0.62854695
0.6932379
0.63238424
0.80796087
0.6131559
0.64263469
0.69854218
0.74417502
0.60051382
0.60822344
0.74068201
0.6724636
0.44263721
0.67015278
0.63199836
""
""
0.5899452
0.66843969
0.67672318
0.83635736
0.70996612
0.72779596
0.8158496
0.82922953
0.80603617
0.57931721
0.70437348
0.67653495
0.70386177
0.60214972
""
0.83486831
0.77764475
0.76916081
0.94731057
0.80086118
0.77869487
0.68715084
""
""
0.79900956
0.50502163
0.83148861
0.87729281
0.85402125
0.82394207
0.75605702
0.76604432
0.8528105
0.62349635
0.73613948
0.74345315
0.81917089
0.71874231
0.87214315
0.83435005
0.79330838
0.72693384
0.82096094
0.76257318
0.88577688
0.74280655
0.79571056
0.78836441
0.73780191
0.81969303
0.6735782
0.76326197
0.71226966
0.77896565
0.75048029
0.7632134
0.76367193
0.77900809
0.75248563
0.72576147
0.74158049
0.70373136
0.71270692
0.64060301
0.81149209
0.85130358
0.73316872
0.78098959
0.77529669
0.71459526
0.81503922
0.72032928
0.7449711
0.71182299
0.66675651
0.6902045
0.76949781
0.66559851
0.7847805
0.74249417
0.78947312
0.74608684
0.70018083
0.7821902
0.75530487
0.74655718
0.79180294
0.72684664
0.72807634
0.76020598
0.76579928
0.70488381
0.79858994
0.6560294
0.79693007
0.7354672
0.69145209
0.67640418
0.56015545
0.79634547
0.60594213
0.74009258
0.73876834
0.63181895
0.79300231
0.68670839
0.87931478
0.75109959
0.59568751
0.78372109
0.73504466
0.70560318
0.7415421
0.65202814
0.62143099
0.61149013
0.74318993
0.67847925
0.71859717
0.84359115
0.86062926
0.85962564
0.74147689
0.79688442
0.82837868
0.79796624
0.79852647
0.7589727
0.82009465
0.73626363
0.8152492
0.7367391
0.77833551
0.75565326
0.79600221
0.84381133
0.82478571
0.76546609
0.78418541
0.82639998
0.85703069
0.8473708
0.7725876
0.8021428
0.82358432
0.84665382
0.86792791
0.84287071
0.76834351
0.79064697
0.78918266
0.80500489
0.80784184
0.71884221
0.70429099
0.82034904
0.84145176
0.79781222
0.80316526
0.790016
0.79682964
0.85676849
0.80508089
0.82324159
0.74425453
0.80653638
0.84651953
0.79784971
0.75656617
0.76716131
0.80182332
0.7554177
0.74393898
0.80078167
0.80326742
0.80257499
0.79029316
0.7379601
0.75428456
0.78262442
0.7907849
0.62339145
0.8326959
0.74530506
0.75567466
0.74838024
0.74307221
0.78011131
0.76081562
0.77575594
0.71046144
0.7735821
0.71762246
0.89689869
0.77608168
0.76260179
0.78307122
0.8360824
0.77874726
0.80247724
0.79454261
0.74997085
0.75706428
0.75870639
0.84884763
0.83594644
0.77064854
0.72540933
0.79668152
0.76997656
0.74375474
0.76391709
0.75372446
0.70966262
0.70094872
0.7742638
0.76352423
0.83912975
0.78353679
0.83472031
0.75934142
0.79883176
0.78090376
0.8351754
0.74119979
0.8020919
0.78322721
0.76942521
0.70766979
0.75128365
0.76569438
0.73610556
0.74471247
0.81099707
0.83501077
0.74693274
0.75841069
0.82503855
0.82206243
0.79741353
0.81943971
0.7556594
0.75181627
0.7928654
0.69560057
0.75373077
0.77690643
0.76909477
0.80822212
0.7735796
0.7374962
0.7602644
0.69449246
0.77239817
0.76648343
0.7318579
0.77285105
0.81580466
0.7873612
0.7663011
0.71692038
0.83062381
0.73816043
0.80526257
0.63691312
0.77585751
0.82108402
0.70733839
0.681054
0.65608734
0.7765184
0.82731545
0.5343945
0.61674017
0.76462281
0.76547533
0.78463203
0.79288512
0.80264211
0.72719699
0.75332189
0.76300234
0.68667811
0.72637904
0.61913019
0.7044692
0.76984131
0.76870841
0.75246561
0.82761568
0.99476904
0.71105921
0.98546731
0.80467141
0.82191896
0.81319225
0.70831347
0.71248788
0.70213634
0.73857796
0.73327017
0.76136327
0.67591989
0.72604567
0.73508084
0.69560939
0.6779995
0.70114982
0.71851081
0.81412166
0.51456296
0.67806953
0.72872043
0.72114795
0.73508912
""
0.80457699
0.7143957
0.72299421
0.72390252
0.56560069
0.75545573
0.69672203
0.6220184
0.58075821
0.69403493
0.63113874
0.68981248
0.71817136
0.73578751
0.65808594
0.66252357
0.77258319
0.81476724
0.71314263
0.60768259
0.74719495
0.71911299
0.71810359
0.75531316
0.76914656
0.80703092
0.75815135
0.7482655
0.7293188
0.74982148
0.7195459
0.79025596
0.7675885
0.75155324
0.69234496
0.71757734
0.81435734
0.81258744
0.71380836
0.73339349
0.61196005
0.51893145
0.55977684
0.51911068
0.47365704
0.48948127
0.4436492
0.53197479
0.4116917
0.54242659
0.46370113
0.70066297
0.79173839
0.72397888
0.69036323
0.75746447
0.6407876
0.74026591
0.72305155
0.74421698
0.72493505
0.72526687
0.64537674
0.63600117
0.7452988
0.61787164
0.68126386
0.61460847
0.66222358
0.71800077
0.64497602
0.49588448
0.60404932
0.45239842
0.64892167
""
0.65964639
0.70155543
0.71241492
0.76751322
0.75276518
0.79122216
0.67062759
0.74868292
0.79035246
0.76042444
0.75009423
0.71548021
0.74011225
0.28409103
0.44948927
0.46488833
0.49406007
0.39877617
0.45902777
0.59212697
0.3177453
0.4858059
0.39466363
0.44375962
0.54411358
0.64518344
0.64477426
""
0.66760528
0.6689437
0.43477806
0.53340304
0.6760816
0.64855713
0.62349224
0.67270678
0.74056518
0.82378876
0.75350857
0.79253185
0.75618219
0.78851551
0.84087658
0.76461452
0.74061275
0.8589462
0.77367347
0.82929677
0.77604276
0.80064684
0.80010504
0.86791801
0.68811053
0.72473174
0.66160125
0.84154099
0.87014651
0.86297065
0.83875775
0.79724348
0.79867709
0.77853084
0.7685315
0.7795341
0.83173859
0.78047496
0.85577846
0.76660198
0.79932547
0.76495016
0.78830284
0.83643985
0.86202747
0.83997065
0.78384745
0.76064521
0.73936021
0.84576243
0.77224249
0.80621958
0.84146875
0.76321614
0.81616753
0.79792649
0.83763379
0.8157112
0.75154382
0.75323713
0.95019108
0.61407679
0.77325511
0.72643214
0.78666663
0.82521349
0.69098693
0.79088634
0.70613897
0.79270548
0.77096516
0.7044307
0.74868762
0.81007475
0.8109076
0.79776514
0.75716656
0.72230762
0.7338745
0.75816292
0.73687929
0.85435873
0.7871356
0.75117242
0.69264448
0.69081199
0.71532542
0.75906563
0.7790367
0.82432652
0.83724159
0.75135612
0.69022214
0.81808048
0.69816709
0.84876823
0.79822177
0.82963097
0.78210825
0.71668339
0.78112614
0.71271849
0.77977163
0.77337199
0.72316837
0.7732116
0.77292699
0.77611011
0.67657226
0.83691972
0.79445875
0.70326483
0.71014202
0.69737965
0.78417104
0.78864843
0.79017037
0.82610112
0.74022174
0.72955185
0.80640262
0.73977464
0.6563046
0.6363858
0.75447243
0.78631133
0.73639524
0.80702341
0.8472079
0.73233753
0.55954647
0.88709247
0.76401746
0.5572806
0.57742286
0.45589826
0.48443082
""
0.55213219
0.72663343
0.74508637
0.76383543
0.75586528
0.71156359
0.79945719
0.79724133
0.77737397
0.76303095
0.76939511
0.75822872
0.79346961
0.74496436
0.70098966
0.75445801
0.78281194
0.62809294
0.80096287
0.74445331
0.46566266
0.72757816
0.77851361
0.75051403
0.76456982
0.76917148
0.77436984
0.79210997
0.81477332
0.82079375
0.78718287
0.73639166
0.70813477
0.81410992
0.80117142
0.93710583
0.74913925
0.81078058
0.79013854
0.74010712
0.77988529
0.50512481
0.4468326
0.62868243
0.44019434
0.74489141
0.65042245
0.72961932
0.76482624
0.74637812
0.78413254
0.60710365
0.51047891
0.70666057
0.83363992
0.70289761
0.73408568
0.72739065
0.73082393
0.70698535
0.68299097
0.7567327
0.67104262
0.7236017
0.65768564
0.59831029
0.69155437
0.71086717
0.69196832
0.72868764
0.66323465
0.74109578
0.74363017
0.70281363
""
0.62220812
0.48958361
0.7192474
0.46096882
0.72520554
0.7709862
0.77222055
0.76808614
0.83985925
0.75008619
0.88644832
0.78392035
0.77951819
0.78764606
0.77397454
0.75989157
0.76304007
0.79909259
0.76706779
0.80747741
0.91884822
0.75471824
0.77222615
0.78769433
0.72253191
0.74095219
0.80356675
0.90653926
0.6941818
0.80967379
0.7672208
0.81822366
0.70289099
0.7266106
0.77703232
0.71361846
0.78366727
0.74903691
0.70637298
0.79423583
0.67680532
0.76756775
0.813941
0.73241222
0.621292
0.78437626
0.8152054
0.79783714
0.77011216
0.76048714
0.77586067
0.72450459
0.73821527
0.70446962
0.75809753
0.69236368
0.80303657
0.8353458
0.79679298
0.74100894
0.77617997
0.76432401
0.77492523
0.76607913
0.7664184
0.76407158
0.76891029
0.7342391
0.57880449
0.7954241
0.6064328
0.77106774
0.77520865
0.81626201
0.81447977
0.79425287
0.66439188
0.81635594
0.81974661
0.77993858
0.82624876
0.7027685
0.79476458
0.76522708
0.8129667
0.70684898
0.76432574
0.76262975
0.78159201
0.80160952
0.78275943
0.86339295
0.67388421
0.73423487
0.80441719
0.84421545
0.83231068
0.76175094
0.75469393
0.81788909
0.78789496
0.82687652
0.8311007
0.77159733
0.79319853
0.80389428
0.75551957
0.74214768
0.73689628
0.83546913
0.71506494
0.78030843
0.80859214
0.81715161
0.81705028
0.74994671
0.77322453
0.75192213
0.76121473
0.71103805
0.7690506
0.78020513
0.81546044
0.766204
0.78901517
0.74323839
0.78919941
0.75733322
0.79126418
0.74765378
0.79476613
0.82983041
0.7595129
0.78650999
0.78387612
0.73572636
0.75107473
0.75672454
0.69607097
0.7846489
0.76224208
0.72815388
0.81803876
0.84082061
0.80564064
0.73550135
0.76941133
0.69502193
0.69226968
0.78081083
0.74967504
0.83786893
0.70684773
0.7653079
0.7958914
0.78900373
0.75989401
0.68536615
0.73201185
0.66345161
0.68373448
0.6468457
0.65066558
0.67342913
0.77195734
0.77997667
0.82098055
0.78768206
0.76395822
0.72933632
0.65124714
0.68073612
0.58409113
0.62558049
0.72668755
0.76266772
0.693313
0.8243838
0.6872068
0.64762932
0.45440143
0.53532243
0.58556414
0.67596382
0.60160363
0.49335143
0.4970189
0.47829106
0.59261233
0.51670331
0.68126732
0.68405658
0.56420267
0.69290912
0.53205168
0.67323911
0.68444175
0.7292518
0.64631701
0.80721879
0.72268796
0.66607809
0.60301542
0.63006419
0.64857769
0.5418213
0.61038232
0.57889307
0.70440739
0.60549289
0.57884467
0.6754452
0.69715929
0.75053018
0.64699745
0.63703948
0.71760041
0.57801449
0.6590665
0.70145333
0.71715719
0.71295065
0.72090542
0.658382
0.74993181
0.72058648
0.72169638
0.74285203
0.73215353
0.78024328
0.60806322
0.63004601
0.69586051
0.68473279
0.70971996
0.65918684
0.69685423
0.61165434
0.68483186
0.67552912
0.71367216
0.73739493
0.73043978
0.54453921
0.76785731
0.58466411
0.65811163
0.65792495
0.77884531
0.50616348
0.7261638
0.60632986
0.6210705
0.60084689
0.67644233
0.70430589
0.7671988
0.69127536
""
0.46671185
0.4044815
0.45194966
0.4417178
0.40567371
0.34319729
0.47682479
0.44000444
0.47752443
0.34919861
0.34078744
0.70469266
0.7028001
0.71158695
0.75243866
0.64517909
0.72747642
0.67464978
0.7406258
0.68996322
0.73020649
0.75989026
0.7578426
0.72410655
0.73315835
0.72238529
0.6704489
0.7027967
0.72621167
0.75344694
0.78799528
0.67967683
0.66169006
0.78724879
0.70078856
0.70341665
0.73215854
0.71020406
0.77679414
0.68365544
0.74745113
0.71019375
0.71829301
0.71013671
0.73960626
0.67652428
0.71981871
0.68909639
0.67979574
0.73456085
0.69984883
0.77689463
0.71112508
0.70493704
0.67911887
0.75729728
0.75951934
0.71096575
0.7257452
0.72038382
0.56213146
0.72088045
0.70154423
0.56296611
0.62757552
""
0.54243016
0.57198781
0.60038519
0.6120891
0.53903097
0.47650498
0.59123331
0.68229222
0.67696279
0.6315822
0.58801109
0.63738674
0.59829736
0.68855727
0.63433778
0.61264819
0.44874576
0.57732004
0.58543837
0.66773885
0.58429837
0.64833468
0.47548333
0.6322419
0.53200078
0.67609382
0.72627914
0.67763543
0.56952304
0.56966352
0.57916933
0.5992862
0.6825279
0.67118806
0.59196848
0.67380893
0.68476999
0.70472306
0.67419475
0.50827301
0.54507989
""
0.44767648
0.29333764
0.23918544
""
0.37204006
0.45194426
0.4130677
0.38681272
0.42657074
0.56296247
0.65513819
0.5802049
0.54488957
0.57341141
0.638982
0.60659873
0.48986766
0.50436109
0.50951481
0.55553228
0.5720771
0.58726597
0.58709419
0.70410633
0.72721207
0.55215561
0.66859293
0.67824274
0.68733776
0.64706457
0.56775022
0.46632367
0.5862543
0.47647327
0.48655835
0.47141176
0.47436443
0.51923394
0.61167234
0.5556314
0.62132674
0.55562872
0.62225449
0.61791688
0.64100409
0.67229193
0.66667223
0.6145907
0.63968307
0.52682734
0.39601973
0.58755893
0.47059956
0.68594122
0.60096371
0.49172494
0.53477168
0.60191989
0.77567065
0.77708596
0.67687601
0.80919474
0.76212406
0.78237677
0.77912021
0.77094436
0.71057272
0.72860569
0.71439153
0.75115222
0.68439049
0.74189669
0.73524708
0.77411926
0.75439894
0.74524176
0.63953477
0.81173074
0.8245489
0.72122824
0.58467454
0.57929677
0.56442571
0.66687858
0.63892853
0.67011768
0.69021016
0.59477073
0.75793982
0.77255207
0.61344093
0.84160978
0.61104608
0.75563055
""
""
0.80959135
0.72548485
0.81637675
0.62686777
0.43199411
0.67167562
0.70749861
0.67065835
0.78409266
0.60171455
0.62256885
0.68887299
0.7281878
0.55119723
0.69122785
0.77682728
0.62125736
0.76028275
0.68550801
0.70854306
0.70031935
0.69194633
0.44062033
0.53356665
0.75193328
0.67564082
0.67017376
0.61701649
0.70950252
0.67865688
0.68049496
0.67957687
0.60921937
0.67313433
0.74537206
0.73184723
0.54067189
0.30510923
0.60939837
0.6238476
0.66848934
0.58449346
0.51472676
0.71880668
0.6748001
0.64481819
0.57639813
0.48195466
0.66971791
0.66122681
0.66871786
0.51803493
0.56984711
0.56034899
0.58372033
0.59304941
0.50967747
0.49645716
0.52271181
0.56323117
0.64409846
0.56468117
0.7756232
0.57573771
0.67360675
0.65828311
0.57862616
0.65760434
0.63824517
0.72179455
0.76267403
0.70756102
0.69594979
0.73238426
0.7803157
0.7223174
0.80309051
0.79056597
0.75119889
0.73210317
0.70140851
0.76261151
0.78918904
0.71876144
0.6323126
0.85178292
0.88320136
0.8351143
0.76185393
0.72015023
0.63178676
0.76126254
0.61961746
0.61520565
0.53266031
0.5927459
0.6141265
0.78902364
0.76791799
0.79272652
0.76104313
0.83093917
0.80759704
0.58586192
0.74086267
0.70517957
0.64294332
0.66591465
0.62150687
0.7307443
0.61617959
0.74935317
0.83892518
0.89071572
0.73002303
0.64670521
0.67304808
0.6700123
0.61732841
0.59607202
0.76998007
0.76533324
0.51202667
0.48410764
0.65395457
0.73011744
0.56611317
0.60731512
0.49607864
0.56746686
0.76682794
0.67309928
0.77745986
0.66604275
0.73929757
0.73786229
0.56049603
0.65373069
0.74340451
0.75169724
0.71264809
0.76131362
0.73066705
0.77087617
0.699422
0.69629061
0.72898269
0.82882255
0.75931591
0.82641137
0.74700683
0.76795048
0.79836035
0.68078059
0.68481416
0.81103593
0.75896466
0.75835836
0.63536125
0.76042295
0.68802685
0.62111235
0.75922835
0.6940859
0.80029678
0.6778962
0.57979989
0.58105868
0.58228958
0.65367013
0.83096719
0.7334789
0.72261566
0.73478061
0.67116684
0.74852109
0.80364633
0.75378871
0.67734778
0.87906057
0.68989265
0.72568655
0.68664885
0.75080925
""
0.51692277
0.70394135
0.27519125
0.32252669
0.32944426
0.52554268
0.38794488
0.71855736
0.80509388
0.68525219
0.70605874
0.54600602
0.76351696
0.81403053
0.69415462
0.75178921
0.79407305
0.68075019
0.75912535
0.72995573
0.81752163
0.73608691
0.70867902
0.79661787
0.81655073
0.66731739
0.78154987
0.69839114
0.58940136
0.70767403
0.75713998
0.66092253
0.69694096
0.76858842
0.73346579
0.59935594
0.68797034
0.62573022
0.76541233
0.63664776
0.60996878
0.70537126
0.63898605
0.68115216
0.75379121
0.63246614
0.65017366
0.85532928
0.67784703
0.71760166
0.69836509
0.68888175
0.57846344
0.54585415
0.67387831
0.59173918
0.61977684
0.67191082
0.66563547
0.75465804
0.7095167
0.67355371
0.67068511
0.66945159
0.70737422
0.67804158
0.62157732
0.48383188
0.51839101
0.44905579
""
0.2578741
0.67849618
0.53068471
0.62257642
0.57396871
0.64249146
0.71442109
0.53608853
0.62314087
0.70374995
0.7900179
0.8093012
0.72541076
0.77192056
0.77356827
0.6153748
0.68440074
0.85455245
0.72753334
0.78125775
0.66109717
0.80762583
0.59666479
0.5646295
0.54839373
0.67000633
0.78320926
0.7405737
0.76791888
0.73836708
0.66497529
0.62918741
0.63990676
0.63730139
0.4805474
0.56852889
0.54279512
0.6077686
0.68787944
0.69127303
0.63739699
0.73466551
0.94464689
0.82598448
0.60964328
0.47504127
0.51519215
0.59893793
0.61842763
0.55379528
0.58194536
0.62966144
0.7153151
0.83710599
0.64636207
0.50640851
0.59176421
0.57505333
0.67932779
0.6449737
0.50075269
0.62073326
0.60067672
0.54192686
0.79961956
0.81310862
0.75106978
0.72402418
0.60080928
0.82060903
0.73426145
0.71029407
0.80441064
0.74720764
0.60669494
0.68565464
0.71753949
0.62579453
0.67273927
0.74819189
0.65145671
0.68971813
0.51365042
0.70684046
0.63951898
0.68079168
0.6161381
0.61783314
0.67524868
0.61794251
0.69525665
0.75294751
0.6812731
""
0.67662793
0.69275302
0.57761687
0.71934271
0.65924871
0.71083307
0.59555018
0.55679494
0.61974615
0.71581775
0.6656146
0.69376141
0.67151856
0.59041733
0.66648734
0.58271503
0.5417977
0.52342916
0.60466784
0.6744777
0.4414624
0.57577777
0.66691083
0.66799676
0.80731887
0.64494407
0.67634177
0.48098645
0.57698894
0.6570434
0.55057353
0.6447919
0.61995757
0.67723531
0.53143662
0.55412132
0.70065969
0.60062891
0.64118892
0.73075002
0.74342304
0.76877147
0.74089247
0.74334377
0.81876892
0.81193048
0.79707468
0.71990335
0.75676924
0.61600584
0.58228809
0.68532366
0.58444333
0.60723215
0.52423579
0.50976121
0.52592039
0.57869041
0.66800773
0.74718922
0.66358459
0.65359861
0.69264346
0.65238988
0.78585529
0.65991032
0.78345764
0.75218248
0.78474575
0.74360478
0.77476645
0.79453337
0.51009667
0.63075012
0.70751595
0.6443345
0.6806317
0.71971107
0.70167804
0.73646796
0.75937903
0.74517566
0.83881289
0.62606949
0.7139408
0.76763928
0.38305351
0.61321813
0.51964271
0.52659059
0.45030892
0.57346022
0.64654946
0.53870147
0.55614758
0.46532199
0.40760487
0.55980074
0.47526684
0.59600902
0.37511763
0.41976032
0.54741746
0.50921923
0.34489778
0.44554853
0.56286013
0.48648998
0.57116479
0.56010622
0.52432156
0.47363558
0.52457297
0.56731039
0.50125009
0.55439359
0.57666534
0.46160796
0.49843207
0.45953944
0.37290907
0.7185725
0.65823829
0.64597964
0.69671029
0.65541518
0.5943343
0.67393583
0.68353188
0.75590372
0.65921462
0.73068988
0.66758752
0.77372199
0.76712459
0.59614146
0.69448668
0.73780811
0.7794112
0.66234452
0.54328996
0.65604591
0.66744167
0.65154076
0.56914097
0.57011509
0.69837123
0.6551457
0.6603502
0.71812677
0.74322414
0.71832228
0.72583008
0.6233567
0.65237319
0.68985301
0.71316063
0.70238882
0.64456016
0.59512573
0.57943493
0.48634446
0.61481667
0.70160729
0.65847796
0.6613524
0.57922453
0.6789341
0.68065524
0.65423721
0.6593408
0.6472652
0.55034518
0.59007132
0.65494227
0.67796433
0.69280952
0.71968859
0.77266192
0.4122068
0.49128127
0.5804745
0.51241702
0.53630531
0.60013109
0.6824562
0.6762138
0.72075546
0.73328459
0.70387495
0.78596252
0.70992005
0.68472576
0.60395533
0.59767854
0.68745863
0.68932641
0.72616041
0.59582376
0.67499042
0.69693947
0.67096996
0.68660063
0.67243296
0.6890524
0.63157392
0.7252416
0.63822603
0.58398062
0.51524794
0.6130563
0.68483514
0.7195698
0.548935
0.58208025
0.57660741
0.68708611
0.62808436
0.63226312
0.64293939
0.67964393
0.72131723
0.70758891
0.65503007
0.84156215
0.66394448
0.66686302
0.47542083
0.49424344
0.62257516
0.55771834
0.42297214
0.4402473
0.44579691
0.54911393
0.3851397
0.58020192
0.43936321
0.48682159
0.48468283
0.54265821
0.53842407
0.73373699
0.56492287
0.6996237
0.67947924
0.58665073
0.6294561
0.71862763
0.57646328
0.63709933
0.47536278
0.40162748
0.49277484
""
""
0.44664332
0.63481987
0.71097267
0.58846796
0.61124587
0.49750167
0.66186833
""
""
""
""
0.39142194
0.38436142
0.30338743
0.52616954
0.65801519
0.64878082
0.71121585
0.69858205
0.7631864
0.81424516
0.74997038
0.73560405
0.68386942
0.72270513
0.65724832
0.64299637
0.75073254
0.68461883
0.76279742
0.693075
0.71814758
0.73260891
0.29257202
0.46121573
0.5491513
0.65052032
0.63739902
0.6973362
0.70678973
0.74307901
0.67208022
0.65669078
0.62169886
0.72747892
0.62963963
0.74049687
0.52850688
0.6789881
0.58612293
0.64905232
0.7018891
0.7799409
0.61226684
0.66933501
0.642515
0.6484006
0.64713579
0.66341287
0.6397531
0.73384726
0.67375022
0.67657143
0.66775614
0.61203134
0.53830296
0.68684322
0.63681149
0.66962481
0.67551142
0.67631805
0.67373466
0.64483786
0.71074796
0.66416281
0.77232891
0.67824018
0.76662499
0.75842673
0.77813816
0.62317771
0.60901338
0.5755896
0.53105915
0.54038435
0.59622842
0.63199502
0.58477008
0.66258174
0.62538898
0.66903239
0.68204242
0.66955853
0.71214783
0.63396543
0.75869823
0.80070376
0.72177207
0.70293361
0.68932927
0.63849896
0.48580137
0.46736765
0.43702596
0.65863663
0.60727882
0.6938653
0.60482854
0.59332502
0.68341523
0.69389397
0.68145174
0.58116966
0.66504538
0.74023849
0.66471171
0.63463324
0.71317077
0.64869863
0.75936896
0.60506147
0.72228956
0.64072299
0.61234564
0.67202348
0.66790169
0.70433873
0.61629725
0.63709491
0.60174096
0.59032798
0.71945226
0.71174049
0.69809222
0.61223429
0.67077756
0.58864903
0.60956573
0.69564831
0.58043551
0.50628138
0.52183264
0.53920925
0.52099693
0.6990602
0.6139859
0.71212292
0.65467268
0.68077236
0.69305092
0.33619249
""
0.56948
0.58833778
0.66230887
0.76085502
0.69179213
0.7077089
0.67183751
0.71894145
0.67751712
0.64216501
0.70858836
0.61270571
0.73225731
0.77387083
0.67162704
0.64827365
0.67538571
0.52743101
0.70674443
0.65691787
0.76560742
0.66845232
0.501284
0.43886098
0.56084013
0.6465537
0.48032615
0.54648721
0.60143638
0.59249383
0.61735529
0.57179546
0.61160719
0.54943097
0.599567
0.47760725
0.48645028
0.51968729
0.58644557
0.57227242
0.5202871
0.48099384
0.60966223
0.5120188
0.6550898
0.51879257
0.70569503
0.73339432
0.61915797
0.67161721
0.57684213
0.71800822
0.72139519
0.70493793
0.65756607
0.70209146
0.70496231
0.64956695
0.51391983
0.4643732
0.43868229
""
0.58973587
0.56095386
0.64638335
0.57008302
0.59309727
0.67220825
0.6463322
0.64314568
0.60622215
0.59349155
0.61886412
0.60065097
0.70073593
0.78191918
0.67179334
0.66187048
0.67227679
0.47125444
0.62828994
0.60879332
0.57619107
0.61816537
0.62504601
0.82970995
0.69909948
0.56036001
0.69595993
0.55022186
0.56623638
0.48531517
0.57187241
0.51980811
0.67534125
0.74515039
0.78878194
0.63106281
0.70239139
0.62770438
0.70362049
0.61587751
0.69638407
0.6782155
0.73729241
0.7556594
0.75748974
0.64518988
0.7013464
0.69207543
0.62394929
0.68379152
0.57219338
0.67089885
0.72773629
0.78003925
0.69936848
0.58333611
0.61099631
0.68743986
0.68959391
0.69596142
0.62752819
0.7108596
0.64157194
0.73264986
0.68413371
0.68745577
0.55964732
0.66954082
0.78712696
0.79314858
0.72814161
0.65367442
0.70085335
0.7577756
0.72171664
0.47165701
0.42401811
0.59375149
0.46157819
0.64290297
0.62287641
0.62979829
0.60658717
0.60492969
0.75725979
0.63015676
0.66808558
0.61191076
0.74455547
0.72728729
0.52076948
0.51278782
0.58121419
0.60295498
0.5987426
0.62012523
0.64558369
0.62206978
0.56828243
0.61437708
0.59286326
0.42948574
0.54764998
0.54686832
0.57992399
0.51076454
0.52347952
0.52412343
0.55776417
0.60688758
0.70367843
0.55422527
0.73114586
0.61427933
0.76692224
0.70606875
0.56208509
0.59657043
0.61381292
0.6165632
0.49477309
0.70545357
0.6213119
0.68557572
0.58076936
0.62937057
0.62931365
0.61976314
0.65933931
0.64679581
0.59334719
0.52437562
0.69316632
0.65419233
0.65855575
0.53077966
0.65800154
0.61688292
0.57598478
0.62910694
0.6392923
0.76495922
0.65320837
0.61587054
0.48620719
0.72714627
0.62671369
0.65475881
0.68572515
0.66534531
0.6448819
0.69535333
0.59700096
0.55151492
0.72783583
0.64074868
0.6196571
0.74815512
0.70716697
0.74731869
0.65187573
0.71388602
0.77042931
""
0.51926631
0.51574206
0.55573171
0.67012775
0.54247385
0.5534963
0.55200332
0.58832163
0.58467519
0.51828247
0.5654977
0.54435056
0.57550317
0.72087944
0.65196592
0.62818569
0.63366687
""
""
0.6565702
0.70440131
0.78138852
0.70282066
0.70937747
0.71930385
0.6657415
0.81860507
0.80778211
0.75221819
0.74614817
0.77357876
0.7676183
0.75296229
0.78958964
0.71019852
0.71640843
0.66008401
0.76979184
0.7505697
0.73098624
0.87156588
0.72168356
0.81520277
0.78676647
0.8400259
0.77139568
0.80533677
0.69904703
""
0.5207299
0.81234378
0.60966355
0.75900865
0.68801767
0.73270494
0.67363101
0.79659379
0.78263718
0.71380645
0.77507317
0.80784315
0.68725955
0.87393188
0.72700679
0.6641497
0.60372657
""
""
0.59675431
""
""
""
0.79329157
0.61396182
0.66653562
0.85388881
0.73867643
0.96761405
0.78203136
0.67941976
0.72111857
0.74361473
0.81892592
0.8157987
0.74978709
0.65422702
""
""
""
""
""
""
""
""
""
0.84961671
0.62642521
0.6468339
0.60894108
0.36393711
0.524216
0.64634496
0.48271599
0.74241126
0.80898643
""
""
""
""
""
""
""
""
0.51545835
0.70325828
0.59876704
0.74285036
0.79715633
0.65763539
""
""
""
""
0.59007496
0.6661554
0.67260289
0.70441073
0.79707724
""
""
0.55018204
""
0.74248689
0.83457619
0.8162083
0.79106849
0.7674951
0.80460465
0.90604401
0.67057443
0.75418288
""
0.83941364
""
""
0.35217032
0.46285638
""
""
""
""
0.91665131
0.75211233
0.86106163
0.82331598
0.85813481
0.82465637
0.77551395
0.93679488
0.61438876
0.63854915
0.69664681
0.76920205
0.84945726
0.73880345
0.77273756
0.82182181
0.79339552
0.81853372
0.79248625
0.82172215
0.79778314
0.81001222
0.81665182
0.5802564
0.72855312
0.82735056
0.79245067
0.87206256
0.7830869
0.8659777
0.80876786
0.81268376
0.72338724
0.7772457
0.78859478
0.68797827
0.79872447
0.7690348
0.74385005
0.78435296
0.76242179
0.86766595
0.81553334
0.75834984
0.79645008
0.81286627
0.80968863
0.81477696
0.78809571
0.7637307
0.78319794
0.74530995
0.88113344
0.79253298
0.85368192
0.75809789
0.75296229
0.75241488
0.80364579
0.74535608
0.51629746
0.46064389
0.60634786
0.74321979
0.70183927
0.7396428
0.75925589
0.58457351
0.63867098
0.5152005
0.64945692
0.62685204
0.64286405
0.58480352
0.48586297
0.6066612
0.70506412
0.68886608
0.66079241
0.78048897
0.75253803
0.7099781
0.68616039
0.66944194
0.60537434
0.80222595
0.62444103
0.70405942
0.79047221
0.76590693
0.74781954
0.74341166
0.7857641
0.78633577
0.77745384
0.78106779
0.76045638
0.70069534
0.75851595
0.749955
0.83188784
0.73579925
0.81351215
0.78850067
0.75421864
0.75244087
0.79693234
0.63993227
0.83568299
0.80427873
0.71867317
0.78482145
0.71362078
0.69577485
0.77637768
0.72421801
0.74221468
0.75477374
0.72175097
0.78441638
0.72080666
0.76035529
0.74993283
0.60847545
0.68604892
0.75009513
0.75080037
0.65917069
0.66857898
0.78166276
0.65581447
0.75110698
0.71612614
0.75032759
0.68363684
0.72344685
0.79330039
0.76345557
0.7710979
0.73860127
0.78616089
0.81599033
0.75120914
0.76593751
0.56652725
""
""
""
""
""
""
""
""
""
0.40740725
""
0.86007404
0.77763325
0.7727648
0.62304592
0.29597911
0.61640877
0.68656099
0.48054591
0.68242729
0.66900647
0.64019382
0.57300538
0.64382583
0.64413553
0.60142553
0.76589561
0.74886745
0.48043239
0.62951273
0.63603181
0.72549421
0.7254234
0.64902639
0.68484867
0.73583603
0.66263217
0.73118061
0.34893009
0.55759066
0.52827293
0.58176422
0.47017097
0.43555626
0.39126781
0.49419087
0.50459105
0.5074563
0.46313074
0.38290104
0.44606283
0.45527872
0.71518326
0.70084548
0.71670085
0.68382114
0.78156942
0.65730917
0.76585138
0.68715256
0.52524853
0.67078006
0.65209907
0.70816094
0.66625488
0.65780896
0.64848274
0.61413538
0.64971071
0.71378767
0.73632824
0.74958909
0.739649
0.79819685
0.78435528
0.72498119
0.74090904
0.7861436
0.58788908
0.6918487
0.7843709
0.63533187
0.805911
0.73153716
0.74597341
0.78727025
0.70187819
0.72577548
0.73385763
0.74931073
0.72802001
0.62501335
0.67145437
0.51816463
0.7073763
0.63715392
0.70996559
0.6781854
0.71445942
0.76361841
0.58535808
0.62251294
0.69931948
0.77328902
0.70278233
0.62559891
0.58335066
0.66862983
0.58976316
0.55141324
0.63891536
0.52479434
0.64852434
0.80934101
0.71975052
0.77098
0.71387088
0.76698309
0.75249529
0.70338291
0.48807597
0.52179486
0.53261817
0.47432047
0.51715297
0.56837159
0.58738875
0.56401247
0.50778419
0.5102675
0.63102084
0.71637738
0.63119239
0.50822806
0.66008908
0.64315057
0.58576149
0.53922129
0.58085841
0.63581568
0.5716266
0.69036061
0.6526143
0.60623634
0.39368322
0.32093149
0.26872477
0.32334915
0.50323027
0.42298996
0.82272398
0.6879164
0.61707884
0.70197666
0.78703314
0.68441308
0.660227
0.77352607
0.70711124
0.5785324
0.66703027
0.709723
0.75522494
0.64777112
0.73970371
0.75703931
0.61489415
0.67660737
0.5528565
0.55382276
0.66837686
0.6722315
0.54263949
0.60046488
0.66605043
0.66203684
0.61419791
0.67288971
0.61324167
0.71021533
0.66160339
0.61674404
0.75381339
0.6973477
0.60583937
0.61882895
0.63592136
0.58201593
0.5996899
0.62800384
0.61278623
0.5556863
0.6699639
""
0.62204254
0.60879624
0.63666523
0.65241569
0.5670284
0.72778928
0.46719438
0.75768185
0.6657331
0.78675848
0.67717266
0.5635426
0.57100141
0.51568979
0.68606758
0.72335249
0.72839659
0.74953771
0.60206574
0.74755609
0.6146301
0.75662792
0.47857013
0.73373461
0.65939277
0.60703969
0.53301865
0.71452338
0.68767077
0.72003073
0.79997754
0.52097976
0.64938748
0.63816053
0.71859443
0.72093791
0.62014455
0.56914532
0.6689781
0.65358806
0.66161042
0.53463072
0.63052142
0.51765794
0.50793242
0.48725435
0.47806695
0.42006606
0.68583739
0.71349508
0.78744119
0.74729329
0.72170246
0.69388556
0.66253489
0.70407307
0.57666588
0.73238277
0.81470549
0.72385144
0.78842962
0.74478626
0.58751851
0.66392457
0.70782912
0.6489504
0.7046997
0.66613448
0.74394858
0.74757838
0.78585988
0.64426696
0.68823642
0.72054732
0.70899278
0.44158661
0.48595062
0.43942407
0.3558653
0.53529459
0.52488476
0.61296809
0.5914771
0.51333052
0.4675906
0.57854438
0.60561889
0.56897557
0.54720092
0.59853226
0.53766149
0.5278464
0.52072066
0.65320158
0.68190044
0.60592657
0.62505412
0.6569528
0.74873859
0.69789296
0.68346858
0.62276423
0.73029238
0.67678308
0.63236618
0.5472669
0.55840808
0.63649118
0.58450705
0.63805747
0.59694761
0.60086209
0.68117756
0.62427437
0.60272652
0.57481658
0.67690903
0.61293924
0.6282866
0.55321079
0.60116047
0.60089123
0.493779
0.65649933
0.67137641
0.7069189
0.68378258
0.65507239
0.7346794
0.59116483
0.59729099
0.58584273
0.60091567
0.6817258
0.58240771
0.67134941
0.6198687
0.62968826
0.68225926
0.48561218
0.40294093
0.47088796
0.52265608
0.5765416
0.60801655
0.58753139
0.59662724
0.55077595
0.62562352
0.49040672
0.35900477
0.38116872
0.72051734
0.6438182
0.62928617
0.72420186
0.629884
0.61681139
0.64954448
0.66571176
0.55740017
0.54489577
0.44765863
0.61755103
0.57207453
0.64228964
0.45777023
0.49253139
0.60555518
0.42211455
0.47980449
0.6932354
0.64353293
0.72470152
0.63695145
0.69436365
0.66766936
0.69864851
0.76618642
0.62904364
0.66400534
0.74780792
0.78674906
0.79270595
0.73302233
0.69335383
0.67715806
0.70328063
0.75954086
0.7577551
0.74091733
0.85414845
0.77063417
0.76831806
0.7780968
0.75973332
0.7012952
0.78227043
0.79193372
0.70931679
0.75247657
0.80242187
0.82322663
0.7406981
0.74732023
0.87191284
0.67004061
0.85097176
0.75586152
0.73029262
0.71646655
0.70451385
0.61354119
0.59058207
0.73165691
0.67606908
0.70058823
0.74551266
0.62114483
0.6140855
0.74736518
0.73833001
0.8124091
0.82063693
0.7037732
0.66180837
0.64862919
0.77822524
0.71840602
0.74677742
0.61728543
0.67898512
0.73879743
0.67717332
0.65314329
0.74067557
0.81124705
0.70331365
0.66999364
0.66802329
0.74709994
0.71046275
0.72403622
0.70962018
0.72042757
0.7442593
0.6406979
0.83150089
0.75930518
0.66294885
0.8302688
0.70643157
0.708619
0.70958316
0.68546599
0.81484127
0.66935396
0.77150416
0.70039451
0.77873451
0.82439643
0.82413
0.64915824
0.81310338
0.74821508
0.66786849
0.68947923
0.65384042
0.74513531
0.52545345
0.63291067
0.67095613
0.63599181
0.73633599
0.72312272
0.67954528
0.74634099
0.78580195
0.77062231
0.71483767
0.70996416
0.74600089
0.52125394
0.79389703
0.76050609
0.62087864
0.70425332
0.51618719
0.7820375
0.65917313
0.68546236
0.73020345
0.7768023
0.71073705
0.69793975
0.64653879
0.73432958
0.78326261
0.70000738
0.5423556
0.50666845
0.70946836
0.82803011
0.6997751
0.72867101
0.72176456
0.69370192
0.78641808
0.78679818
0.61913627
0.65738004
0.64307606
0.78695488
0.71843767
0.81665939
0.75907427
0.74816644
0.76606739
0.77960628
0.75996
0.75294816
0.65760022
0.6487354
0.65748429
0.81090838
0.76740021
0.7663604
0.80821925
0.71051079
0.64628792
0.74685687
0.74249256
0.70791519
0.79491389
0.78588194
0.74025768
0.77877963
0.68249959
0.65824801
0.67070156
0.72172582
0.73760557
0.55550265
0.78845114
0.68938071
0.7576406
0.62761664
0.67471832
0.58791155
0.49825257
0.54001248
0.70109141
0.65601343
0.69671828
0.58034569
0.65685564
0.59250522
0.5442372
0.56741661
0.56056774
0.61792028
0.59255683
0.41665846
0.43995953
0.56899416
0.51091564
0.39403549
0.49427623
""
0.37041497
0.32518974
0.58877313
0.42643815
0.46708408
0.51061368
0.57528257
0.56115007
0.50456583
0.58063394
0.52224326
0.61116958
0.60461169
0.35416022
0.44281322
0.38493004
0.36248156
0.22606361
0.5042873
0.46170998
0.50551701
0.62491727
0.58220959
0.44240978
0.47413811
0.44242871
0.50150639
0.2895571
0.64014441
0.4682098
0.48527855
0.47219002
0.51544821
0.45195293
0.33907679
0.39240578
0.30225018
0.38979292
0.32239503
0.38845801
0.47987026
0.46102393
0.61670494
0.58997935
0.60782021
0.61785597
0.5917235
0.55020297
0.55004311
0.57723051
0.51496416
0.57271123
0.53227991
0.45966783
0.49910882
0.57622284
0.50674474
0.58025247
0.56105196
0.56488115
0.5623731
0.58204687
""
0.33854678
0.5081175
0.50890791
0.46785697
0.60419989
0.61633676
0.60476619
0.56374967
0.51156914
0.5920313
0.56320977
0.66571575
0.56075644
0.53425652
0.61137587
0.61309189
0.67650491
0.63928825
0.54778719
0.57781494
0.59085065
0.71078777
0.29829413
0.46511006
0.36481714
0.5184176
0.50360888
0.45667684
0.62928927
0.39156592
0.46000046
0.40443307
0.41159132
0.47990876
0.50277805
0.42364979
0.43160868
0.36491844
0.57638055
0.55009478
0.53151673
0.46963412
0.59315538
0.56671017
0.54665554
0.57233006
0.58233881
0.68151766
0.49204171
0.50401807
0.30342978
""
0.33836538
0.18124112
0.48843667
0.46779478
0.52706617
0.38388848
0.37499619
0.43899834
0.46038982
0.52099413
""
""
""
""
""
""
""
""
""
""
""
""
""
""
""
""
""
""
""
""
""
""
""
""
""
""
""
""
""
""
""
""
""
""
""
""
""
""
""
""
""
""
""
""
""
""
""
""
""
""
""
""
""
""
""
""
""
""
""
""
""
""
""
""
""
""
""
""
""
""
""
""
""
""
""
""
""
""
""
""
""
""
""
""
""
""
""
""
""
""
""
""
""
""
""
""
""
""
""
""
""
""
""
""
""
""
""
""
""
""
""
""
""
""
""
""
""
""
""
""
""
""
""
""
""
""
""
""
""
""
""
""
""
""
""
""
""
""
""
""
""
""
""
""
""
""
""
""
""
""
""
""
""
""
""
""
""
""
""
""
""
""
""
""
""
""
""
""
""
""
""
""
""
""
""
""
""
""
""
""
""
""
""
""
""
""
""
""
""
""
""
""
""
""
""
""
""
""
""
""
""
""
""
""
""
""
""
""
""
""
""
""
""
""
""
""
""
""
""
""
""
""
""
""
""
""
""
""
""
""
""
""
""
""
""
""
""
""
""
""
""
""
""
""
""
""
""
""
""
""
""
""
""
""
""
""
""
""
""
""
""
""
""
""
""
""
""
""
""
""
""
""
""
""
""
""
""
""
""
""
""
""
""
""
""
""
""
""
""
""
""
""
""
""
""
""
""
""
""
""
""
""
""
""
""
""
""
""
""
""
""
""
""
""
""
""
""
""
""
""
""
""
""
""
""
""
""
""
""
""
""
""
""
""
""
""
""
""
""
""
""
""
""
""
""
""
""
""
""
""
""
""
""
""
""
""
""
""
""
""
""
""
""
""
""
""
""
""
""
""
""
""
""
""
""
""
""
""
""
""
""
""
""
""
""
""
""
""
""
""
""
""
""
""
""
""
""
""
""
""
""
""
""
""
""
""
""
""
""
""
""
""
""
""
""
""
""
""
""
""
""
""
""
""
""
""
""
""
""
""
""
""
""
""
""
""
""
""
""
""
""
""
""
""
""
""
""
""
""
""
""
""
""
""
""
""
""
""
""
""
""
""
""
""
""
""
""
""
""
""
""
""
""
""
""
""
""
""
""
""
""
""
""
""
""
""
""
""
""
""
""
""
""
""
""
""
""
""
""
""
""
""
""
""
""
""
""
""
""
""
""
""
""
""
""
""
""
""
""
""
""
""
""
""
""
""
""
""
""
""
""
""
""
""
""
""
""
""
""
""
""
""
""
""
""
""
""
""
""
""
""
""
""
""
""
""
""
""
""
""
""
""
""
""
""
""
""
""
""
""
""
""
""
""
""
""
""
""
""
""
""
""
""
""
""
""
""
""
""
""
""
""
""
""
""
""
""
""
""
""
""
""
""
""
""
""
""
""
""
""
""
""
""
""
""
""
""
""
""
""
""
""
""
""
""
""
""
""
""
""
""
""
""
""
""
""
""
""
""
""
""
""
""
""
""
""
""
""
""
""
""
""
""
""
""
""
""
""
""
""
""
""
""
""
""
""
""
""
""
""
""
""
""
""
""
""
""
""
""
""
""
""
""
""
""
""
""
""
""
""
""
""
""
""
""
""
""
""
""
""
""
""
""
""
""
""
""
""
""
""
""
""
""
""
""
""
""
""
""
""
""
""
""
""
""
