jail_hisp_male_p75
""
""
""
""
""
""
""
""
""
""
""
""
""
""
""
""
""
""
""
""
""
""
""
""
""
""
""
""
""
""
""
""
""
""
""
""
""
""
""
""
""
""
""
""
""
""
""
""
""
""
""
""
""
""
""
""
""
""
""
""
""
""
""
""
""
""
""
""
""
""
""
""
""
""
""
""
""
""
""
""
""
""
0.0042030457
""
""
""
""
""
""
""
""
""
""
0.021763677
""
""
""
""
""
""
""
""
""
""
""
""
""
""
""
""
""
""
""
""
""
""
""
""
""
""
""
""
""
""
""
""
""
""
""
""
""
""
""
""
""
""
""
""
""
""
""
""
""
""
""
""
""
""
""
""
""
""
""
""
""
""
""
""
""
""
""
""
-0.0079669496
0.081338018
""
""
""
""
""
""
""
""
""
""
""
""
""
""
""
""
""
""
""
""
""
""
""
""
""
""
""
""
""
""
""
""
""
""
""
""
""
""
""
""
""
""
""
""
""
""
""
""
""
""
""
""
""
""
""
""
""
""
""
""
""
0.11387429
""
""
""
""
""
""
""
""
""
-0.053265572
""
""
""
""
""
""
""
""
""
""
""
""
""
""
""
""
""
""
""
""
""
""
""
""
""
""
""
""
""
""
""
""
""
""
""
""
""
""
""
""
""
""
""
""
""
""
""
""
""
""
""
""
""
""
""
""
""
""
""
""
""
""
""
""
""
""
""
""
""
""
""
""
""
""
""
""
""
""
""
""
""
""
""
""
""
""
""
""
""
""
""
""
""
""
""
""
""
""
""
""
""
""
""
""
""
""
""
""
""
""
""
""
""
""
""
""
""
""
""
""
""
""
""
""
""
""
""
""
""
""
""
""
""
""
""
""
""
""
""
""
""
""
""
""
""
""
""
""
""
""
""
""
""
""
""
""
""
""
""
""
""
""
""
""
""
""
""
""
""
""
""
""
""
""
""
""
""
""
""
""
""
""
""
""
""
""
""
""
""
""
""
""
""
""
""
""
""
""
""
""
""
""
""
""
""
""
""
""
""
""
""
""
""
""
""
""
""
""
""
""
""
""
""
""
""
""
""
""
""
""
""
""
""
""
""
""
""
""
""
""
""
""
""
""
""
""
""
""
""
""
""
""
""
""
""
""
""
""
""
""
""
""
""
""
""
""
""
""
""
""
""
""
""
""
""
""
""
""
""
""
""
""
""
""
""
""
""
""
""
""
""
""
""
""
""
""
""
""
""
""
""
""
""
""
""
""
""
""
""
""
""
""
""
""
""
""
""
""
""
""
""
""
""
""
""
""
""
""
""
""
""
""
""
""
""
""
""
""
""
""
""
""
""
""
""
""
""
""
""
""
""
""
""
""
""
""
""
""
""
""
""
""
""
""
""
""
""
""
""
""
""
""
""
""
""
""
""
""
""
""
""
""
""
""
""
""
""
""
""
""
""
""
""
""
""
""
""
""
""
""
""
""
""
""
""
""
""
""
""
""
""
""
""
""
""
""
""
""
""
""
""
""
""
""
""
""
""
""
""
""
""
""
""
""
""
""
""
""
""
""
""
""
""
""
""
""
""
""
""
""
""
""
""
""
""
""
""
""
""
""
""
""
""
""
""
""
""
""
""
""
""
""
""
""
""
""
""
""
""
0.082238972
""
""
""
""
""
""
""
""
""
""
""
""
""
""
""
""
""
""
""
""
""
""
""
""
""
""
""
""
0.070031524
""
-0.3057411
""
""
""
""
""
""
""
""
""
""
""
""
""
""
""
""
""
""
""
""
""
""
""
""
""
""
""
""
""
""
""
""
""
""
""
""
""
""
""
""
""
""
""
""
""
""
""
""
""
""
""
""
""
""
""
""
""
""
""
""
""
""
""
""
""
""
""
""
""
""
""
""
""
""
""
""
""
""
""
""
""
""
""
""
""
""
""
""
""
""
""
""
""
""
""
""
""
""
""
""
""
""
""
""
""
""
""
""
""
""
""
""
""
""
""
""
""
""
""
""
""
""
""
""
""
""
""
""
""
""
""
""
""
""
""
""
""
""
""
""
""
""
""
""
""
""
""
""
""
""
""
""
""
""
""
""
""
""
""
""
""
""
""
""
""
""
""
""
""
""
""
""
""
""
""
""
""
""
""
""
""
""
""
""
""
""
""
""
""
""
""
""
""
""
""
""
""
""
""
""
""
""
""
""
""
""
""
""
""
""
""
""
""
""
""
""
""
""
""
""
""
""
""
""
""
""
""
""
""
""
""
""
""
""
""
""
""
""
""
""
""
""
""
""
""
""
""
""
""
""
""
""
""
""
""
""
""
""
""
""
""
""
""
""
""
""
""
""
""
""
""
""
""
""
""
""
""
""
""
""
""
""
""
""
""
""
""
""
""
""
""
""
""
""
""
""
""
""
""
""
""
""
""
""
""
""
""
""
""
""
""
""
""
""
""
""
""
""
""
""
""
""
""
""
""
""
""
""
""
""
""
""
""
""
""
""
""
""
""
""
""
""
""
""
""
""
""
""
""
""
""
""
""
""
""
""
""
""
""
""
""
""
""
""
""
""
""
""
""
""
""
""
""
""
""
""
""
""
""
""
""
""
""
""
""
""
""
""
""
""
""
""
""
""
""
""
""
""
""
""
""
""
""
""
""
""
""
""
""
""
""
""
""
""
""
""
""
""
""
""
""
""
""
""
""
""
""
""
""
""
""
""
""
""
""
""
""
-0.0026712231
""
0.052079689
""
""
-0.028366044
-0.040211264
0.048173539
-0.036611333
0.021801418
""
0.02212543
""
0.087669455
""
""
""
-0.020613782
""
0.13051765
""
0.038205214
-0.013255195
-0.011826047
0.014410038
""
0.072296254
-0.042734817
-0.016957538
""
-0.045742538
""
""
0.032360367
0.053875338
""
0.017755555
-0.41622379
""
""
0.063799694
0.043178022
0.018622572
-0.011607538
0.02126706
""
""
""
""
""
""
""
""
""
""
""
""
""
""
""
""
0.013526219
0.064046316
""
-0.030895336
-0.017326621
""
""
0.018753799
""
""
""
-0.052758642
""
""
0.041026328
""
""
""
""
""
0.054329187
""
""
""
""
""
""
""
""
""
-0.0097699407
""
""
""
""
""
""
""
""
""
""
""
""
""
""
""
""
""
""
""
""
""
""
""
""
""
""
""
""
""
""
""
""
""
""
""
""
""
""
""
""
""
""
""
""
""
""
""
""
""
""
""
""
""
""
""
""
""
""
""
""
""
""
""
""
""
""
""
""
""
""
""
""
""
""
""
""
""
""
""
""
""
""
""
""
-0.014166111
0.10398803
-0.00057585019
""
0.020648589
""
""
""
0.026561277
0.0071151368
-0.016025282
0.040075365
0.033932105
-0.035156928
""
0.003068465
0.03660097
-0.0090443632
0.11027177
""
0.023420807
-0.014759194
-0.023705028
0.098142192
-0.001180565
-0.031603076
-0.013810886
0.056931056
0.021043304
0.068665437
-0.01813289
-0.13676269
-0.0080469921
0.040476218
-0.010059077
-0.0060164342
-0.0014284638
-0.0063384054
-0.026430475
0.091724083
""
""
""
-0.087813675
0.01716491
0.027218347
-0.0085608074
""
""
-0.0089533571
""
""
""
0.018360471
""
""
""
""
""
""
""
""
""
""
""
""
""
""
""
""
-0.060817614
0.035154998
0.026901726
0.028382299
""
""
""
""
""
""
0.0084241247
0.0228005
0.011505894
-0.05101265
""
0.036456037
-0.046897832
0.015783526
0.12859696
""
""
""
""
""
""
-0.041244406
0.059629332
""
""
""
""
-0.059080783
""
""
""
""
""
""
""
0.051824622
""
""
""
""
""
""
""
""
""
""
""
""
""
""
0.054311153
0.34119755
""
-0.059200551
0.092956908
-0.056865446
""
-0.022960586
""
0.042317491
0.16839936
0.062188245
""
-0.059617221
0.0099893408
0.15037689
0.10242094
0.035521813
-0.096364632
0.053643737
0.024770765
0.20176916
-0.018970521
0.081838518
""
""
0.073975489
""
""
-0.013159188
-0.0029327613
""
""
""
0.11778575
""
-0.028005233
""
""
-0.052136946
""
""
-0.010076586
""
""
""
""
-0.036774673
0.024091918
""
0.085929595
""
0.016725607
-0.00098327629
""
-0.018710043
0.089679569
-0.055576079
0.0030719761
0.054479256
""
""
""
""
""
0.031284783
0.0062115593
0.012055705
""
-0.0038877325
""
""
0.017410658
0.059431002
""
""
""
""
0.019051416
-0.022689024
0.064579837
-0.024869299
0.0070170844
0.017777918
-0.025353545
-0.023230992
-0.012222275
-0.0047278977
0.008953915
0.0024952372
0.020317079
0.0088121602
0.0096196877
0.27433008
""
-0.010239785
-0.02972544
-0.0095341029
0.15582561
0.0038123291
0.053003199
0.00011895983
""
""
""
0.015692497
0.082404628
0.015250535
-0.0075595998
""
0.032967277
0.015801653
-0.027659854
-0.04675784
0.027259372
0.063980885
0.016284082
0.048704784
0.039889943
0.015394296
-0.036580719
0.0043727052
-0.009470921
0.0012903959
0.017490562
-0.01354022
-0.014991427
0.16076276
""
-0.0085011572
0.0057305624
0.13450411
0.030542951
0.010433637
0.080583341
0.054718237
0.059636895
0.030519262
0.010042707
0.0048464374
""
0.17433356
-0.021315899
-0.009481024
0.0060278852
0.10614215
0.060256489
-0.0025719223
-0.011060109
-0.040932067
0.0083906008
-0.0073875333
0.10883986
""
""
""
""
""
-0.00023574897
""
0.052470114
""
-0.012045584
0.036009859
-0.039687052
""
""
-0.008782289
-0.016096793
0.0043087322
-0.0083390288
-0.016324433
-0.0095640728
-0.034652572
0.041761257
-0.036831457
0.018693697
-0.038033746
-0.018549392
0.010186828
-0.07393112
0.054844517
0.037495185
0.0062645166
0.064880542
0.035420377
-0.01297619
-0.00061019912
0.012943286
-0.011393945
-0.060575992
0.026900019
0.042182289
0.016086148
0.10404629
0.038417898
0.023517782
-0.039696101
0.014577509
0.0075862929
0.069948472
0.0528077
0.018856162
0.090730652
-0.0040243221
0.0011630143
0.0014302788
-0.011610271
0.082966425
0.05035267
0.078085847
0.082221396
0.10102515
""
-0.042707499
-0.028666385
0.0032765288
0.014457676
0.12083097
0.0023377775
0.11923468
0.079055637
""
""
""
""
""
""
0.023994867
-0.0074763834
0.0081296004
-0.019988162
""
0.15541114
0.0028202347
-0.042926341
-0.0064820009
-0.034389999
-0.010044508
0.00097405136
0.044755314
-0.14637685
-0.039729603
0.094857074
""
-0.095716797
0.018130315
-0.0073304772
-0.037195042
""
-0.013861127
""
0.0011852116
-0.10526485
0.021811245
-0.040766209
0.063693851
-0.0066234921
0.024771379
-0.029867072
0.009698296
-0.021064306
-0.02085647
-0.067939781
-0.053155161
-0.0082328832
0.041164078
""
""
""
""
0.033150241
-0.035894211
-0.034417912
0.061999381
-0.051139608
0.028095564
0.15030275
-0.044427354
-0.015064377
0.034370735
-0.018043805
0.054483745
0.092403188
-0.067406639
-0.033869985
0.022767888
0.17197923
0.036191054
0.054272808
-0.0029336191
-0.00027509185
0.034984604
0.044110078
0.030824615
0.031972516
0.060453668
0.018239744
-0.078554265
-0.017602723
0.022574279
0.025880011
0.029694851
-0.0081480071
0.055185005
-0.004484456
-0.0038962692
0.0044035288
-0.013098101
-0.0045570307
-0.057365209
-0.015886448
0.037659574
-0.063945062
0.012946098
-0.011114977
0.017149469
-0.064524904
0.00024708631
0.18855177
""
""
0.0039341687
-0.002028337
0.15003553
-0.013639702
0.011982983
0.069412082
-0.049032424
-0.011682259
-0.036469102
0.062384952
0.088534243
0.015618773
0.047894564
0.084848173
-0.0059403991
0.042726971
0.040602338
-0.02304114
0.041296557
0.021254186
-0.0043652998
-0.029420031
-0.0024345377
0.0076355459
0.013545784
0.011573613
-0.0069968803
0.099798732
""
-0.011040238
0.0023260231
0.041252721
-0.083469324
-0.028462656
-0.25797319
-0.02576106
0.053132918
0.063215159
0.0093648778
0.0091909831
0.028997231
0.07517986
0.041122504
0.082442492
-0.13411865
""
-0.2953946
0.063220397
""
-0.069569565
-0.092337482
-0.19930921
-0.015555658
-0.0085947951
-0.03350069
0.010751559
0.094005294
0.043969195
0.061036557
0.25442544
0.011042774
0.044236459
-0.0059685018
0.11276944
0.014745259
-0.038160663
0.025988502
0.1018957
-0.015585814
0.17981097
0.029231625
0.07680501
-0.012098643
0.0054476038
0.056227695
0.072366826
-0.0086487792
-0.0037017008
""
""
""
0.061629903
""
""
""
0.1709937
-0.031898227
0.045166161
0.056445163
0.058217589
0.0004795288
-0.018628027
0.047576819
-0.048498977
0.046802144
-0.00074222719
""
-0.033482786
-0.013363755
0.011221441
""
0.028321451
0.017148919
0.044948991
0.0062334775
0.0064639635
""
""
""
-0.026052447
""
""
-0.029595455
""
-0.032548938
0.093308933
-0.01513495
0.060976651
0.016497213
-0.03989692
""
""
""
""
""
""
""
""
""
""
""
""
""
""
""
""
""
""
""
""
0.043231845
""
""
""
""
""
""
""
""
""
""
""
""
""
""
""
""
""
-0.076654173
""
0.035392348
0.0095419204
""
""
""
""
""
""
0.070637152
0.36469936
0.021222744
-0.013385637
-0.040950488
0.075342588
-0.070870712
0.17553721
-0.024137914
0.046954952
0.055354659
0.056694929
""
0.0209167
-0.013616153
""
""
""
0.009404039
-0.055527866
-0.026771545
0.0022504521
0.088690028
0.13530071
-0.018346278
0.053626858
0.01098844
-0.054050241
-0.017309314
0.032960761
-0.031724688
0.019223873
0.025220305
-0.0030645118
-0.00062829081
0.033963401
0.0021542097
0.17138386
""
0.017214881
0.028004412
0.032365251
0.038035318
0.01451162
0.032580189
""
0.031050436
0.018249767
""
""
""
-0.020667478
0.02570058
0.02626843
""
0.026649442
0.044201557
""
0.053450968
""
""
-0.0024544059
-0.023793608
0.0024325645
""
0.0044441656
""
0.049041234
-0.038410492
0.044637226
""
-0.024071692
-0.0092460057
""
0.053587116
""
0.073070757
-0.0090939626
-0.018966775
0.061802883
-0.0085762758
-0.083327137
-0.0011488734
0.034565672
0.0058275303
""
""
""
-0.00031013065
0.031753376
0.074050985
-0.0043893121
0.20436889
0.058669619
-0.027986305
-0.032303829
-0.023006296
-0.019936226
0.11758604
0.055901088
0.037035692
-0.027486922
-0.033524353
0.059215415
-0.030214546
-0.007528747
-0.0055452315
0.0093283774
0.01874458
0.028551184
0.060047768
0.071571402
0.023284364
0.12341425
-0.040584762
0.0047272891
0.10744293
0.035449676
0.02259844
0.011543783
0.037831869
0.014115238
-0.02111052
-0.015705341
0.056851957
-0.0013912169
-0.04655087
-0.056407258
-0.06987793
-0.028895209
-0.045430064
0.0045517315
0.011821161
0.02331722
0.012560613
0.056263395
0.077197261
0.024847286
""
0.018607942
0.034737326
0.00028245529
0.10293033
-0.019165505
0.063976824
-0.020808658
-0.0038647363
0.0080518648
0.01870363
-0.020313732
0.025857916
0.10215517
0.064781889
0.06587293
-0.017043598
""
""
-0.014113663
0.020356702
-0.015949223
0.0035883014
""
0.075885475
""
0.081791557
-0.0077404249
0.0019792402
""
0.042376105
0.0059264195
-0.015925396
""
""
-0.020418683
""
0.35148206
0.11503623
-0.06473241
0.025243519
""
0.024622088
""
0.035875086
""
-0.092855021
-0.038577322
""
""
""
0.03684647
0.048940428
""
""
""
""
-0.025243822
-0.021053975
0.098474517
0.038501546
0.0017084404
-0.0005189082
-0.021702016
-0.025228592
0.026911464
-0.017185373
""
""
""
""
""
""
""
""
""
""
""
""
""
""
""
""
""
0.069665715
-0.023822313
""
""
""
""
""
""
""
""
""
""
""
""
""
""
""
""
""
""
""
0.13340786
0.099352069
-0.032146849
-0.014550649
""
""
""
-0.034721427
-0.10625723
0.063068926
""
""
""
""
""
""
""
""
""
-0.013189228
0.024418909
""
-0.02890807
-0.0040620691
""
-0.024664244
""
0.047656082
0.035095975
0.031481661
""
""
""
""
""
""
""
-0.010807165
""
""
""
0.14316504
0.025157494
0.013598047
0.06952545
-0.097593278
-0.041269816
-0.12863131
-0.046604242
0.025153795
0.1103837
""
-0.0011750986
0.019142821
-0.023180876
0.013103935
0.031854484
""
-0.029311653
""
""
""
0.0087074144
-0.022041559
""
""
-0.055989221
""
-0.022599641
""
0.014327652
0.047689799
0.036537316
-0.0056460416
0.0865326
-0.015516445
0.063178115
0.0062783123
-0.0084621543
0.071631894
0.0097850477
0.089697957
""
-0.0040854532
-0.0092395199
""
0.077572286
-0.098509274
-0.072333269
0.08673396
""
""
""
0.022788137
""
""
""
""
""
""
""
""
""
""
""
""
0.030351058
""
""
0.068965077
0.011815142
-0.05534571
0.010850791
""
""
""
""
""
""
""
""
""
""
""
0.048128776
""
""
""
""
""
""
""
""
""
""
""
""
""
""
0.027310425
""
""
""
""
""
""
""
""
0.15233681
""
""
""
""
""
""
""
""
0.014071808
0.050498821
""
0.071819447
0.19320683
-0.0099254996
-0.0090596797
-0.26391438
0.004320066
0.036151696
0.11038598
-0.080006532
-0.061517917
0.044664916
""
0.049192607
-0.20626287
""
""
-0.032178521
0.055673525
0.005952742
-0.21239501
0.0061899079
0.011762903
""
""
0.013775919
-0.0072386363
0.026489381
0.0266368
0.0013697742
0.021447247
-0.020988038
""
""
0.07029891
""
""
""
""
""
""
""
""
""
""
""
""
""
0.053738233
0.052811757
0.024001418
0.10269152
0.04573106
""
-0.084552266
""
""
""
""
""
""
""
""
""
0.021292865
""
""
0.095221549
0.02879734
0.16568588
-0.21289951
0.0054015103
-0.014001726
-0.0098282862
0.063012049
-0.05841345
0.033930313
0.088995703
-0.12133957
-0.016753918
-0.01097387
0.011881132
0.086341627
-0.026423458
-0.0022581767
-0.14843997
-0.024103101
-0.006818274
0.0020121702
-0.0016020592
-0.013213151
-0.017821969
0.10824909
-0.021041987
0.063462928
-0.063484564
0.020764912
0.0036800306
0.04018518
-0.051668391
0.049719106
0.025843749
-0.040397942
0.014889858
0.17402895
-0.040879708
0.059526838
-0.036391847
-0.031678651
0.027768858
0.033291001
-0.012421934
0.053470168
0.16947538
-0.081273161
-0.046184253
-0.017194029
0.0098384572
0.031050434
0.041989438
-0.015049975
-0.04491663
0.052275997
0.046299644
-0.014852673
-0.019815005
0.024369204
0.11192951
0.043084938
0.018045442
0.092735067
-0.020112928
0.028578497
0.008027615
-0.025223928
0.033295482
-0.0039554895
-0.023911821
0.012840129
-0.013710453
0.005119686
0.072301947
-0.028022155
0.011675227
""
0.0024486273
0.0041344124
0.058001231
-0.014175433
0.013908493
0.017645124
0.0095320074
-0.0084972437
""
4.1074109e-05
0.044925764
-0.030427635
-0.018833034
-0.044166487
-0.011698345
0.047659367
""
0.006078938
""
0.013382887
""
0.044087034
0.046103485
-0.011933575
0.0027767543
""
""
""
-0.017662967
0.08838325
0.021786626
0.058852766
-0.016795026
0.0093269795
-0.10758021
0.0064769243
-0.040787049
-0.018638585
""
0.054770242
-0.0014773172
0.03768545
0.0049668741
0.05544794
-0.025280638
-0.070083365
0.03971025
0.15963851
""
0.023455037
""
0.078214288
0.015385045
0.046682734
-0.0013718755
0.020496821
""
0.0027877304
-0.0017134794
0.041400123
""
""
""
-0.061327524
0.063258722
""
""
""
""
""
-0.012518095
0.017929133
""
0.015999338
0.0678702
-0.00459971
0.0013691895
0.052623201
0.017197993
0.030030129
-0.017595029
0.034049094
0.007241223
0.084447488
0.011154748
-0.043286122
-0.034813061
-0.05028626
0.018071175
-0.014255276
-0.17524055
""
0.022967169
0.11152519
0.0043454929
-0.072668709
-0.0056950706
0.11740783
-0.017710647
0.068136677
-0.0063110925
0.00064257544
0.038411986
0.022359682
-0.036337454
0.071659341
0.04416528
0.040218581
""
""
0.014490077
0.0068457052
-0.0059672366
-0.083865352
0.094094917
0.017631859
""
""
0.015129746
0.018949322
0.10304014
""
0.054627381
-0.0049999729
""
""
""
""
""
""
-0.032679535
0.01766737
-0.026094338
0.049170569
0.056242168
""
-0.034552969
0.015298985
0.00056532118
0.0016437379
0.038830936
""
""
0.017187301
""
""
""
0.016045671
""
0.10678726
-0.0048107714
-0.018129187
0.064493924
""
-0.0082982164
""
""
""
""
""
0.10753334
0.038169641
""
""
""
-0.0040260735
""
""
""
""
""
""
""
""
""
-0.020751067
""
""
""
0.066009194
""
-0.063067958
0.31996658
""
""
0.00046477662
""
0.01855387
""
""
0.0024334828
""
""
""
""
""
-0.12338902
0.011496547
0.17388983
-0.073797464
""
0.072313137
-0.0018057345
-0.0090165492
-0.018686784
0.054396566
-0.10838086
0.12156351
0.1041537
""
-0.014504105
-0.053667411
""
""
""
""
""
""
""
""
""
""
""
0.14657718
-0.056705795
""
0.042274725
""
""
""
-0.068832889
""
0.012545465
""
""
0.066894114
""
""
-0.068073303
0.01632796
-0.013212731
-0.011156215
0.029580694
-0.013226914
-0.033216305
0.0073066694
-0.013979405
""
-0.043449037
""
-0.024828013
""
""
0.073292978
-0.014152307
0.0245021
""
0.0073521151
-0.0032292369
""
""
-0.033868235
""
0.042339366
""
""
-0.017806383
""
""
""
""
""
""
""
""
""
""
""
""
""
""
""
-0.039044458
0.0020898669
0.066048183
""
-0.086763263
""
0.083801955
0.062670887
-0.029768191
-0.0083226273
0.035400946
0.0024287892
0.078214832
0.076044865
-0.0025434422
0.005068189
0.051305845
0.0097070653
0.0093120085
0.1017672
0.0094189923
0.021277409
0.013917308
0.024432814
-0.033281974
0.01413984
-0.0060073044
-0.025176274
0.011379397
0.022529306
0.049338117
""
0.044974223
0.044761065
""
0.039555866
-0.0080538001
0.049436025
-0.020461217
""
0.14290212
-0.17794667
""
""
""
0.029581742
""
-0.049229819
0.037052549
""
0.03391603
0.048991062
0.027343029
0.11007844
""
0.025135273
0.032478191
0.0094150547
""
""
""
""
""
""
""
""
""
""
""
""
""
""
""
""
""
""
""
""
""
""
""
""
""
-0.044944439
0.026243487
-0.060753055
0.021155562
-0.032751035
0.070263013
-0.031730626
-0.0054834536
0.09985166
0.04475927
0.00142262
0.043326668
""
-0.011110811
""
""
""
""
""
""
""
""
""
""
""
""
""
""
""
""
""
0.011051956
0.0037757966
""
-0.039055463
""
""
""
""
""
""
""
""
""
-0.0053840638
""
""
""
""
""
""
""
""
""
""
""
""
""
""
""
""
""
""
""
-0.019207802
""
""
""
""
""
""
""
""
""
""
""
""
""
""
""
""
""
""
""
""
""
""
""
""
""
""
""
""
""
""
""
""
""
""
""
""
""
""
""
""
""
""
""
""
""
""
""
""
""
""
""
""
""
""
""
""
""
""
0.15459554
""
""
""
-0.046721313
-0.070607461
""
""
""
""
""
""
""
""
""
""
""
""
""
""
""
""
""
""
""
""
""
""
""
""
""
""
""
""
""
""
""
""
""
""
""
""
""
""
""
""
""
""
""
""
""
""
""
""
""
""
""
""
""
""
""
""
""
""
""
""
""
""
""
""
""
""
""
""
""
""
""
""
""
""
""
""
""
""
""
""
""
""
""
""
""
""
""
""
""
""
""
""
""
""
""
""
""
""
""
""
""
""
""
""
""
-0.039065767
""
-0.1857111
""
""
""
""
""
""
""
""
""
0.032714088
""
""
""
""
""
""
""
""
""
""
""
""
""
""
""
""
""
""
""
""
""
""
""
""
""
""
""
""
""
""
""
""
""
""
""
""
""
""
""
""
""
""
""
0.034667425
""
-0.032400735
""
""
""
""
""
""
""
""
""
""
""
""
""
""
""
""
""
""
""
""
""
""
""
""
""
""
""
""
""
""
""
""
""
""
""
""
""
""
""
""
""
""
""
""
""
""
""
""
""
""
""
""
""
""
""
""
""
""
""
""
""
""
""
""
""
""
""
""
""
""
""
""
""
""
""
""
""
""
""
""
""
""
""
""
""
""
""
""
""
""
""
""
""
""
""
""
""
""
""
""
""
""
""
""
""
""
""
""
""
""
""
""
""
""
""
""
""
""
""
""
""
""
""
-0.015024578
""
""
""
""
""
""
""
""
""
""
""
""
""
""
""
""
""
""
0.032153293
""
""
""
""
""
""
""
""
""
""
""
""
""
""
""
""
""
""
""
""
""
""
""
0.0066447458
""
""
""
""
""
""
""
0.026955692
""
""
""
""
""
""
""
""
""
""
""
""
""
""
""
""
""
""
""
""
""
""
""
""
""
""
""
""
""
""
""
""
""
""
""
""
""
""
""
""
""
""
""
""
""
""
""
""
""
""
""
""
""
""
""
""
""
""
""
""
""
""
""
""
""
""
""
""
""
""
""
""
""
""
""
""
""
""
""
""
""
""
""
""
""
""
""
0.09606003
-0.0054300749
0.24460834
0.18328112
0.05427476
""
-0.039423916
0.038501948
-0.062747493
""
""
""
""
""
""
""
""
""
""
""
""
""
""
""
""
""
""
""
-0.041720506
""
""
""
""
""
""
""
""
""
""
""
""
""
""
""
""
""
""
""
""
""
""
""
""
""
""
""
""
""
0.016890256
-0.064435422
0.044762101
-0.0035329566
0.022050947
-0.023930838
""
""
""
""
""
""
""
0.063205086
""
""
""
""
""
""
""
0.03399073
""
""
""
""
""
""
""
""
""
""
""
""
""
""
""
""
""
""
""
0.0040188413
""
""
""
""
""
""
""
""
""
""
""
""
""
""
""
0.032492802
""
""
""
""
""
""
""
""
""
""
""
""
""
""
""
""
""
""
""
""
""
""
""
""
""
""
""
""
""
""
""
""
""
""
""
""
0.015601884
""
""
""
""
""
0.050349068
-0.020734975
0.041261666
""
""
0.015395572
-0.003575481
-0.0034825664
-0.024497194
-0.00011026371
0.0092668906
0.037585456
0.015085479
""
0.017394023
-0.0049444288
0.036271963
-0.042953499
""
""
0.01896497
-0.0048918459
0.015038771
-0.0043375921
0.047431797
0.01490181
0.016542958
0.0065389052
0.071076035
""
""
""
""
-0.060965229
0.0028605019
0.110481
0.040935162
0.0013358108
0.030543122
0.019881187
0.0083399639
0.04808009
-0.020376142
0.0082549416
0.0078494549
0.0061718002
0.035344537
0.010930378
0.023095598
""
""
""
""
0.18578148
0.0016076937
-0.0046991385
""
""
""
-0.018294139
""
""
""
""
""
""
""
""
""
""
""
""
""
0.012645942
""
""
""
""
""
""
""
""
""
0.23608156
-0.034185879
""
-0.032692727
""
""
""
""
""
""
""
0.061290916
""
""
""
""
0.032300804
""
""
0.01174118
0.004371665
-0.016026951
-0.0022008985
0.0069229603
0.008682495
-0.0073187621
0.07612133
-0.024188684
-0.016026817
0.0091112684
""
0.049252767
""
0.021849489
-0.0069347569
-0.040992983
""
0.0060714209
0.044279832
""
-0.00014531914
-0.044277277
-0.01056016
0.022766361
-0.011545621
-0.059458248
-0.012748294
-0.014028132
0.040821929
-0.022480903
-0.027489396
-0.0033805065
0.040508665
-0.010382516
0.006744538
0.0017940686
-0.046381831
0.0082017435
-0.040801656
0.0051465281
-0.013532005
-0.0074706734
-0.012866528
-0.013425129
-0.036218017
-0.026112773
0.059813663
0.031358812
0.031479459
0.014778359
-0.014679476
0.006048236
0.0023101515
0.025818646
-0.01575491
0.0014672693
0.0042956998
0.013552206
0.054381296
0.0057333969
-0.0051046894
0.013124446
0.028718311
0.027684765
0.030664654
0.013085594
-0.0047075516
""
-0.0039605894
0.0026369006
0.0016459505
0.00055597135
0.019654239
-0.00099686952
0.01051649
-0.0063367602
-0.0097144488
-0.010472065
-0.0038852287
0.049541436
-0.024251461
-0.041190159
0.0056301947
-0.00022888558
-0.013211563
-0.0099444315
0.0060584508
-0.0033020414
-0.011547515
-0.017587541
0.021501504
-0.0093307812
0.027111227
0.024957273
0.0086924443
0.032009639
0.0038808191
0.061156221
0.022790426
0.0099525694
0.012603343
0.034120087
""
""
0.057042781
""
-0.0096966485
-0.05130538
0.022768062
""
-0.026710741
0.031396318
0.045582864
-0.02456137
""
-0.046098966
0.022945823
""
""
0.0095561482
-0.011289649
-0.021756282
0.013333325
0.0065542525
-0.013235194
0.019641073
-0.02282232
-0.033692066
-0.063196711
""
-0.031040518
0.022903224
-0.02687089
-0.0082485471
-0.013142079
-0.00098377746
0.0065092104
0.034215216
""
0.14354074
0.0040765805
0.012952063
0.0096091134
""
""
-0.0068071862
""
""
-0.01072146
""
-0.071736142
0.054327857
0.0056845457
0.0017374146
-0.011250322
-0.007781873
0.024540991
0.10008559
-0.020007906
""
""
-0.058616392
0.00073571235
0.023577392
""
-0.016884105
""
0.016634276
0.0050926846
-0.015993081
0.0023559839
-0.0036700214
0.079592057
""
0.017929891
""
-0.021768168
-0.001744697
""
""
""
""
""
0.043427132
""
-0.031977843
-0.039643113
0.030764123
-0.012554171
""
-0.0024059569
""
0.042048648
""
""
-0.0042689815
0.0490591
-0.014698583
0.025697744
0.0314846
-0.0056548724
""
""
""
""
""
""
""
""
""
0.0260775
-0.056371756
0.067353569
""
0.0058081825
-0.0012873583
0.016431613
-0.087467335
-0.074539192
-0.030153349
""
0.0049553039
""
-0.0019008229
""
""
""
-0.028799836
0.10773739
""
-0.015649924
0.0075133229
-0.078941964
""
-0.053597502
0.0064932541
-0.026018143
-0.01748337
""
0.013459019
""
""
-0.014473021
""
-0.019754866
-0.0097070597
""
0.0093791699
""
-0.018511349
""
""
0.09518224
0.089650996
""
""
-0.046954062
""
0.013218027
-0.094594091
0.012464347
0.014453236
0.050996315
""
0.004602348
""
""
""
-0.045605067
-0.017554488
""
""
""
""
""
-0.00094589998
0.091792993
0.030324947
""
-0.042427164
""
0.028109727
0.0089539085
-0.0085229818
0.038350862
0.020272098
-0.0011884548
-0.0050862776
0.0065794922
-0.023672482
-0.010694324
-0.0038199695
0.012140333
-0.02592637
""
0.04903283
""
""
-0.0094260462
0.056332067
0.015481472
0.001493328
0.023061669
0.012173337
-0.0044568796
0.1080919
0.017294049
0.010913796
0.063093759
0.010079015
-0.003879146
0.026612135
0.0014368349
-0.010679062
0.0016713804
-0.0070467987
0.018337741
-0.0084229251
0.020914085
-0.0076107476
0.0065755318
-4.4711443e-05
0.0065713646
0.0062928475
0.0014634816
0.024748212
0.070650354
""
""
0.07513614
0.069640025
-0.01111599
""
-0.026855998
-0.020389266
0.0006434549
""
0.011960723
-0.07150881
0.019210868
""
-0.0042167129
0.0087162601
0.051347103
0.034218706
""
-0.011504146
-0.010142942
0.001275012
-0.0061272373
-0.018445846
0.0094837276
-0.0017714357
0.073427573
0.019695831
0.037848357
-0.046469256
0.036305845
-0.0096726138
-0.016569601
0.0025080452
0.011053778
0.0073067588
-0.00088155823
-0.017175253
0.036810447
0.0064954492
""
""
""
""
-0.018312296
""
0.049049735
0.00070625026
""
""
""
""
""
0.044459604
0.022999126
0.0096520009
-0.024162261
""
0.00017106452
""
""
0.012907134
""
0.0083883274
-0.028636659
0.0098616062
""
""
0.018083861
""
""
""
""
""
""
-0.041463383
""
""
""
""
""
""
""
""
""
""
""
""
-0.015466243
-0.0037136169
0.013861252
-0.025696078
-0.002456323
0.081531867
""
""
""
""
""
-0.0073181731
-0.044352751
""
0.015340668
0.026739132
0.043864645
0.017734025
0.015168584
-0.018413594
0.041487161
-0.0052538523
""
""
0.0092257615
0.017458044
0.0068653463
0.081883393
0.012620526
0.013263843
-0.007554817
0.032122679
-0.0099438811
0.0063915756
0.041209757
-0.025171751
-0.0069227633
0.0099763535
-0.0070620114
-0.0054899612
0.041378234
0.031844437
0.0083423024
0.0072797253
0.0070146802
-0.010975802
0.012314195
0.022893608
0.0076379143
0.020663805
0.0015155207
-0.0075175888
""
0.037369091
-0.00080769655
0.070179321
-0.018899424
-0.013586759
""
""
""
""
""
""
""
""
""
""
""
""
0.020119622
""
0.016221872
-0.0030907954
""
0.015622227
-0.020908497
""
""
-0.011366303
""
""
""
""
""
""
""
""
""
""
-0.01844787
""
""
""
-0.061628237
0.011569866
-0.0053243642
0.0020315857
-0.016950306
-0.063646875
0.10969483
0.0036657194
""
-0.044819839
0.078114025
-0.030217351
0.0029035583
""
""
""
""
""
0.035588242
-0.018211968
""
-0.022499533
""
""
""
""
""
""
-0.020989304
-0.022960685
0.021517018
-0.069439806
-0.019925173
-0.029835412
-0.024661209
0.081265785
0.008860304
0.022291306
0.019583162
-0.20010634
0.0098625775
0.078490205
0.012155666
0.033246633
-0.041586246
-0.047709029
0.03088524
-0.019270524
0.013350988
-0.02135266
-0.051768817
0.018208543
0.020404447
-0.010530796
0.0017097119
0.00049779593
0.023234669
-0.008883412
0.019239377
0.014159564
0.0190889
-0.024925834
-0.050210074
-0.0048447158
0.012841604
0.052992348
-0.00061332283
0.012253149
0.017911645
-0.084047645
-0.027498405
0.050719514
-0.0096231392
-0.0050222548
0.076506041
-0.011580503
0.012502708
-0.0043886509
0.005542832
-0.032238085
0.018050978
-0.0096945064
0.021158116
-0.027176831
-0.001033796
-0.012049367
0.066844255
0.033375069
0.0088130478
0.0051349737
-0.0024163241
0.006629209
-0.01959818
0.0062471782
0.001376931
0.0059582819
-0.00042945737
0.0010325639
0.014700515
-0.019515919
0.0047065564
0.0079971924
0.040590063
0.0063145454
0.037928469
-0.0028055923
0.03940459
-0.029119276
0.00016869146
0.012150673
""
0.070422068
0.038081504
0.015190139
-0.031268436
0.026428431
-0.0083793681
-0.031645194
-0.014771588
0.01151343
-0.021383241
0.018085105
-0.015056388
-0.020268071
0.0013182759
0.013926349
0.046012115
0.021975582
0.021491135
-0.017845482
-0.022577977
-0.0039495332
0.037351225
0.0055498867
0.016945444
-0.045448724
0.025360784
0.019108495
0.003061251
-0.0063397763
0.079267517
0.001191375
0.075881548
0.032456178
-0.0088656694
0.035160508
""
""
-0.0084427577
0.019625256
-0.030841393
0.011034111
-0.011409775
-0.0049370578
""
0.016196832
""
-0.00072073936
-0.020392921
""
""
""
""
""
-0.0086377766
-0.090324581
0.020089537
0.095962979
0.023317063
-0.01973054
0.017377591
0.019136989
0.021702791
-0.014621891
-0.015335385
0.0021780131
""
-0.016844442
0.0034888205
-0.019523622
""
0.051382001
""
""
0.0060670916
0.010144721
0.05298518
-0.013337393
-0.0058826334
""
0.04631418
0.12689352
""
-0.040824261
-0.021690434
0.049408805
-0.0078716557
0.0073859841
0.035672683
0.0041301604
0.021364218
0.013089173
0.019425528
-0.015244878
0.017160784
0.016877135
-0.014597629
0.038879178
0.046506066
0.053630948
-0.0094633158
0.026475582
0.027184546
0.050493132
0.00060963462
-0.0010503917
0.010504343
-0.063105017
0.031732969
0.0052882717
0.0064039328
0.026415655
0.001542618
0.009682049
-0.0071176318
0.15774225
""
-0.0066292058
0.42767698
""
0.12446129
0.022285407
""
""
""
0.040785875
0.0321493
""
""
""
""
""
""
""
""
""
""
""
""
""
""
-0.030338764
-0.071345076
""
0.025271649
""
""
""
""
""
""
0.088055864
0.012505371
-0.019424861
-0.0024280655
0.028806597
0.021601632
0.04234143
0.009286209
-0.0058316225
0.042012945
0.016545191
0.028095063
0.0076911952
-0.0058804648
0.015657751
0.014907918
0.012145269
0.0099367136
0.018968161
0.040303521
0.018550131
0.045449521
-0.0082556391
0.010786131
-0.0016422998
0.016021736
""
0.025647333
""
-0.00011594948
""
""
""
-0.02799887
""
""
-0.023233138
""
-0.0088468948
-0.014039586
-0.043181039
-0.011743781
0.032185402
0.0045592184
""
-0.015845263
0.023517957
0.0068303696
0.039469585
0.13002543
0.027401853
0.00073971966
-0.013472599
0.021150043
-0.022510035
0.029916521
-0.044890188
0.014325866
0.019997332
-0.018155411
0.0020370856
-0.00039477687
-0.017933145
0.013204321
0.010287457
-0.0019038392
-0.0074746553
0.01907466
0.057609927
0.01136276
-0.010767606
0.0026895055
0.040878017
-0.046604101
-0.040065102
0.11403475
0.02701151
-0.0068462295
0.026083002
0.041956563
0.074811652
0.00020878564
0.074252129
""
0.022073679
0.029526841
""
-0.02200287
-0.039136533
0.032231089
-0.0043396945
0.014456756
-0.01280457
0.011308532
0.0027358825
0.0069957809
0.0047383104
0.00096571143
-0.0049713794
-0.0028736377
-0.0010119091
0.011867078
0.0088674584
0.012059301
0.020887181
0.005473874
-0.017980795
0.015870651
0.045298859
""
0.0074307914
-0.022444481
-0.021136709
""
0.013436569
""
""
0.018558133
-0.0057427841
-0.0634626
-0.023353711
""
0.06353008
-0.013668042
0.041584142
0.010147396
0.015720917
0.011815238
0.052919075
0.17423278
-0.019738715
0.03636948
-0.0041772234
-0.035741065
0.02707695
0.027301595
0.035190262
0.0049910895
0.011345728
0.0044778334
0.0056845453
0.014054913
0.0013011263
-0.012636655
-0.0041808081
-0.014906556
0.011061961
0.024051573
0.016734313
""
""
""
""
""
0.0048396629
-0.021244884
0.015722068
0.018762575
-0.00043049373
0.00580844
-0.032695547
-0.002263519
0.018177308
""
-0.012187031
-0.0040431097
0.0092460727
-0.044289466
0.0030440919
""
-0.0054593831
-0.0041271108
0.021313686
0.014234642
0.0024548958
0.010435754
0.00087601232
0.026853075
0.0074541587
-0.016787248
-0.015439489
-0.0062044039
0.053182889
0.0062108645
0.026532451
0.0088290097
-0.016850905
0.025146546
0.040595826
-0.022088926
-0.037769448
0.0044154203
0.010797234
0.0082851788
0.012210979
-0.012061436
0.021003287
0.056699444
-0.032484476
0.018557131
-0.011432437
-0.046936952
0.02796196
0.071320593
0.041311864
0.0064302455
0.054620348
-0.0094139427
""
""
0.10874147
""
""
""
""
""
""
""
-0.0013961144
0.034813233
""
""
""
""
""
0.012906068
0.028424352
0.00026644883
-0.01129478
""
""
""
0.010706264
-0.0045984411
0.053473227
0.04979771
0.028257284
0.043190211
0.02735642
0.0062788744
0.010775631
-0.0077901166
-0.0057035689
-0.0058501484
0.010194922
0.020476362
-0.0075955214
0.0025736066
0.010541204
-0.0086779464
-0.0083335722
-0.0031463408
0.040907115
-0.036112074
-0.0056415829
-0.061244763
-0.010381564
0.016021673
0.021264309
0.01811707
0.044488233
-0.024757117
0.067994133
0.0054306714
0.042664573
0.0070320484
-0.024194222
-0.0061579184
0.027745029
0.011582629
-0.0046656337
-0.0012589847
-0.0013213378
0.00068219192
0.021747271
0.07444787
-0.0079690684
0.0016664139
0.012109218
0.0024526161
0.012114761
-0.0040944582
0.0059914752
""
0.021951068
0.0093484335
-0.022544742
0.023326991
0.0029552223
0.0051032254
0.01387899
0.054477837
""
""
0.030906627
""
""
""
0.042154048
0.0035180966
-0.012836989
0.033769611
0.082951032
-0.0095894895
0.0066787405
0.00037842707
-0.0046255249
-0.065718047
-0.031001313
-0.031595729
-0.001272692
0.018318277
0.17706963
-0.082143337
-0.025134126
-0.033809379
0.014265926
0.026493287
""
""
0.017980803
0.024326209
""
0.038319875
-0.0025517447
0.072667576
""
-0.00089694728
""
-0.00050865207
-0.0075549548
0.011603571
-0.015254069
0.0057109687
0.010915279
0.016577799
""
""
0.015595354
0.0032637126
-0.016845474
0.065000884
-0.026894845
0.0048846058
-0.0092281653
-0.0041085887
-0.0039458983
0.045702897
0.026894918
-0.0018414501
0.0080734566
0.037890114
-0.0066506104
0.079389535
-0.0045275912
0.036410458
0.032205887
0.015169089
0.024199521
0.045286588
0.0074877469
0.0050543896
0.023306014
-0.028259695
0.02373698
-0.010644692
0.017993003
0.023494737
0.0068008672
0.02897411
0.031199327
0.054009501
-0.023524219
0.014667512
0.030576708
0.047918122
-0.016027071
0.098130614
-0.020205267
0.01919364
-0.048729744
0.01592418
0.13705456
-0.011570081
0.0073553422
-0.0065140747
0.068474434
0.0047577401
0.014534714
0.019165264
0.023530079
-0.043513488
-0.021123905
-0.0048563215
0.077272512
0.015454226
0.010602727
0.10438153
-0.0040087267
0.026951795
-0.029908985
0.002391269
0.020970304
0.0058456003
0.0033557259
0.099107295
0.019873772
-0.025291445
-0.010170166
-0.014890964
-0.018263845
-0.0050300518
-0.0036740985
0.034333713
0.084472597
0.017442435
0.023415193
0.14847006
-0.002715653
-0.010542234
0.002891876
0.002004876
-0.034141358
0.026585203
0.027207416
-0.013450901
-0.032867372
0.034343578
0.067901723
-0.011343361
0.087227918
0.027719414
0.00063182611
-0.079467125
""
0.022695541
0.061987493
0.0063414602
-0.030175656
-0.016217984
0.0075732153
-0.14211468
-0.042373005
-0.014237091
""
""
0.032506421
0.012286987
0.010608317
0.072331406
-0.0054056267
0.020512963
0.034958508
-0.010465928
-0.052403178
-0.014231826
0.0028779802
0.056496479
-0.062109154
0.032323629
-0.0060251956
-0.004209273
0.040917072
0.063822277
-0.0020171711
-0.0025881073
-0.030390654
0.0044018747
0.016750673
-0.0022320012
0.048907254
0.013403733
-0.066458225
0.041659087
0.002508905
0.095973738
0.07688313
""
0.033329424
0.0076695923
-0.021052726
0.042335037
0.014929147
0.059489585
0.026641762
0.013334991
-0.0091963066
-0.0031095892
-0.0033638524
0.0053785653
0.034356743
0.13004801
-0.037944425
-0.0019339859
-0.012025931
0.027196566
-0.033869583
0.00038682585
0.05132902
-0.01926977
0.015033439
0.022884276
-0.036977306
-0.023130795
-0.0055956291
0.0067400918
0.019623403
-0.030932536
0.050280802
0.017398693
0.027853262
-0.0020116495
0.011824873
""
0.024968874
0.21675374
""
-0.0025609927
0.013629811
0.0052247145
0.033910058
0.0013372718
0.0022744946
-0.073019385
-0.011626736
0.01099999
""
0.0624098
-0.0020047235
""
""
0.069472544
-0.021020262
-0.036061458
0.067815498
""
0.014562348
""
""
""
0.00353169
-0.023581661
0.010984304
""
""
-0.047610112
-0.014423514
-0.052852176
-0.019871343
0.023039153
-0.022962794
""
0.39109215
""
""
0.021613602
-0.018366298
""
""
""
""
0.027210116
""
0.093689896
""
0.030940324
""
""
-0.012836039
""
""
""
""
0.037393648
-0.00078121206
""
""
""
""
""
""
""
""
""
0.0051224632
0.0092498856
-0.013082394
0.0037093554
-0.069693506
0.00096098206
0.098690599
-0.039503824
0.00054266839
0.018205356
-0.012820556
0.033156253
-0.019351017
0.0063860808
0.045570131
0.00031127164
0.085377611
0.023642905
0.014548714
0.014117211
0.035014942
0.060430463
0.0219514
0.031402495
0.0072219041
-0.059606418
0.010734652
0.004470442
0.0033916419
0.044714455
0.020061931
-0.001114181
0.064230107
0.061854016
0.066511899
0.0082546556
0.033706006
-0.009738245
0.015932474
0.0096180048
0.020565398
-0.001993601
0.024034414
""
0.011946092
0.037280634
-0.018198123
-0.0026762683
""
""
""
0.052190952
0.0020539335
""
""
""
""
""
""
""
-0.023853693
-6.0225309e-05
-0.074011378
0.017393479
-0.011232485
0.014418927
0.0023077119
0.021270886
0.020658083
0.0020309237
-0.0094999103
0.016783422
-0.022156067
0.0023319749
-0.0045266524
-0.0076661767
-0.024102364
0.11648107
-0.025641192
-0.014398608
-0.0085673491
0.018620377
0.099442028
0.052702218
0.0078225816
0.04402791
0.046750132
-0.015327376
-0.0054120868
0.015387403
-0.044152498
-0.034143288
""
""
""
0.077750467
0.036789421
-0.0010227803
0.0060285302
0.086790912
0.063977085
-0.0016537582
""
""
""
""
""
""
""
0.099625796
0.0227999
0.052075561
0.023470782
0.021972774
-0.044576067
-0.016920391
-0.026414294
0.014890737
0.071162015
0.068366237
0.049014147
0.0040649925
0.12741458
0.0089259418
-0.02493535
0.016958537
-0.0024902003
-0.0036869273
0.18581223
0.02880761
0.02164745
0.041036338
0.040591039
-0.053770889
0.0042060749
0.0031577169
0.038924187
0.0081415623
-0.01787707
0.023557629
0.032806307
0.028959056
-0.0071209082
0.073543109
0.028743131
-0.018931903
0.038639564
0.033462942
0.015033686
0.019519866
0.044953335
0.016416896
-0.0066092769
-0.006131649
-0.024354143
0.073538452
-0.027553009
-0.0100677
0.039387118
-0.026179096
0.044825871
0.023327742
7.9956939e-05
0.0027588955
0.012624655
-0.011759016
0.048855871
0.023828391
0.090725936
0.0089633139
0.0069246753
-0.01051267
0.069432959
0.019968562
0.019056536
0.023053709
0.047314469
-0.035924546
""
-0.013676143
0.02472005
0.096075863
0.076895781
""
""
""
""
-0.026386635
""
""
""
""
0.033150692
0.035093162
-0.00033239977
0.016671965
-0.058922976
-0.0035925063
0.014135769
-0.053443145
-0.017475022
-0.007748785
0.071399413
0.0066533983
-0.071994804
-0.01199841
-0.049066976
-0.017922791
0.016725583
-0.021849632
-0.1042814
-0.037998781
0.031857654
0.15569693
0.044782713
0.026040224
0.0070792101
0.14069164
0.030099463
0.049460012
-0.014874071
0.071286738
-0.012236066
0.007074629
-0.00085895491
-0.0011556805
-0.011098227
-0.011166397
-0.01126516
-0.046519954
0.015426471
-0.02111326
0.03044091
0.0025139356
-0.012254403
-0.037891377
-0.0077159097
0.11284669
-0.030620195
0.015717704
-0.0016469976
0.17368458
-0.044507444
-0.018366637
0.05391942
-0.023814891
0.14648351
0.012746146
0.035522375
0.14134794
0.060696818
0.043074057
0.018404687
0.06232458
0.235273
0.01651199
0.028356735
0.0048744581
-0.082715422
0.078128532
0.03850409
-0.0061854166
0.054731768
0.016522527
0.019366877
0.024258723
0.080831558
0.00048443978
0.053330962
""
""
""
""
""
""
""
""
""
""
""
""
""
""
-0.019011131
0.0041040978
""
""
-0.11228998
""
0.010456639
""
""
0.0025744308
0.039245114
-0.010507473
0.015363564
-0.02148225
-0.011796555
0.013599903
0.027785139
0.053693671
-0.023224881
0.0034950105
-0.010180374
-0.0052711838
-0.0033179054
0.052575026
0.034457456
0.020357754
""
-0.0023238617
0.010629656
-0.0035900618
0.0028491064
-0.0064156372
-0.0085830539
0.017690813
0.050335098
0.0042289821
0.081879362
0.066509068
0.1678021
0.055299852
0.0077124657
-0.0049530808
-0.066318519
0.0087267179
0.0058885524
0.054108322
-0.012697391
-0.04438132
-0.0080143139
0.0017047809
-0.042775434
-0.019863084
-0.007296158
-0.011263204
0.0033792672
""
-0.0002588928
0.0050627892
0.060756993
0.0086252159
-0.0071258298
-0.00032558665
0.025133586
0.08584325
0.00085737335
0.014232743
0.11591031
0.015977634
-0.01398076
-0.0054800375
-0.036519274
-0.083830535
0.018865043
-0.031387601
-0.039730199
0.06390547
-0.016575962
0.01362952
-0.017491551
0.026876323
0.0019232343
0.094656743
-0.013901686
0.027737198
-0.049017325
0.095790312
-0.018905187
0.011973812
0.065518029
0.0009414985
-0.029976407
0.042673841
0.0040632193
0.0015541945
-0.017488969
0.014218209
0.021290464
0.011534193
-0.0047152112
-0.010526599
0.028644916
-0.01213559
0.030759014
0.0035597039
0.0054269801
0.043323953
-0.066706277
-0.0086909179
-0.0037757603
0.03298609
-0.014893084
""
-0.057343625
0.044927664
-0.0035885256
-0.0020315056
-0.011764038
0.010114752
-0.00016152856
0.028888127
-0.0061677829
0.1143786
0.045053791
""
-0.058228515
-0.052469488
-0.0092922198
0.019602573
""
-0.0075868033
-0.0099281985
0.023058543
0.005313986
0.0088348575
-0.016055763
0.092892937
0.12756409
-0.043624833
0.054274559
0.0066567925
0.0071053216
-0.0035077457
0.0045605907
0.0022558533
-0.0089652147
-0.0085334936
-0.0014691203
-0.0044660135
-0.051271733
-0.0028670414
-0.013348071
-0.014957249
0.049134981
0.0030974462
0.0043255272
-0.0061650104
-0.0037173396
-0.028299725
0.0070939222
-0.0027515921
-0.0064667221
0.013991909
0.048214085
0.00034069535
-0.0089731012
-0.10860905
-0.0055046901
-0.031755347
0.0044223736
0.018484995
0.054682381
-0.018141182
0.028720753
-0.014465729
0.035167832
-0.021748576
0.0049348376
-0.024860701
-0.067281999
-0.039514877
-0.014327541
0.028469898
-0.016377
0.012214763
0.043838788
-0.0052374774
0.049025286
0.053886533
""
""
""
""
""
""
""
""
""
""
""
""
""
""
""
""
""
""
""
""
""
""
""
""
""
""
""
""
""
""
""
""
""
""
""
""
-0.032518081
-0.039410938
""
""
0.02167883
0.019470312
0.0002111019
0.020772019
""
""
""
0.042510945
""
""
""
0.0055746068
-0.0093393279
-0.025692124
-0.0045141601
0.078190334
0.18794459
-0.0052315826
0.071958452
0.049420223
0.016279871
0.041853219
0.011793636
-0.012431608
0.015572936
-0.053013206
""
""
""
0.27788055
""
0.06090752
0.047938589
0.013587655
0.034408059
-0.022727419
-0.031811412
-0.0095178848
-0.014250333
-0.0060346518
0.10838589
0.00075262174
0.062886044
""
""
0.015172274
0.0034779466
0.025179079
""
0.015037827
""
""
0.0032000667
-0.0035910155
0.071603976
-0.0081154732
0.043941487
0.023949184
""
0.055006366
-0.0053701852
-0.020109316
0.032619692
""
""
""
""
-0.0073618288
-0.0089455768
0.062508069
0.071360916
0.056347225
""
0.17715289
-0.034536958
0.00097988755
0.0069282246
0.0049132998
-0.014799547
0.0058087292
0.016698595
0.044632643
0.11021433
0.0080616595
-0.010691243
-0.005086726
0.084616534
0.010400768
0.00038941784
-0.0090710521
-0.0033852889
0.011266231
0.084637359
-0.0066773244
0.023598598
0.026912937
0.074016422
0.023053937
-0.015922992
0.00057213579
0.084990226
0.037278451
-0.0037054429
0.040237874
0.011887309
0.070086308
0.019527495
-0.0089276265
0.0072275293
0.050944984
0.029344888
-0.013818626
0.037509236
0.040267598
-0.0096159214
-0.0019954576
0.060059417
0.0017244742
-0.0161079
0.045353178
0.0054292781
0.0057899323
0.0051996983
0.016982198
0.0071761217
0.045519181
0.024533981
-0.038272366
0.026899351
0.021313088
-0.024423065
""
-0.0068789073
0.022700762
""
0.034449577
0.042314094
-0.038639206
0.041786931
""
0.0087637976
""
0.018617859
-0.030895175
0.012325542
-0.0074630068
0.028133884
-0.011238122
0.0030779168
0.031500503
0.0164285
0.0081265885
0.2037839
0.031848148
0.012138775
0.016856316
-0.012710995
0.047098935
-0.015909463
-0.0021536539
0.098690733
0.025167575
0.015655521
0.011247275
0.043836258
-0.04040274
-0.060821373
-0.038309965
-0.018166635
0.0092736846
""
0.008598268
-0.047969002
-0.014079199
-0.018197209
0.019804318
0.065232784
-0.037052896
0.015862018
-0.013385224
0.0094764568
0.028341023
0.018282607
0.064689644
""
-0.0019248046
-0.032937266
0.018189063
0.13458578
0.001779761
""
0.0034278862
0.018426111
0.015851341
0.0027097915
-0.0045872238
0.04791991
-0.022185804
-0.004864756
0.025866926
0.017608888
-0.028441921
0.0088043092
0.0041836943
""
-0.016853534
-0.012260928
-0.0083616348
""
-0.022121681
0.061437596
-0.015740175
0.048209943
0.024492649
-0.05240741
-0.010915811
0.0064618266
0.0085562421
0.012787754
0.043504585
0.0036451281
0.0083197486
-0.011303512
0.008426331
-0.011582335
-0.04833512
0.013429653
0.0065019722
0.00096135074
""
-0.020928849
0.0093282266
0.033134658
0.0039292313
0.052193582
0.044360314
-0.018475469
-0.02013994
-0.041119497
0.013998576
0.038479064
""
-0.017379332
0.0037903232
0.035625115
0.013771424
0.0087280842
0.013282658
0.011573963
0.0051273829
-0.0023671533
-0.023944564
0.038049921
0.025862765
-0.021810429
0.018595885
0.0056868279
0.024984656
""
0.017289804
0.035985649
""
0.0046118968
0.012694742
0.04646207
-0.0022088843
0.030645899
-0.00049110118
0.013198863
0.054942623
0.039484184
0.028398186
0.0050178375
-0.0018792553
0.010632327
-0.030473314
-0.029841617
""
0.029783899
""
-0.0064904634
""
0.0018575361
-0.0011998414
0.031884901
0.0053067007
0.012455338
0.0071505625
0.0077798702
-0.0082913842
0.022938224
0.036934197
0.0062538735
0.0088413544
-0.024849594
-0.020147258
-0.006559107
-0.022219708
0.036221676
0.033488158
-0.013119424
-0.017696341
-0.0081181694
0.052615907
-0.0039850739
0.056876276
0.037570335
0.024231317
0.03868651
0.045714948
-0.0090182591
0.033244316
0.0010300431
-0.0031626478
0.019800512
-0.018657137
0.00018390396
0.049811356
-0.0055588442
-0.00020339058
0.0066180392
0.014766034
-0.0012927332
0.030599071
0.019244153
0.023228243
0.0052767759
-8.0496953e-05
0.01156891
0.016837066
0.01968378
0.0093274731
0.011543343
0.012705018
-0.0046105497
0.043007653
-0.00071095326
7.097749e-05
-0.0022229971
0.010210831
0.029422317
0.020846089
0.071261667
-0.01870992
0.0077655576
0.036461651
0.02098492
-0.0035804373
-0.0049059093
0.0098570678
-0.010636973
0.011730752
0.012058488
0.032508858
-0.010691146
0.03659476
0.0210854
0.0016539113
0.025347881
-0.010019703
0.027844008
0.020923218
0.041148614
0.011348265
0.024181485
-0.0051958626
0.022822976
0.0052313772
-0.018385271
0.0028176219
0.033039026
0.028590396
0.077172168
0.01535248
0.00091196317
0.043941271
-0.017627265
0.016919648
-0.0068548513
0.012455982
-0.0075461972
0.00076155289
0.036616504
0.010321713
0.035316899
0.028784458
0.065315507
0.0043268953
-0.0054554259
0.056056924
0.015063212
-0.055337574
0.058134865
0.039129216
0.020271294
0.022766009
0.032211844
-0.0058379881
""
-0.010928886
0.018010888
-0.00023627191
0.016123272
0.011670905
0.0082692318
-0.00047061106
0.052185956
""
-0.042980347
0.009651619
0.014792236
-0.02431622
0.012781562
0.036038339
0.026425308
-0.01672085
-0.096237555
0.038408469
0.031799279
-0.066646069
0.0027001025
-0.01313148
-0.010012683
0.0057985377
-0.018119885
0.027558506
0.016443269
-0.015557194
-0.026048958
0.0023130488
-0.0075072483
0.021065922
""
0.014959509
0.041521769
0.05685978
-0.023391068
0.0078954818
0.021471767
0.045591027
-0.012537897
-0.013230718
0.0037864265
0.034320079
0.015404069
-0.0015197598
0.026682938
0.019166227
-0.017013723
-0.00551769
-0.014610182
-0.0046867155
0.02944351
0.021179125
0.0032167006
0.0018229113
0.051066175
-0.0012027838
0.012421088
0.009122639
0.018936897
0.0088069737
0.021882061
-0.0068150391
0.041323241
0.018207202
-0.0025353248
-0.043623034
-0.0091338763
0.021117246
-0.042801529
0.0015123852
0.0050712344
0.011282376
0.01954616
0.041103844
0.0085589932
0.025258094
-0.045515407
-0.03750227
""
""
""
""
-0.015727855
""
0.0078425277
-0.0084823472
-0.021561649
-0.015255614
0.011519353
-0.045449149
-0.020506999
0.017463233
-0.010092761
""
0.036355026
""
0.016802814
-0.011822167
-0.0043448848
0.020857785
""
-0.00080104946
0.059141949
-0.010765199
-0.041934498
""
-0.00053801853
0.0023428209
-0.034652647
""
0.0070843101
0.015987705
-0.03054403
""
-0.00038071207
0.0068211686
0.01330078
0.015309203
""
""
""
0.0042119487
0.037333824
""
0.065890655
-0.014844746
-0.035189718
-0.042392202
0.077130824
0.023793839
-0.14670739
0.032898825
-0.024808858
-0.0030688182
0.0085282382
-0.03404817
0.016948227
0.029130686
0.013043275
0.012225164
-0.0056494758
0.0086134663
0.019770682
0.010546559
0.13696171
0.012232048
0.028578
0.042899691
-0.037649132
0.0071602417
-0.00084063975
-0.047379814
0.0051595327
-0.017422384
-0.0084904367
0.014876216
0.015373256
-0.049748864
0.019906616
-0.018826654
0.014561645
-0.031495389
-0.10621059
""
0.015341806
-0.0010146615
0.0050348942
0.0056858025
""
0.019628804
0.015012525
0.019703982
0.026370147
-0.037194371
-0.01663821
0.0096320277
-0.0196009
0.0079675494
0.013887648
-0.0039089611
-0.0086842971
0.02552351
-0.0023751718
0.026842838
-0.0017464289
-0.033589382
0.011658337
0.0019333753
-0.0010027937
0.020544594
-0.019883778
0.017435484
0.0047311489
0.0076632444
-0.010881022
0.010864154
-0.0016097537
0.02437702
0.007799468
0.052053742
0.0068903929
-0.0024253007
0.0089985402
0.017530572
-0.035175309
-0.0024211593
0.022023899
0.00079301413
0.0095479423
0.0093253106
0.0019398531
-0.0035956579
0.025364937
0.032130577
0.019195966
0.01771744
0.020758122
0.020427698
0.024713742
0.014028536
0.016165843
0.028102569
0.03277915
-0.0041137333
0.0048340331
0.018813066
0.020296872
-0.021087663
0.0048582866
0.013049612
-0.0018204314
-0.0073426696
0.029656999
0.011785324
-0.0082280384
-0.00025187308
0.0036079618
0.0050480533
0.0066503808
-0.0056369179
0.014108725
0.018676236
0.0035097259
0.031220816
-0.0048243282
0.0070316242
0.0043094167
-0.012210224
0.012518472
0.021840902
0.022740841
0.008465277
-0.007353521
-0.0037808362
0.038929332
""
0.028129168
0.028295973
0.046710446
0.0018767701
-0.019969365
0.004832413
0.0015809542
-0.0091165053
0.00094823155
0.013138094
0.0050876234
-0.015541005
0.0079702931
-0.00044248946
-0.0017330149
-0.0021389017
-0.0055478951
-0.0041622436
-0.038365744
0.065557204
-0.00105224
0.018996961
0.066610873
0.0067087687
-0.0016716924
0.0087371422
-0.022521323
0.069523484
-0.006089
-0.020265302
0.038171209
0.0073626405
0.013368176
0.013806935
0.0059498861
0.012866747
0.030123454
0.017301014
0.00074939767
-0.016918197
0.012050125
0.016338838
0.019877719
0.013718521
0.0090269102
0.004923929
-0.04785892
0.022527942
-0.022740044
0.033179823
-0.019809665
-0.017224599
0.049410786
0.0076329811
-0.0057067783
0.10809061
-0.0080959527
0.033603262
-0.0050847149
-0.023674678
0.058028538
0.043682057
0.030111894
0.052756384
0.012300909
0.057002991
0.0082510561
-0.0064257947
0.013249519
0.047389649
-0.0028537563
0.037714526
0.010567236
-0.020128993
0.013464887
0.017433131
-0.0024017508
-0.0093281362
0.044872437
-0.0014054636
0.0056401496
0.034699965
0.024059094
0.012432181
-0.024400836
0.024820678
-0.010633604
0.0020318006
-0.010363213
0.011747686
0.015727
0.013546942
0.0077429055
0.0091122724
0.039478645
-0.0079995384
0.086893022
0.0010263969
0.015782781
0.038041186
-0.0036807274
0.00097523961
-0.00073047483
0.046186008
0.02103788
0.016310057
-0.0087667927
0.011334362
-0.019562945
0.02939027
0.0043268702
-0.015397164
-0.010994832
0.013606932
0.0057559912
0.024046535
-0.002343372
0.0030785606
0.027596217
0.012142976
0.011848028
-0.012754781
0.008061666
-0.0085954349
0.0049074623
-0.0047341986
0.0020568108
-0.0048834835
0.028607376
0.014902488
0.029171646
-0.003788742
0.0077112848
0.011015697
-0.014382189
0.00088497117
0.080187671
0.0050792643
0.094721764
0.0090875411
0.01075078
-0.029447909
-0.040390428
-0.049930535
0.0071701882
0.10167184
0.22083245
0.044357315
-0.0061871423
0.011031664
0.010841182
0.0014131835
0.079136945
-0.035346888
-0.041548025
-0.013900495
0.069770329
0.018605592
0.043391276
-0.0075457655
-0.005146977
0.035023756
0.051243626
0.0014804557
-0.072700016
0.035248149
0.045153834
0.0051099965
-0.016931195
-0.0018414381
0.057435147
-0.0055538979
-0.010248111
-0.035268757
0.0035674409
-0.015549362
0.0056361398
0.030501802
0.0050328956
-0.047822539
-0.0045327623
0.0030970278
-0.071539775
0.018123889
-0.0057510529
-0.0077927615
0.013642646
-0.0086891502
-0.012881322
-0.0046688179
-0.017009426
0.0044930372
0.023008136
0.00059827958
0.043844495
0.0028037161
0.022033542
0.023195028
-0.045004115
0.025752911
0.01405758
""
0.015896942
-0.010798642
0.0016399976
0.0065406905
-0.0044230158
0.047913641
0.0020782447
0.0016977072
0.00058109575
0.0094012693
0.0027165292
0.0056312978
0.0097549856
0.051653188
0.039958671
0.0027754665
-0.0056910519
0.023797451
-0.0079110786
0.0035724631
-0.0069086389
0.019539781
""
0.0080613364
0.013717419
0.032252405
0.035911757
-0.023736481
0.027751157
0.015216608
0.0030400124
0.080883808
0.049552862
-0.010222874
0.019427544
-0.0064476407
0.0063122553
-0.0014096681
0.00047685538
0.040509652
-0.0012328542
0.021758214
-0.0019811033
0.10232729
-0.0099795377
0.013178678
0.013954251
-0.01578082
-0.0018677656
0.029006515
0.022680288
0.0099088075
-0.025083994
-0.026904305
-0.013217741
0.016650965
0.059327789
0.018353246
-0.01988343
0.0028856574
0.0259746
-0.014357409
0.033020735
-0.0084304716
0.058971975
-0.026567793
-0.07088656
0.03688712
0.01878521
0.055306759
0.012654561
""
0.0024027382
""
-0.022370674
-0.075458512
-0.019280657
""
0.057309829
0.024398264
0.029715681
0.063740999
-0.024178462
-0.0036074584
-0.0070500625
-0.0061535789
0.031017439
0.022484064
0.019581607
0.0069432319
0.08930359
0.010226035
0.0016970454
0.01111667
0.082803264
0.0023832368
0.0043514799
0.032154124
0.054449331
0.032878365
0.055874791
-0.010028788
-0.034650981
0.072634935
-0.0097973151
0.0088320123
-0.008451568
0.057164282
-0.008033948
0.021848483
0.050758563
-0.0059889629
-0.026319779
0.0054846406
0.00072286726
0.041683618
-0.0021961688
0.00079543469
0.012550681
0.018296802
-0.0093493778
0.038014557
-0.020596514
0.045383357
-0.034525353
""
0.012635188
-0.0093872789
0.049868487
""
-0.011819138
-0.019829419
0.011182265
-0.00493509
-0.016665595
0.011460762
0.0044402345
-0.0045436481
0.071818046
-0.030562054
0.013701401
0.0272606
""
-0.022660701
0.04790213
0.006416108
0.023489794
-0.0032089255
-0.0043942896
0.058235008
-0.052406833
""
-0.021115657
""
-0.00096414331
0.014391189
-0.022467822
""
0.1454598
-0.040142596
-0.046913292
0.079847425
-0.0010361217
-0.0050770207
0.013739752
""
""
""
""
-0.12039234
0.10280047
-0.036363043
0.043600492
-0.0079260403
-0.0046440982
0.0066930088
-0.035910811
0.037600443
0.00090301468
0.019593595
-0.048619367
-0.10237691
0.066860013
-0.0014224974
0.022484025
0.0034760842
-0.039181825
0.080434784
-0.0064382455
0.0079742167
-0.03675472
-0.039130166
0.0121474
-0.048123777
-0.011059498
-0.038053636
0.0022974033
-0.048189566
0.011018259
0.029569566
-0.0077543398
0.036279969
0.0009592459
0.023933871
-0.029145826
-0.032760747
0.020047139
0.047695179
""
""
""
""
""
0.031152634
""
""
""
-0.068135113
-0.019675013
0.025810458
-0.0022673693
0.17636806
0.0034752444
0.020599753
""
-0.0028370793
""
-0.020142086
-0.0072346828
""
""
""
""
-0.0085328883
0.0046090218
0.018007515
0.025889458
0.013680935
-0.0043320283
0.038886357
0.037736446
0.00049346883
0.021349924
-0.08800865
-0.0027561379
0.0051098238
0.0085988836
-0.0018873521
0.033395734
0.00099201768
-0.0023128744
-0.014923243
0.029755387
0.034386352
0.021082457
-0.0021223656
-0.012461923
4.0975396e-05
0.01615968
-0.023338523
0.012486048
-0.00012890999
0.0096313376
0.016096547
0.046023987
0.0066680689
0.0019308662
0.0038642157
-4.1945113e-05
0.15661733
0.011176122
-0.0048166206
-0.0027061459
0.003320649
""
0.0033783535
-0.036453277
-0.0015641861
0.11953755
""
0.010518067
0.040588018
0.0066621248
-0.0087121008
-0.010109437
0.026217854
-0.021351257
-0.0065304483
-0.015557784
-0.012220157
0.0075825821
-0.0075460938
-0.01030786
0.015262827
0.011232207
0.0021853773
0.031706162
0.0026263564
-0.040869474
-0.0078329947
-0.0024082588
0.030567821
0.0012810698
-0.12159162
""
""
""
""
""
0.013084396
0.00093477475
-0.010833041
-0.0087990416
0.0021727004
-0.0072825458
0.051848441
-0.037663922
""
""
""
""
""
""
0.0024704081
0.0072136745
""
0.021566126
0.04758016
""
-0.018927103
0.036152136
-0.0091118906
0.020562703
-0.032785553
-0.02918582
-0.035358466
-0.020050894
0.01755821
0.085410923
-0.017042603
0.03380809
0.15300265
-0.011277938
0.009865527
0.087525971
0.046327535
0.065402523
0.071487524
-0.0092484327
-0.022962399
-0.038913589
0.022442535
0.063680641
0.040748529
-0.054505695
-0.01100238
""
""
""
-0.035602991
-0.012736931
-0.00064988248
0.12246216
0.037332296
""
""
""
""
""
""
""
""
0.036816988
""
""
""
""
0.03782215
-0.021553563
""
-0.0089579504
""
0.1390896
""
""
""
""
""
-0.03822048
""
""
""
""
""
""
""
""
""
""
""
""
0.0020070239
""
0.053619105
0.023264071
0.0025644074
0.09835422
0.054121625
""
0.023010734
0.072863303
-0.01345733
-0.040363252
-0.0070017898
0.072439104
0.0048075151
0.061240353
-0.012507529
-0.011888368
0.021653594
-0.0099216951
0.013575267
0.1951537
0.018831193
-0.014420076
""
""
""
-0.076676525
""
""
""
0.0036482108
""
""
0.11507972
""
0.035323221
""
""
0.014423342
""
-0.044257894
""
""
""
""
0.065784767
-0.018010437
""
""
0.046694934
0.017433215
0.040388953
0.022988195
0.041282084
0.039341122
0.032182418
0.04932059
0.00091392733
0.11483033
0.14585832
0.035546254
-0.0085508758
-0.061925061
-0.0069790576
0.034500942
0.023790278
0.02561925
-0.012296595
0.022719482
0.0070732357
""
0.0036272593
""
0.039035808
-0.019181669
0.036743838
0.086034931
0.0093362443
0.050104287
-0.00015579246
""
""
""
0.0024423297
0.0086664921
0.069576971
0.018641843
-0.057333078
""
""
0.041437101
0.02812231
0.0056938459
0.013441166
-0.019416571
0.0057256743
0.03601899
0.02624985
0.043766897
0.02942834
0.12834971
0.0083834706
0.0107545
0.020583486
0.023841891
-0.07757286
0.01315972
0.030201241
0.024288924
0.00026190889
0.067123629
0.11127792
0.03872107
-0.00744825
0.023909057
0.016064469
-0.0020030816
-7.1463714e-05
-0.00074441265
0.0075425231
0.042379271
0.01561891
-0.010872914
""
""
""
""
""
0.016207231
""
""
0.0081450501
""
0.06365487
0.0090125529
""
0.046828739
0.05553795
""
0.026282966
-0.0078312
0.01781768
0.023374662
""
""
-0.014464442
0.0057219481
0.039554473
0.049368393
0.017890317
""
-0.016751975
0.13888994
0.017575946
""
0.0055964035
0.00040298892
-0.025583183
-0.0027297093
0.0031504757
""
""
0.045701515
""
0.014738999
0.011037222
""
""
-0.011046117
-0.0044884393
""
""
0.02565497
-0.016420415
0.13760953
0.078433983
0.01017201
""
-0.01419351
-0.050147709
0.015257326
""
-0.013450936
-0.0030755573
-0.0092716943
""
-0.092330262
""
""
""
""
""
""
""
""
""
""
""
""
""
""
""
""
""
""
""
""
""
""
""
""
""
""
""
""
""
""
-0.0048208446
0.024116576
-0.024604883
""
-0.033285189
-0.00804199
0.015388443
-0.028922563
0.024360431
0.016678974
0.011855802
0.015221037
-0.015377222
-0.0062217172
-0.024624033
0.051291145
0.0036549999
0.0032963427
0.027227374
0.010863374
-0.013211297
""
""
""
0.011678053
-0.022185463
0.034895059
0.032270625
-0.057016384
-0.009429154
0.0095466757
""
-0.0077717295
""
-0.022582989
0.0012189494
""
0.02792968
0.00059939473
""
-0.042281851
""
-0.09420117
0.046869073
0.0095276888
0.04297363
""
0.083069339
""
""
""
""
""
""
""
""
""
""
""
""
""
""
""
""
""
""
""
""
""
""
""
""
""
""
""
""
""
""
""
-0.023823602
""
""
""
0.0020582362
-0.031918369
-0.019090723
-0.033636346
0.029139888
-0.10942886
""
-0.014948938
""
""
""
""
0.0057320199
""
-0.0063942005
-0.0045689391
0.00017211186
-0.026943378
0.026822809
0.014829392
0.053180914
-0.013214142
-0.07920704
0.0013722295
0.024577852
0.022226332
0.028520165
0.070661597
0.0028119527
0.017572898
0.031392589
0.014476798
0.040926792
0.023366468
0.0090806633
0.023828767
0.07897529
3.3903649e-05
0.00367396
0.025082355
0.02852653
-0.005719543
-5.262491e-07
-0.00709899
0.04662009
0.0019453953
-0.042823695
-0.0055285394
0.018898537
0.050573781
0.038923953
0.032902647
-0.0035242813
0.0086319791
-0.010527761
-0.0062156999
0.023129754
0.015680019
-0.0014940344
-0.0065290439
0.013963765
-0.0121546
-0.0045965915
0.037143841
-0.0032773155
0.024165006
0.0084551601
-0.099490479
""
""
""
""
""
""
0.045558222
0.010928006
0.0024006725
0.015799293
-0.0029253245
-0.011270706
-0.0090205828
0.023760363
0.068206362
0.0053071082
-0.0060831122
-0.014913867
9.421182e-05
-0.0093750069
0.015844867
-0.020617478
0.0016589019
0.040208217
-0.0070700003
-0.0061354535
0.011974232
0.0066063362
-0.0064456756
9.0879767e-05
0.002199972
0.032479782
0.0083720284
0.018015692
0.0029310996
-0.013142384
-0.0048251939
0.081216119
0.0079411268
-0.003871189
0.013184015
0.0015988547
-0.013160197
0.016941749
0.032464191
-7.6631855e-05
-0.031307749
""
0.025431328
0.023457726
-0.0071359058
0.010760584
0.039260868
0.0046661822
-0.010001583
-0.0036112249
0.022715148
""
""
""
""
""
""
""
0.01230584
""
""
""
""
""
0.0034876992
""
0.080476895
""
""
""
""
-0.0074482071
""
0.0065187924
-0.0047965152
0.0060457503
0.018434463
0.049907148
0.015167228
""
""
""
0.014673172
-0.013328607
0.022404747
0.11510448
-0.024063043
0.0056067691
0.0083632823
-0.0020084879
0.027363002
""
-0.005023153
-0.075289004
0.0031862634
-0.0043557445
-0.063604563
-0.012062534
0.011605345
0.008561898
0.0091132289
0.022387136
0.0016255936
-0.01439373
""
0.0034140004
0.044394307
0.025184814
-0.05509337
-0.03170713
-0.012406276
-0.0055233883
""
""
""
-0.036396638
0.011783815
-0.00028552703
""
-0.038545288
-0.025079949
""
0.032156192
""
""
0.023466554
0.047957826
-0.035876386
0.07261049
""
""
0.0046442682
-0.02633757
-0.018813077
""
""
""
""
""
""
0.069059014
""
""
-0.055183832
""
""
""
""
""
""
""
""
0.021094035
0.11991413
0.0024094041
0.080653816
0.0012627214
-0.00032059217
-0.0023038965
0.013979438
0.034248553
0.012909559
0.077144012
0.044352002
-0.0023582468
-0.0050043645
0.0045777564
-0.00094669481
0.030391267
-0.031508636
-0.009797195
-0.001506977
0.079079121
-0.016340423
""
-0.011688311
0.0055246134
0.050666232
0.0033515315
0.069600053
0.0066070752
-0.030867798
-0.0010386932
0.0041002389
0.0073452662
-0.01541967
-0.051040724
""
""
-0.0093939761
-0.022109261
""
0.040527575
0.06176912
0.015020075
0.00063076406
0.0088751409
0.052243989
""
-0.0040904689
0.018679596
""
0.0078086532
-0.01158266
""
""
-0.0040916954
0.062387154
0.0035197823
-0.0086215623
0.026165407
""
-0.028303046
0.011637153
""
0.01153465
0.01785844
-0.054154456
0.12309266
-0.060333025
0.0021765847
0.013974215
""
""
""
0.033047326
""
-0.013569609
0.038987122
-0.019737927
0.11443161
0.0072701462
""
0.023205653
0.0053748395
-0.012820139
""
""
-0.010313277
0.016035493
-0.050375544
""
""
-0.0074695027
0.024860036
0.003737736
-0.016236488
""
-0.014060977
-0.064311609
-0.0065289154
-0.0069737122
0.0076281736
-0.014737369
0.037085544
-0.014679975
0.021160055
0.017453801
-0.0030240095
0.012163403
0.0172862
0.096489593
-0.030648226
""
0.026890431
""
0.02668009
0.0011161317
0.046253763
""
-0.029927613
""
0.015626285
""
-0.089865498
0.026223337
0.038756423
0.090686284
0.010022124
0.060192086
0.050869901
0.025732448
0.009999237
0.04369856
""
""
""
""
-0.025056493
""
0.017930558
-0.041117061
-0.016297901
0.11888123
0.007747049
-0.010182486
0.0090684826
-0.0082848566
0.037277725
-0.02439354
""
""
0.011503943
0.00044416275
0.049937874
0.024438448
0.01028142
-0.011669909
""
""
-0.029880203
0.02069623
""
""
0.042722974
-0.0037686687
""
0.016705884
0.0034539844
-0.0037565439
""
""
-0.048253108
""
""
-0.0089623304
-0.01600321
-0.02308549
""
-0.0070941811
0.055507891
-0.0043522567
-0.0058799288
0.012056275
-0.011401114
""
""
-0.028236292
-0.035386413
-0.037026618
0.010490239
0.021625482
0.011816754
0.014547378
0.083081387
0.043950289
-0.00046889615
-0.023271253
""
""
-0.045183178
0.063949212
0.07708361
""
""
0.076112829
""
-0.031489145
""
""
-0.014424711
0.063676521
0.074742153
0.0072797155
""
0.0019511217
""
""
""
""
""
""
0.0026793499
0.027623996
""
0.026243864
""
""
""
""
""
""
""
""
0.14948596
""
""
-0.047969501
-0.018561885
0.077287666
""
-0.00044636003
""
""
""
""
""
""
""
""
""
""
""
""
""
""
""
0.0030399151
""
""
-0.016194645
""
0.0069718161
""
0.011405299
0.0012899955
""
-0.040316269
""
""
-0.032618307
-0.023844039
-0.0068442877
-0.028971964
0.065756187
0.055338442
-0.0019165688
-0.033177756
""
0.020782201
-0.0047143097
-0.017600847
0.015322906
-0.038343109
-0.038955163
0.063275933
-0.001954817
-0.038184293
-0.0073738187
-0.089713365
0.046227664
0.0022986992
0.02975172
0.025118999
0.044051345
0.015782872
0.035498869
-0.019468788
0.095271401
-0.0044265673
0.0093289316
0.015866134
0.033338986
-8.2319057e-05
0.046898346
0.09746746
-0.02774887
0.058200158
0.019669188
0.0088906297
0.033639621
0.03043296
0.024890285
0.01993007
0.032151062
-0.032913644
0.017967986
-0.02708873
0.022969589
0.018200442
0.029869726
-0.012063177
-0.025713777
-0.015057025
0.017223397
0.0074138655
-0.026483716
0.040826257
-0.025671748
0.03782532
0.0051656412
0.011926602
0.052403443
0.046126083
0.00043271398
0.028158752
0.020635823
0.051559869
-0.03180914
-0.026030259
0.06265913
0.051900215
0.042200882
-0.032768324
0.050598674
0.03019136
-0.035620317
0.0059305751
""
""
0.088326901
-0.0033651767
-0.012965866
""
""
""
0.041842625
-0.012373773
0.01913392
""
-0.017230859
0.015724121
-0.01724544
-0.029430129
-0.0023871963
0.0011391855
0.021251991
0.0008040815
-0.012626412
-0.030901928
0.0020115692
-0.021563077
0.0044835047
0.0037516109
0.0047686924
0.0067595034
0.0020244606
0.016723573
0.043872643
-0.0030485918
0.0040875524
0.014193408
0.033213139
-0.0036136594
0.037136249
-0.010337858
-0.0092908302
0.023899784
0.03838728
0.0265016
0.089679718
0.017842397
-0.00065896276
0.089639597
-0.018873114
-0.0021074698
0.080287918
0.0077861203
0.029415291
0.0092847161
0.02919706
0.079286814
0.00020484811
0.01732548
0.0019116944
0.11750978
0.018669637
0.0001444494
0.00075340329
0.0063551883
-0.0049820906
0.058570191
-0.021722849
0.00013821636
0.0083807502
0.03523957
-0.0047872402
0.013019045
0.011283218
-0.020338573
0.0026295455
0.037269879
0.011229408
0.011588782
0.00092319021
-0.043252058
0.0085393842
0.0023185962
-0.012101784
-0.062805153
0.11312176
0.061365787
0.042377811
0.055516262
0.041575786
0.014147853
0.016833972
0.074658759
0.0025943911
-0.019563973
0.0051785773
0.074338198
-0.036496811
-0.01713437
-0.011154502
0.21279988
0.025049685
0.020563232
-0.0040087947
-0.02230232
0.0049930885
0.072182409
0.0069684396
0.00060754741
0.00012083753
0.010882484
0.039011128
0.01488877
0.0048128827
-0.0058775069
0.019692434
-0.014476702
0.066559844
0.046380173
0.01506353
0.029210133
0.084081307
""
-2.5463036e-05
-0.012725154
0.032219447
""
""
-0.074807286
-0.01238133
-0.04013864
-0.0096796537
0.064220026
0.0077029141
-0.053535234
0.039490018
0.026142349
0.10095588
-0.12966806
""
0.025773622
0.01265619
-0.05383246
0.017360047
""
0.02842287
0.061367594
0.011629421
-0.0028306292
-0.032131042
0.014397813
0.093507357
-0.0055706273
-0.003947489
0.097107209
""
0.018801536
0.069886319
""
0.0088964729
-0.036562767
0.021616286
-0.016243476
-0.012738434
0.12548059
0.083821975
-0.0038980395
-0.017091479
0.013294769
-0.0079746349
-0.074617349
-0.00090766145
""
""
""
-0.033557586
""
""
""
-0.023757078
""
0.07076297
0.018461043
-0.013054647
0.053793892
0.027002975
-0.0081943739
-0.023456329
-0.0067226789
-0.022953449
0.015188254
0.028388986
0.055127334
-0.020132812
-0.0046738461
-0.014720783
0.008774573
0.10099801
-0.019557521
0.0058194655
0.033686094
0.066890813
""
-0.081466489
-0.012254852
-0.021299116
-0.014350887
0.050300296
0.012452975
0.0036414659
0.020917961
-0.00091480848
0.012715739
0.061841775
0.033173017
0.029006172
0.033532705
-0.011652144
0.0099666175
0.024415245
0.039285652
-0.011775928
""
0.032371875
0.043202061
0.041600518
0.0093358215
-0.0072471527
0.0072445101
0.048473991
-0.007898787
-0.012871058
0.016027587
0.020925937
0.023517234
-0.037956126
0.03664054
0.0094465818
""
""
""
""
""
0.023586115
-0.06057116
""
""
""
""
-0.00074233406
0.025916247
-0.033944242
-0.066600844
""
0.0038923051
0.035893168
-0.031412631
-0.075098962
0.11771058
0.056997389
0.044047337
0.014524368
0.023215171
0.072397158
0.014302493
0.043972339
""
-0.045315046
""
0.029037314
""
""
-0.041586049
""
0.0042958031
0.040344656
-0.018806003
""
0.066539682
""
""
0.005060079
-0.018870337
-0.011579203
""
0.024883129
0.074774653
""
-0.042219564
""
""
0.037931301
-0.013787612
0.02552934
""
""
""
""
0.084824152
""
""
""
""
""
""
""
""
""
""
""
""
""
""
""
""
""
""
""
""
""
""
""
""
""
""
""
""
""
""
""
0.11546274
-0.080088295
0.006426739
0.04831557
-0.061199505
0.10786721
0.022220146
-0.033626873
0.10375952
0.00055355707
0.0057173241
-0.0033111938
-0.019346058
0.025863035
0.00024914445
-0.02155029
0.035213642
-0.026046239
0.011011526
0.0081363423
-0.012680174
0.076862313
0.0089055039
0.00010502912
0.0036958572
0.015227974
0.054905906
-0.0054945918
0.056918584
0.057189841
0.014113058
0.0048480718
-7.7695266e-05
0.020500328
-0.058791071
0.022058487
-0.032372005
0.01872712
-0.015837951
0.0031960446
0.063865036
0.019475143
0.0095530301
-0.0015588007
-0.027592486
-0.013414325
0.083536126
-0.00048005753
-0.01305725
-0.040963035
0.0073035671
""
0.02110455
-0.0053139743
0.017928852
-0.060670964
0.045219555
0.076331496
0.077446721
0.1045318
-0.035577446
0.020935411
0.06417831
0.00076202053
0.057429403
0.017902924
-0.024812965
-0.068647213
-0.0085697323
0.0031417743
0.011585688
0.011446944
0.0056417598
0.03926456
0.0056352196
0.076384187
0.026380379
-0.0084692929
-0.011708917
0.032223575
0.0048835333
0.055309072
0.020256761
-0.025435781
-0.011350628
0.035073984
-0.0088942489
0.00061997824
0.020152383
0.0033125156
0.011042943
0.026392436
0.015286695
-0.010499774
0.08722499
-0.033257652
-0.012375032
0.028370278
-0.06548854
0.10987715
-0.017892437
-0.006305547
-0.0038734623
-0.027807936
0.0048742346
-0.011514865
-0.0065568616
0.0081207985
0.056405667
0.036210343
0.078396171
0.057650588
0.02395629
-0.010433951
0.044401973
0.037902806
0.084638864
-0.0059621786
0.10215943
0.05161047
0.072668128
0.1033503
-0.0069674104
0.017283531
-0.035534091
-0.0031412912
-0.016891258
-0.019957813
0.05063583
0.026515773
0.049494181
-0.025038833
0.015419125
0.018844113
0.022567742
0.0075737098
-0.0051187463
0.013314691
-0.00095193525
0.024887597
0.057249133
0.025109366
-0.01607489
0.0034306492
0.047930654
0.00549225
-0.00052683649
0.055127461
-0.019459581
-0.0038648951
0.0012869624
0.034541685
0.097504474
0.017468117
-0.01046469
0.017200669
0.046423264
0.044351466
0.015455791
-0.013677583
-0.016955186
0.022899685
0.019029004
0.029953435
0.083846711
-0.010389235
0.028183766
0.027523987
0.25586072
0.010439481
-0.011488458
""
-0.039854366
0.0039392547
0.0046867412
0.053501096
-0.077974826
""
0.065323785
-0.0023548249
-0.0070155063
0.061760589
0.02747304
0.0022130734
-0.049151514
""
0.0066522849
-0.069708921
0.056766707
-0.028575951
0.014739739
0.032011773
0.14736554
""
0.0018833854
-0.024582364
""
""
-0.1455615
""
-0.0029060633
0.15311365
0.044597767
0.01529851
0.06422428
-0.0016020919
0.039013017
-0.025351204
-0.056511395
-0.0028913126
-0.017743386
0.01927405
-0.029161712
0.057645977
0.020716529
-0.0018584307
0.023386229
0.022754651
0.01578984
0.0086787576
0.043854363
-0.007156766
0.037166301
0.026899587
0.0022815387
""
0.031523839
-0.013363187
-0.0055984231
-0.0094440905
""
0.027612133
""
0.070890278
-0.00092543644
0.032344192
0.028811909
-0.0055532679
0.080352381
0.011480813
-0.030874519
0.0014171448
-0.063803196
0.025852453
0.033314511
0.032109514
-0.025845727
""
""
-0.013007775
-0.010553672
-0.0088706976
-0.0016211013
-0.016407069
-0.066640988
-0.020302426
-0.0031638367
0.021179875
0.0016171265
0.062237963
0.011153932
-0.0090871053
""
-0.046386242
0.050294533
-0.012928527
0.26940992
-0.096680894
0.021159597
0.011331166
-0.052167092
0.10731082
0.045317013
0.029654164
0.0015959429
0.043894988
0.03374565
-0.061916947
0.048023507
-0.0010762676
-0.010595553
-0.032875087
0.064310737
0.03103829
0.013481501
-0.026699828
-0.031108527
0.044500783
""
-0.0070707225
""
-0.028068699
""
-0.0037046543
0.0413501
0.025369368
0.071127765
-0.0081867548
-0.0014506711
0.028664198
-0.0036131695
0.095710009
0.062998198
-0.00057303143
-0.067291908
0.008433436
""
""
-0.0087928008
0.031285912
0.031383462
-0.088987328
0.02986677
-0.078467108
""
0.15571932
""
""
0.33913684
-0.013807255
0.049901586
-0.012137137
-0.25817877
0.0010260229
0.052453738
-0.04191713
""
0.005916303
""
0.005374284
-0.028175306
0.069322489
-0.0075284564
0.079024725
""
""
""
""
""
-0.018800365
0.011692106
0.019370649
-0.00038723898
""
""
""
""
-0.011179377
0.03968792
-0.0040859021
-0.09603174
0.11367219
-0.021340089
0.015488691
""
""
""
-0.059034076
-0.059964672
0.11281747
-0.024877528
-0.010510649
""
""
""
""
-0.011836674
0.021973852
""
-0.00729508
0.06905371
-0.014150487
""
0.0060248976
""
0.00047963447
0.0075674183
0.087491706
-0.013926594
0.05785932
0.023914853
0.00066066341
-0.009512201
0.019324131
0.00045566683
-0.0036172783
0.00030169342
""
0.013457012
0.0016012881
0.020579616
0.0036186029
0.0065386058
-0.015539329
-0.0091091879
-0.0094159879
0.0010308786
0.011040092
0.018898193
0.045862816
0.09294802
0.0025410245
0.0025485121
0.037377171
0.073274933
""
-0.0041139871
0.045021396
0.00029730919
0.0048559839
-0.0039025962
""
""
0.013157795
0.024631977
-0.046812683
0.0076956712
""
0.0062051285
0.034182969
-0.0011836793
-0.011396126
0.0021604993
0.021334965
-0.014275284
0.0066059995
0.019929284
0.033248127
0.056846723
0.016853089
0.0063613942
0.0089099361
0.0038130046
-0.0042516086
-0.010111847
-0.029800301
-0.010269939
""
""
0.050229818
""
""
""
""
""
-0.042892043
""
0.048134144
0.016522581
-0.047917385
0.039023425
""
""
""
""
-0.0035607917
0.068148084
-0.0059335739
""
""
""
""
0.010627066
""
""
-0.090554915
0.05276148
-0.0012954125
0.015054263
""
-0.033140916
0.0091648018
""
0.014661294
""
0.028593171
0.010160539
0.056514159
0.086688682
0.0036238569
-0.015856631
-0.010263086
0.038272765
0.06291119
0.031732094
-0.041575834
-0.012741253
0.021443488
0.0040958156
0.026758566
0.0058862683
0.069266081
-0.0053881663
-0.0071008839
-0.020297458
-0.049096912
0.020022634
0.023132663
-0.029527636
0.046821363
-0.021878989
-0.0046610399
0.0088282209
0.10283886
0.050793096
0.043846693
0.023935392
0.01912233
-0.0024392719
0.044613652
-0.10222004
0.0025636966
0.14503638
0.0036801794
0.024119513
0.033781979
0.053408455
-0.0057758037
-0.022024434
0.1051001
-0.068373457
0.015091652
0.070661284
0.006315127
-0.033714939
""
-0.01636257
0.027235441
""
""
""
""
-0.014468754
0.091921933
-0.029626263
-0.025358874
0.10256474
""
0.052991949
-0.046681751
-0.019520158
-0.039349563
""
-0.018062152
0.022652023
""
""
0.011403478
""
-0.078163505
0.030466445
-0.019084301
""
0.013284463
0.0091944402
-0.021335553
-0.0090162074
0.052864645
-0.0057455478
0.19475998
0.050777279
0.0016511678
0.045162071
-0.017500088
0.030909123
-0.025303438
0.010968057
-0.014033958
-0.041187849
0.0089878589
-5.964256e-05
-0.0062304833
-0.018657919
""
""
""
""
""
0.045834318
""
""
""
""
""
-0.030540451
""
0.083889015
0.016147023
0.044170119
0.018235883
-0.038014308
-0.02278286
-0.036127836
-0.023518672
0.0040361998
0.015749421
0.090618461
0.11722293
-0.02248149
0.083517663
0.010347517
-0.10559408
0.041433901
0.017709207
-0.011055991
-0.036361292
-0.035860453
-0.022477273
0.03983539
-0.012253015
""
0.011957399
-0.035855591
0.016611582
0.054851085
""
0.025654152
0.053221211
-0.030168226
0.010177352
0.12009303
0.040333454
0.030634442
-0.028710008
""
""
-0.0054154377
0.034561243
-0.049755991
-0.024294209
-0.0058771186
-0.019873418
0.018158598
-0.065483391
""
-0.038164645
-0.00087141275
""
0.034633953
0.016084796
0.053505186
0.0017392995
0.059976865
0.01371907
0.25538784
""
-0.057473954
-0.0076973564
-0.037672129
""
""
-0.0012397284
0.046457831
-0.03101442
-0.00018189629
""
0.02604177
0.0024669967
-0.0066839624
""
-0.0034335656
-0.025051074
0.0037568288
-0.026541192
0.008189843
""
""
0.03986907
-0.073828921
-0.064829975
-0.02066065
-0.010690703
""
""
""
""
""
0.0091788359
""
""
-0.053472698
""
""
""
""
0.054413583
0.016100094
-0.018880384
0.027654473
""
0.080356419
-0.053453378
-0.024448747
-0.076933004
0.052918531
-0.0095628733
0.053805675
""
0.045980744
0.055301156
""
0.024099618
0.0065667364
0.019181315
-0.033339404
-0.0081786504
0.0064199571
""
0.012765773
0.00059441576
0.01733952
0.018806404
0.00024382104
""
-0.0060995077
-0.043136772
0.016555892
0.023525327
-0.031310569
0.040213589
0.058633089
0.00081776787
0.025605593
0.021465335
-0.0047068689
0.033415493
-0.012494706
""
0.062875181
""
""
""
""
""
0.028096922
-0.0048769014
""
0.037445594
""
0.010762336
-0.005807973
0.087324001
0.013657133
0.018737927
0.0014171607
-0.051221069
0.006699862
-0.0063297367
0.002520218
0.030625196
0.008463202
0.021553848
0.011055432
0.019768391
0.043930944
-0.015107067
-0.015160175
""
""
0.021036163
0.090364739
""
""
""
""
""
""
0.0024519449
""
-0.0084862933
0.012707184
0.00064674928
-0.010722852
0.0059634242
0.016131436
0.0013882461
-0.0036150708
-0.018361615
0.05627574
-0.043264769
0.017702049
0.016920291
-0.024711601
0.033944692
0.0011616417
0.0089344513
-0.041504689
0.033651501
0.009624864
0.006414413
0.0029010726
0.04530634
0.0027013
0.024165224
-0.011848938
0.0081522362
0.012022403
0.043705802
0.0093232915
0.0058499328
0.0023963116
0.036231857
0.036192551
0.003545684
0.0023580499
0.018146606
-0.00091367034
-0.0021171407
-0.029828127
0.007695307
0.11644007
-0.0053663873
-0.025882015
0.029556971
0.052253183
0.021291018
0.0038263407
0.010986981
-0.0035421986
-0.0097909877
0.0039536883
-0.007346015
0.047805734
0.014613905
0.0437616
0.016898539
0.017209062
-0.0046415734
0.0074008428
0.029931279
-0.020525509
0.031353012
0.0039592725
0.022054849
-0.0049195471
0.019115595
-0.0088966349
0.0017743354
-0.0037666264
0.010770896
0.010630106
0.0047610868
-0.0055811494
0.049039867
-0.012936221
0.0079399059
0.015437952
0.022169486
0.03159776
0.003210756
0.029330451
0.02869964
0.078052275
0.003681069
0.0025809889
0.0249398
0.082344972
0.041492708
-0.037607033
0.031326219
0.020145785
0.060967516
0.034889862
0.0036817142
-0.014145625
0.018195665
0.0089205438
0.0093631875
-0.011131712
0.010105294
0.02503291
-0.006536216
0.034000665
-0.0012268103
0.0036768077
-0.002631933
-0.0091122296
0.027908131
-0.013164035
-0.0037677258
0.00027359396
0.033600546
0.0021036365
0.087217741
0.016270503
0.034082521
0.0015040269
0.0084816525
0.038714923
0.044569001
-0.0082965354
-0.01662611
-0.008870732
0.012629402
0.017593252
-0.036846969
0.0044143186
0.01320823
0.011191268
-0.01332263
0.011431858
0.010848958
-0.010407715
0.026597869
0.0094288243
0.059045106
-0.0050156778
0.0034329125
-0.0060414113
-0.010431836
0.03061932
0.038027111
0.012283169
-0.0071335388
-0.0033276349
0.083015367
0.074232623
0.010893873
0.00096150918
-0.029316515
0.027092349
0.020260276
0.015131706
0.013180913
0.015821557
0.022354435
0.033651695
-0.014027713
0.0019776458
0.040564083
0.044360474
0.0129946
-0.010384412
-0.0058041355
0.002322484
0.029456284
0.0063218339
0.001785825
-0.0059787859
0.048188761
0.013845913
0.013025476
0.023871038
0.026177103
0.036564004
0.030541416
0.00081267103
0.030729355
-0.0079928646
0.048396274
0.0056069479
0.022688815
0.055784333
0.019619621
-0.039705057
-0.031620163
0.0196425
-0.031815544
0.044360388
-0.050191764
0.041310884
-0.0028395262
-0.0014157689
0.0146279
0.021641994
0.0071322997
0.027724916
0.0066401656
-0.0027617256
0.034042131
-0.022522124
0.058592614
0.018166894
-0.0072362092
0.013193197
0.0022684836
-0.0075114947
0.018465666
0.018159151
0.052489933
-0.011280974
0.016067853
0.071132243
-0.053780869
0.030537592
0.014073699
0.07071878
-0.007901297
-0.044826824
-0.010499587
0.0094586061
0.081421934
-0.0018510463
0.05628819
0.011890791
0.024038069
0.0042488496
0.0071592825
0.087916516
-0.0018786601
0.0039619929
0.03502268
-0.00025532942
0.032258034
0.00016977217
-0.026672874
0.026603129
-0.0087790582
-0.025915848
-0.006817712
-0.0058276253
-0.009340412
0.0035772906
0.061519906
0.050125822
-0.01757789
-0.0023060893
0.016803695
0.030033557
0.04789611
0.099529132
0.038665991
0.02595355
0.011740646
0.0090803746
-0.013528136
-0.012946522
-0.00747449
-0.022404391
0.01231384
0.00059364358
-0.012304531
-0.0010798251
-0.0060118232
0.046582207
0.0065171551
0.0061249151
0.081027724
0.006075195
0.040838093
-0.034466904
-0.064537108
0.0065371091
-0.093336336
0.018872028
0.030612076
0.025983838
0.11783802
0.042039264
0.040302455
-0.043310471
""
""
0.01013399
0.048772547
0.011063786
0.019134641
0.046152372
0.00098509854
-0.0019305252
0.0053006089
-0.022748696
-0.011941669
0.050950568
0.0054169991
-0.0075105992
0.049942505
0.078692272
0.011583613
0.024414968
0.0059123901
0.022335485
-0.001290241
0.044472963
0.1136259
-0.018567301
""
-0.038656686
0.011799554
0.013241705
0.01856596
0.015280315
0.051116381
0.017143153
0.0068015
0.02288744
0.021891374
-0.0058560455
0.049733989
0.00022113659
0.10037789
0.039280996
-0.0053068642
-0.01335143
-0.00029769391
""
""
""
0.56795013
0.043250911
0.003790783
0.068844371
-0.012026558
""
""
0.0061994516
-0.046310145
-0.0010199745
""
""
""
-0.016982386
""
""
""
""
""
""
""
""
""
""
""
""
""
""
""
""
""
""
""
0.0092943879
0.038715307
0.0035109823
0.053214129
0.046512727
-0.0069553456
""
-0.0089435829
""
-0.020518243
0.023554437
0.048456158
-0.028857801
""
""
""
0.065448433
""
""
-0.01363114
""
""
""
-0.072496332
""
-0.0086551514
-0.0019414928
-0.012253094
-0.032735348
0.015630832
0.012270944
0.038028587
-0.015403134
0.027345067
-0.040632058
0.028880259
-0.090547755
""
""
-0.0099439444
0.0021732841
-0.049708128
0.047262035
-0.0047234362
-0.0015912656
-0.050556906
0.0061387941
0.038590506
-0.013939759
-0.036139425
0.01789397
-0.00089485961
-0.017136412
0.22207618
-0.065708362
-0.15352499
-0.0011480392
0.015325136
0.010241034
""
-0.0004137583
-0.0020011945
-0.032144789
0.0080321245
""
-0.021363003
0.0083335796
0.012138901
-0.0056643225
0.0026045607
-0.0098891808
-0.0050353897
-0.018456794
-0.0089091035
0.009761516
0.00042789814
-0.004563977
-0.0069452426
0.094825752
0.043999568
0.081587091
0.0041015046
-0.012297591
-0.00066676061
0.004423047
0.024642577
0.033120807
0.010535131
-0.021542838
-0.020021264
-0.023274768
-0.040056925
-0.02439075
-0.025479967
-0.031484466
-0.040724766
-0.022092599
0.08962477
0.024342803
0.018984249
-0.02303933
-0.028598931
-0.011535007
0.014509361
-0.0082683936
0.026860574
-0.026966531
0.025260242
-0.024144167
-0.029227378
0.083954193
0.018992204
0.0059228861
0.016071284
-0.011418238
-0.11314329
-0.14104843
-0.027217973
-0.021580819
""
-0.057184689
0.03604047
-0.011598094
0.039534379
0.13325009
-0.037856188
""
""
0.05610032
0.33629534
""
-0.10740536
0.04160713
""
""
""
""
""
-0.024382742
""
""
""
-0.0055298409
""
0.022330869
""
""
""
-0.044665851
""
""
""
""
""
""
""
""
""
""
""
""
""
""
""
""
-0.026206437
0.017123111
""
-0.0044107428
""
""
""
0.0056214104
""
-0.030638348
""
0.0043779542
""
0.059994627
0.022667643
""
""
0.074067011
0.039562292
0.0078073926
0.018030372
0.0031967841
0.0013984347
0.031793591
0.017385999
""
-0.00067449786
0.067323133
0.050672099
-0.02503345
0.015873773
""
""
""
0.066180609
""
0.00045130835
0.026210347
-0.021767227
0.13138238
-0.021617251
-0.014012214
0.035950478
-0.027698325
0.026369156
0.065678075
""
-0.076477572
""
-0.060822994
-0.014106818
-0.013364929
0.03128488
0.038568906
""
-0.023622349
0.019089505
0.029191218
""
""
0.051184796
""
0.017476594
0.03856409
-0.02174467
0.035101876
0.0049326369
0.0067445268
-0.05120435
-0.0086071696
0.011527519
-0.0026079598
0.088389114
""
0.077351287
0.006569617
0.022084562
-0.050329063
0.022110034
0.024706898
-0.054382224
-0.062040094
""
0.017872224
0.024335261
-0.014865984
-0.011504677
-5.3173881e-05
""
0.035698168
0.013969686
0.021755422
0.021413628
0.040335909
0.0045062373
-0.013776205
0.010358282
-0.01443005
0.030352851
-0.019767506
0.027772743
0.00046383802
9.4813649e-06
0.010989746
0.0034435319
0.039774001
-0.0018801093
0.010433737
0.031548657
0.037611008
-0.0084531307
0.038982719
0.051266748
-0.0148054
""
""
""
""
""
""
0.018885732
-0.015115512
0.018066846
0.0011793242
0.02051278
0.01095507
0.00894274
0.021043047
0.049584478
0.0402405
-0.0094682081
0.039831344
0.0015281185
0.032935072
0.064762965
0.014763424
0.093398325
0.056073431
-0.0030030378
-0.0011804273
0.0081518656
-0.036755074
-0.00064840814
-0.0096158963
0.0036540935
0.017800903
-0.0058317697
0.0044873394
0.0077744061
-0.011861356
0.0013058669
0.023872187
-0.010138374
0.024980225
0.0097458567
-0.00052882847
-2.829711e-05
-0.0052766809
-0.0028927107
0.037555497
0.068067402
-0.00038713374
-0.0051624929
0.010290504
0.010519455
0.027506996
-0.004674959
0.0077388408
0.021020481
-0.0033037276
-0.030161453
0.0051858728
-0.018522857
0.026423905
-0.0020334139
-0.010132773
0.012077555
-0.0083466992
-0.019785004
-0.018664947
0.027404327
0.042606592
0.048441201
""
0.023723667
0.022575486
0.00065214204
0.047678269
0.0090332907
0.04159572
-0.018511826
0.072391748
-0.016718764
-0.018810902
0.046227064
0.011823406
0.033518892
0.023855047
0.018290525
0.07725554
0.0473313
0.0132351
0.038365893
-0.067058481
0.039838035
0.025882682
0.040728059
""
0.0029841114
0.10231912
0.0016902738
0.00091683486
""
-0.044853542
-0.036974628
""
0.039561301
-0.030995447
""
-0.030444423
0.016453996
-0.011424904
""
-0.083385304
0.0033661108
-0.036546405
-0.032325637
0.13320564
-0.058326479
-0.0007892875
-0.058538262
0.026575116
-0.040506799
-0.01140741
0.027875293
-0.032619428
-0.011890404
-0.016425723
0.013072819
1.0924098e-05
-0.010220849
0.0057149623
0.077533282
0.043937575
""
0.0075508771
0.012628924
-0.020201659
0.0053994204
0.0045223376
-0.0093354862
0.0020359245
0.0098502077
-0.0073145987
0.014230467
-0.012280903
-0.00091366685
-0.0095263962
0.011748846
-0.053683337
-0.070504472
0.0032384782
-0.0086935703
""
""
0.067290559
0.022837456
""
0.0048648752
0.045896046
-0.060379822
-0.030623389
""
0.061820418
""
0.00020581888
-0.016464043
0.0072380109
0.01414464
-0.014016193
0.046590317
0.11681712
0.0071608489
0.019022996
0.0081439782
-0.011095385
""
""
""
""
""
""
-0.014169229
-0.071029611
0.0041086115
-0.074624576
0.029943915
""
-0.011444348
-0.013453369
-0.048753817
0.021418428
""
""
-0.0013431231
""
""
""
""
-0.0027715536
""
""
0.054544989
0.10158998
0.026462685
""
0.025051376
0.052027024
0.059981022
0.0023103277
0.011134754
-0.06277971
-0.0094403978
""
-0.035598718
0.037014294
""
""
0.058303475
0.055512793
0.019715233
0.0080000553
""
0.01324035
0.016727738
0.053635877
0.028629178
0.030728055
0.0079223057
""
-0.027898464
0.014081504
0.013140422
-0.012549612
0.039451066
0.010399626
0.017558491
0.047929876
0.080605909
-0.016528534
-0.015871525
0.0078681838
0.13845865
0.0026512016
0.10178798
0.0038050681
-0.035743989
0.046189897
0.013079247
-0.01649699
0.0035737948
0.028152788
0.012344289
0.0073160813
0.00059252395
-0.014282359
0.006630904
-0.0031020734
0.029778024
0.0018046002
0.020739298
-0.02484351
-0.015203629
-0.011811018
0.035432812
-0.0171731
-0.022422129
0.047915287
0.030244142
-0.0095029287
0.041938681
0.035929941
-0.017059272
0.073052131
0.044971548
0.039686713
-0.0045578587
0.051487789
0.16946231
0.018899767
-0.013237271
0.0024154545
-0.0053565884
-0.056158803
0.018427931
-3.1346361e-05
0.021037066
0.016210604
0.012049164
0.04765499
-0.084994592
""
""
0.01584792
0.0085005518
0.01994092
-0.014451317
0.011682992
0.045678232
0.0058765062
0.0081326952
0.010900604
0.030138006
""
0.020539351
0.0023161909
-0.0063589877
0.0071925661
-0.015704505
-0.023503486
0.026063636
0.00037822151
0.03319972
0.024283543
0.0073741567
0.0068277377
0.024935532
-0.0068366011
-0.015209347
-0.0026412094
-0.060383935
-0.00019325453
0.056317415
0.015891572
0.13829054
0.012190396
0.0053822799
0.0065647746
""
-0.01848696
-0.0017423339
-0.020538973
0.038041141
-0.010455671
0.015760902
-0.046932161
0.019105375
0.02388617
-0.0046797153
-0.0071263071
-0.022512371
-0.004921725
0.0043524783
0.0063441852
-0.015901368
0.026932258
-0.023806976
-0.052059028
""
""
""
""
-0.0072693964
""
""
-0.014748506
""
0.014626333
-0.015660377
0.066061333
-0.064624958
0.044758569
0.0203913
""
0.070425004
-0.0031566659
-0.038702343
""
""
""
""
""
""
""
""
""
""
""
""
""
""
""
""
""
""
""
""
""
""
""
0.056634244
""
""
""
""
""
""
""
""
""
""
""
""
""
""
""
""
""
""
""
""
""
""
""
""
""
""
""
""
0.0079350658
""
""
""
""
""
""
""
""
""
""
""
0.29670638
0.062260512
""
-0.0222078
""
""
0.0020849367
-0.0095267417
0.048803169
""
""
""
""
-0.013554633
0.0098893419
0.010331413
-0.089420386
""
""
""
""
0.015020989
""
0.032124165
0.019507615
""
""
""
0.011626269
-0.0096221939
0.0022305732
-0.030697135
0.016341805
-0.0034550447
-0.022618121
-0.033852801
""
-0.028412053
-0.0063384138
-0.010539949
0.074675627
0.03920719
-0.0094163176
0.011823435
0.015535925
0.04171028
-0.0020637612
-0.013540993
0.017326899
0.021651272
0.017140307
-0.03970195
-0.0014953557
-0.029942278
-0.020496475
-0.0013238192
0.022068677
-0.0059876987
0.019976644
-0.016386032
0.0027271311
0.017850136
0.0047332463
-0.031919271
0.033625841
-0.0032318344
""
""
""
""
""
""
""
""
""
-0.0095365811
""
0.0033291569
0.057952397
0.0096517568
0.0088280672
""
""
-0.015881117
-0.022487987
""
""
""
""
""
""
""
-0.045292426
""
""
""
""
0.053982515
""
""
""
-0.082531042
""
""
""
""
""
""
""
""
""
""
""
""
""
""
""
0.011208626
""
0.024128692
""
0.043210633
""
-0.019424463
-0.0012489132
""
""
""
""
""
""
-0.058672454
0.099532217
-0.01396142
-0.031849306
-0.071568288
0.11707595
0.0081037916
0.031388585
-0.024315054
0.022230545
0.0089794919
0.0086760856
-0.017582742
0.02386306
-0.018600347
0.00084538636
-0.067404233
0.019774199
0.0079103075
0.0017506714
0.0021132827
0.0083472244
-0.032055434
0.007817572
0.031206802
-0.0034709461
0.018134875
-0.0087553076
0.048031304
5.576562e-05
0.038635362
-0.012416781
0.022769922
-0.014198262
-0.014144309
-0.012761577
0.020686276
-0.010446776
0.053638376
0.011937289
0.16489102
-0.056528326
0.024671813
0.0089467904
-0.033853725
0.056814965
0.01870138
-0.028192181
0.0079979617
-0.00088876806
0.01737114
-0.01714325
0.022295065
-0.039732628
-0.016466424
0.00012306983
0.011703408
0.050554775
-0.0088827265
0.061364289
0.042694535
0.059905484
0.0044953101
0.0014796503
0.028541548
0.024212765
0.028025858
0.012878378
0.067485511
-0.005604872
0.070524186
0.09687639
0.03028385
-0.013887426
0.0078057111
0.051562641
0.017059414
0.0045171599
0.038355127
0.0066801887
""
0.021308579
-0.022943769
-0.0057976642
-0.010691567
0.025036659
0.16556467
0.1142922
-0.0096372636
0.050487105
-0.085227683
0.0095800133
0.05547554
0.013835975
0.096467681
""
0.029058039
0.0342272
-0.0035834361
0.014074498
0.0081456937
-0.0023291388
-0.017914256
-0.015702939
0.076256752
-0.0066942363
-0.012194954
-0.029160745
-0.0056358953
-0.044429868
0.020710843
0.067686543
-0.01172345
0.032841027
0.0075493846
-0.033768754
0.00091210217
0.0036203188
-0.018354703
0.023104876
0.033249676
0.010209469
-0.029000578
0.13158
0.031802032
0.0069082165
0.023234829
0.012542181
0.021406537
-0.008114907
-0.014515853
0.043761414
0.030885495
0.028260376
-0.0056491499
0.026868165
0.0048859739
""
0.098473005
""
0.040165953
0.0054557323
-0.031039678
-0.0024967827
0.077172488
0.14633879
0.065834001
-0.0086161997
""
""
-0.0019940687
""
""
""
-0.0051517729
-0.027674239
0.015443152
""
""
0.0022074853
""
""
0.012424197
0.019447863
""
0.017227009
""
0.016975014
""
""
0.0498107
""
-0.00025353266
0.080881871
-0.014638093
0.017562956
-0.018119112
0.0064631733
0.031797051
0.0023155555
-0.034215692
0.003266928
0.016539013
-0.020271959
0.0042062574
0.0040985886
-0.10988858
0.001026185
""
0.022672182
""
0.013145093
-0.0013670139
-0.013920929
0.027889518
-0.0057751625
0.067296654
0.0062214392
0.02471466
0.043621201
-0.02005998
-0.0051798536
-0.003747219
0.029841833
0.011876182
0.0085837739
0.01135524
-0.021089893
-0.010385824
0.0068507423
-0.065013498
0.020379296
0.014165233
0.0049747913
-0.0065650926
0.052820046
-0.0070583816
0.00029439191
0.035191167
-0.0015049062
-0.0091563761
-0.012436215
0.016982242
-0.0082998713
0.045122758
-0.039174426
-0.012242417
""
0.055614538
-0.033848252
-0.014282357
0.0053484067
-0.022788018
-0.034706235
0.0085449014
-0.00056492281
0.012167059
""
0.013811294
-0.016635923
""
""
""
-0.01950085
""
0.015658634
-0.025817342
""
""
0.00083624548
-0.020154411
""
""
""
0.023078635
-0.0076559298
0.008739911
-0.007807611
0.033537298
""
""
0.0096599618
""
""
""
""
""
0.01503589
""
0.028687866
0.032560796
-0.00200168
0.032708183
-0.015709432
-0.015638279
""
""
""
0.031448718
""
""
0.035135578
-0.009299377
-0.095004313
0.16245842
0.015374454
-0.02595347
0.033410363
-0.0089581292
0.019043751
0.0023211429
""
""
-0.077211112
-0.016372249
""
""
0.034081586
""
""
""
""
0.005561661
""
-0.054410677
-0.01156532
-0.0013682899
0.04952741
-0.038251013
-0.037770774
""
-0.042568862
0.044119447
0.019344743
0.0029452792
0.010897442
-0.016722005
0.00020354554
0.0068870373
0.011765276
-0.033266988
-0.042834107
0.0021275608
""
""
""
-0.022965388
-0.0070760171
-0.003904752
-0.012647663
-0.023716023
""
""
""
""
""
""
""
""
""
0.038588636
""
-0.010481391
0.013451472
-0.034969736
-0.0013298201
-0.03305212
-0.0010087528
0.0080573801
""
0.028812438
0.078200959
0.27357155
0.093274705
""
0.014552333
-0.0086882049
0.0076548429
0.0207032
0.01392598
0.01191586
0.0055741528
0.029954415
-0.0032939564
""
0.013309554
0.022167688
0.028820699
-0.053202353
0.155772
""
0.037006918
0.016632564
0.0027702483
-0.045979548
""
-0.016364692
0.035658002
0.0039933082
0.012048559
0.0001158069
0.074503563
0.0012058379
0.026596509
-0.0036575415
-0.0061399685
0.014352021
0.0094064409
-0.041718565
0.0096499017
0.0086141592
0.010167965
0.045203846
0.041317713
0.073872842
0.033555582
0.024629898
0.022910105
-0.029813664
0.040343735
0.0092117749
0.020331755
-0.0045136842
-0.016711513
0.013876457
""
0.0063960562
-0.00085975492
0.006059885
-0.0072730952
0.081800416
0.0026882065
0.025532536
-0.0029517892
0.034046691
0.116937
0.038539644
-0.040891487
-0.021142442
0.01303938
0.050867401
-0.032929067
""
""
-0.043401226
-0.051892944
""
0.021807147
-0.03458954
0.023665341
-0.017149236
0.0019693815
""
0.046857368
""
0.025625305
0.20849298
-0.016532587
-0.0084365606
-0.032497659
0.0046562371
0.035760596
-0.011053137
-0.057037704
0.037057623
0.035224609
0.011694008
0.1467742
0.00064228475
0.016062815
0.009202973
0.025130847
0.007925163
0.019997759
0.022381095
0.033962727
0.0626828
0.042348485
-0.002524947
0.048903216
0.019855773
0.034960754
0.097948149
0.059857383
-0.0071633793
0.014937134
0.071542457
""
""
-0.00059778476
0.094378717
-0.020636143
0.088971645
0.01194644
0.011038588
0.068594754
-0.01833454
0.024934463
0.059265215
0.026067628
0.067943327
0.032384526
0.031578168
-0.0078150267
0.10160107
0.019041872
-0.023968076
-0.010726229
0.061158605
0.0016100053
0.032952908
""
0.01348055
0.023600912
0.036606304
-0.01573169
-0.013123568
0.0014739116
0.012066629
0.0018423159
0.033693347
0.029757943
0.0090624979
0.02559074
0.063017681
0.069816925
-0.0041819885
0.017608047
0.02115747
0.019683503
-0.016339339
-0.0090433136
0.028482495
0.03596358
-0.0033548975
0.020509673
0.0027751217
0.0074270666
0.015914747
0.018591598
0.010129443
-0.028820155
-0.0024417008
-0.039829448
-0.010108592
0.027956655
-0.019055748
0.015900433
0.006153862
0.013097423
0.0087431064
0.012167831
-0.0063919001
0.024538901
0.033739313
0.032259326
0.017797293
0.045136984
-0.028815299
-0.0014119764
-0.012142561
0.087425753
0.0060516396
-0.0022205545
0.00085377676
0.033232804
0.0038810773
0.0057876459
0.0076877233
0.0063261311
0.037179124
0.056958295
0.002172085
0.00016941041
0.0055335304
0.015267889
0.027897067
-0.0020223344
0.032050177
0.0065286737
0.013122665
0.018074445
0.034932699
0.039934922
0.0089745745
0.01389615
0.0047595315
-0.0055344724
-0.0091357594
0.013050466
0.017279558
-0.010232734
-0.018036831
0.07444708
""
-0.040815618
0.061403766
-0.019262023
""
-0.012091071
-0.030663583
0.0018453697
0.043190654
0.016770411
-0.01322863
0.005130976
-0.0016888339
0.0062619401
-0.0044747633
0.026688408
""
0.0021529489
0.037393074
-0.002612256
-0.00054412545
""
0.0093091596
""
0.04739977
""
0.0090565728
-0.033564445
0.058124125
-0.0070526861
0.034333345
-0.0070314314
0.013585129
0.037569776
0.043103054
0.02570539
0.027069606
-0.0077827917
-0.017945111
-0.050376553
0.055387437
0.069539241
0.0038516349
-0.022641124
0.0097941263
0.0056819282
-0.040453874
0.016450308
0.04881132
0.0046011293
0.017001122
0.0045223227
0.031435162
0.020447912
-9.9078679e-05
0.046332583
0.0068098316
-0.039978232
0.019811433
0.0094510084
0.04352564
-0.0030174176
0.022813672
0.015984254
0.0084099611
0.053294323
0.039613899
-0.0036557752
0.033742525
0.0010002395
""
-0.032386038
""
""
""
""
""
""
""
""
""
""
""
""
""
""
0.010228061
0.029589184
0.040870804
""
""
""
""
0.02130888
""
-0.036536023
""
0.021682357
0.014886977
""
0.01079543
""
""
""
""
0.061799213
-0.017873917
""
0.031031352
0.037877623
0.019151665
0.19294748
-0.055146601
0.0959218
0.010335511
-0.0035266024
0.026190592
-0.013882121
-0.008513893
0.033492394
0.1322933
0.033150163
0.062969819
0.0041108225
-0.0090343468
0.026838424
0.015182522
0.02155282
0.034072429
-0.053037107
0.10026411
-0.017051956
""
-0.015975872
0.037640635
0.02212861
0.02245751
0.022856344
-0.0405869
""
""
0.0087164557
""
""
""
""
""
""
""
""
0.047874294
""
""
""
0.031493727
-0.030739589
""
""
""
""
""
0.080309674
""
""
""
""
""
""
""
""
""
""
-0.024570337
""
0.01542896
-0.022012047
0.074004315
0.038360912
0.027252929
-0.072783329
0.050411467
-0.00085335632
0.008436623
0.0094645824
0.050432712
0.017030183
0.0063662077
0.0011302934
0.018792698
0.022868708
0.046475288
-0.0049455343
0.0041571897
0.035664152
0.037137412
-0.011187149
0.0073690568
0.019621518
-0.0051228204
-0.054486811
0.028823463
0.026807796
0.012339508
0.0098715322
-0.0011057047
0.010985411
0.024033511
0.039009456
-0.0011715346
0.020620616
0.014065585
0.051711388
-0.020284208
0.0028773167
-0.014367701
0.10666373
0.0098453742
0.042533249
-0.026759071
-0.00060386641
-0.0023134917
-0.0020530659
0.032504681
0.0041420846
-0.0018319031
0.0004908602
-0.015154349
-0.0021627725
-0.018689491
-0.018906701
0.016345313
""
0.052213401
""
0.0061562178
""
""
0.069857575
0.076899141
""
0.016786139
0.16401556
-0.017273221
0.04159851
0.078863196
0.027975785
0.0078592952
0.0089846086
0.0019870556
-0.0037495981
0.0074321465
0.042520192
0.00099368137
-0.0088683935
""
""
0.046657629
-0.0156406
-0.041490845
""
-0.030760406
0.007731088
""
""
-0.027400717
0.086707145
0.046947356
0.0153855
0.0058528166
0.0066314759
0.13469663
0.0097183222
-0.020935751
0.021357926
""
-0.020253154
0.0049800565
-0.0033494579
""
0.02333452
-0.0026948778
0.016422458
-0.012228771
-0.040358491
0.013890911
""
""
0.033287674
""
-0.013436246
""
-0.051266909
""
""
""
-0.070533715
0.052823085
""
0.063002974
""
""
""
""
0.016968008
""
-0.13139269
-0.011382136
0.051186431
""
""
0.017411858
""
""
0.010402517
""
""
""
""
""
""
0.059059922
""
-0.028608721
""
0.010920604
0.10908131
""
""
""
""
""
""
""
""
""
""
""
""
""
""
""
0.098769195
""
""
0.030338822
-0.0015581008
-0.0041833734
""
-0.034092963
-0.10348898
0.038587503
-0.023837255
0.027368935
0.028916854
0.047019236
-0.021625599
-0.0074953078
0.0073583801
-0.017822143
-0.031970389
-0.019907914
-0.092308477
0.044251438
0.32159108
-0.0018976623
0.0093522714
0.027425598
0.0018633921
0.02491542
0.07566008
0.017858252
0.095567375
""
-0.0017333219
-0.021114847
0.0031244701
0.043973804
0.01525683
0.047309797
-0.0055716527
-0.00024195616
-0.0046491688
-0.07779175
0.019323137
0.048345793
-0.011496723
-0.053492352
0.012390574
0.035714313
-0.0028343243
""
-0.041856982
-0.0097883353
-0.0054062363
0.034979589
0.019741848
-0.03434566
0.0083614383
-0.010151148
-0.013409814
0.009076993
-0.018787093
-0.0026580445
0.035496071
0.013670536
0.010018121
-0.04694511
-0.01760783
0.060803331
0.034823112
-0.010154718
0.0010166855
-0.015619519
-0.023691779
0.0067311884
0.036908496
""
0.022385452
-0.011576508
-0.028702123
0.053042762
0.03362884
-0.0082764765
-0.0070371432
0.0062307054
0.013088909
-0.00037875737
0.014598212
0.0098155523
0.11749352
0.0050274511
0.012290662
-0.024861123
0.080017388
0.041910328
0.037795458
""
0.038099248
-0.00064603105
0.019710043
0.026950357
0.066093668
""
-0.076815248
-0.0027070504
""
""
""
0.051189717
0.053158805
-0.080467775
""
0.063610256
0.011569743
-0.022773672
-0.056868199
-0.0037947826
-0.021794891
0.0067976834
-0.035421755
-0.061410226
""
0.0060218852
-0.0400897
0.042354334
-0.077402063
0.047688436
0.025075829
-0.0016878753
0.038435381
0.033500548
-0.026500717
-0.069345556
0.020909956
0.037428148
-0.047864929
-0.1622044
0.010802266
0.10914743
0.0074434187
-0.02167459
""
-0.072721973
""
""
0.066922314
0.030312097
0.010394731
-0.02271682
0.014106336
0.029552262
0.043386545
""
""
""
0.021711659
0.047648799
0.038837969
0.022953013
0.04074182
-0.01266796
0.0053755729
0.0032948067
-0.0045744623
0.046511929
0.12270017
0.037109341
0.037341032
0.071874887
-0.015974704
0.0021731602
0.05644932
0.044737015
0.049450669
0.011939493
0.025233243
-0.0038319423
-0.08364626
0.021809613
-0.021077486
0.035400093
0.050644737
""
""
-0.011223709
0.054474991
0.0044363933
0.050584387
0.12984039
0.015479046
0.028495936
-0.0046597607
-0.01243378
0.097570047
0.03591476
0.0034148672
0.01541015
-0.00016716665
-0.014165204
""
""
""
-0.0087460931
-0.035227224
0.066373512
-0.0051571447
0.00032675784
0.03005429
0.0068819881
0.03334007
0.020357227
0.0045450693
-0.027681284
0.049239799
0.01751372
0.02310814
0.019012412
0.00034880516
0.00024675822
-0.009797751
0.016437409
0.061378319
-0.017431116
-0.0023476267
-0.019998325
0.027832758
0.027968492
0.021381989
0.0044421959
0.024986012
0.018685456
0.090669759
-0.010036588
0.034603722
0.032383326
0.040814411
0.039114892
0.0021210702
-0.0094060637
0.0055347215
0.016898146
-0.011075734
-0.00027059746
0.044174261
0.003415586
-0.079099774
0.054154444
-0.088825032
-0.028129727
0.06717667
0.12259426
0.0079516089
0.0098902946
0.014396477
0.0099099036
0.0024782408
0.040877946
0.010044506
0.033943437
0.032004405
-0.016824838
0.0030524463
-0.0036101241
0.012775952
0.026030889
0.0091024106
-0.0042816005
0.010808391
-0.004996933
0.049589898
0.0059084198
-0.0030462767
0.012749505
0.014438329
0.13465519
0.0149622
0.010268221
-0.00034364744
-0.035886038
0.010855562
-0.0023811134
0.01897129
0.0028079515
0.048818562
0.023622978
0.022795841
0.11064081
0.080696948
0.067762569
-0.040379882
0.048898023
-0.0019623458
-0.0080572683
-0.15073591
0.020950437
-0.032056868
0.055262081
-0.035715766
0.24062666
0.17237978
0.048933379
0.085888296
-0.00090865663
0.0092279632
-0.16592652
-0.0061196801
-0.0036901212
-0.027020546
0.0085500535
0.0011039916
0.006315202
0.11230533
-0.0080187358
-0.021995649
""
0.014290331
0.05886614
-0.0087321736
""
""
0.01090612
0.024565794
0.0021064966
-0.055013634
-0.001645477
-0.023452258
0.0047251582
0.018137105
""
""
""
""
""
-0.023441089
0.013558229
0.014284327
0.0098759979
-0.0071233427
0.019527575
-0.00067993026
0.01249176
-0.0053016436
0.046676166
0.076147519
0.0002881785
0.010389687
-0.018396525
0.010175334
0.03709254
-0.044892158
-0.0033253457
0.030028312
-0.016367197
0.06902492
0.023362283
0.017345702
-0.0047627701
0.04043512
-0.018041115
0.055998255
0.046966527
0.0050517581
-0.029465951
0.050052021
-0.022039393
0.0076885284
-0.035298716
-0.021211624
0.014389762
-0.0010957996
0.033252481
-0.020577094
0.019471146
-0.017550364
-0.037283327
0.025195993
0.0081563294
0.0027748921
-0.0057689701
-0.0035277843
-0.0090722358
0.016671723
-0.0035696977
0.11964263
-0.0390255
-0.043891065
-0.031705264
0.0092070261
0.00068277953
0.016142787
-0.0089098001
-0.01388066
-0.031417262
0.0080024563
-0.050399542
0.0063382271
0.02097257
-0.010103649
0.033961281
0.0046457904
-0.047073886
-0.046340361
0.067333996
0.052605756
""
0.010506124
-0.034745932
0.10039961
-0.056597453
-0.019650288
-0.012134601
-0.024277011
-0.013840628
""
-0.013956762
""
0.042619225
0.042319246
""
-0.027531045
""
""
0.10149464
0.0066350889
0.00066247932
0.026240971
0.0080988798
0.03911056
0.0061922288
0.045953266
0.010525517
0.02284638
""
""
0.10703114
0.0054657874
0.0083385659
-0.0078816479
0.06697683
0.019328183
0.02434051
0.013642421
""
0.015861141
0.0036496171
-0.011770235
0.031676542
0.0088635841
-0.036871776
0.015065268
0.0093432348
0.16211708
0.0058862171
-0.05287293
-0.0066106436
0.013701336
0.059711456
""
0.012618089
-0.016209481
0.28921393
0.017835885
0.0073528434
0.0081045367
0.0074350261
-0.0052173128
0.022053789
0.03218006
-0.0070638531
-0.013728902
0.009314144
0.024904169
0.033679694
0.0072418712
0.0058744159
-0.0051974249
0.0070210556
-0.019962957
0.028100157
0.014322517
0.014485458
0.020053251
0.024678139
0.048946716
0.017652329
0.071718983
-0.015998337
0.040596735
0.019820485
0.034064207
0.0089079868
0.033777419
-0.041535329
0.010582897
-0.0056452914
0.003686528
0.035438675
-0.0046564708
0.013825764
0.023856157
-0.0070046559
-0.0045922589
0.041167282
0.19313961
-0.039328594
0.022190265
0.028026745
-0.016061954
0.062972531
-0.023915077
-0.0065053809
0.037439127
-0.010663315
-0.02350498
0.072858073
0.01432243
0.012338549
0.070335969
-0.059755575
0.0092118559
""
-0.00031536521
-0.034050215
-0.0016493978
-0.023510952
""
""
-0.012459298
""
-0.043041781
0.0025122901
0.025955237
""
-0.01504383
""
0.073844433
-0.0028215232
-0.034096584
0.056998629
0.011804001
0.46213323
0.0072414046
-0.0064173061
""
0.1206018
""
""
""
""
""
0.013799121
0.049338829
""
0.013450081
""
""
""
-0.016614333
""
0.01166507
0.032810636
-0.041999351
""
-0.014917593
-0.015273727
0.021520071
0.021981027
0.0013837975
-0.031561971
0.013245103
0.030893229
0.0059208008
0.0022089798
0.0041764765
-0.015209182
-0.0039600781
-0.028459091
0.085341126
-0.031072276
-0.027822252
-0.031616807
0.034026608
-0.0095334286
-0.032138363
0.018149955
-0.01348956
0.037799276
0.018300408
0.061822377
0.013035353
0.0091845337
-0.0048339055
-0.0059705838
0.046845227
-0.0092429752
0.023924487
0.059834249
0.10335974
0.039797738
0.019673722
0.011012455
-0.0057061263
""
""
""
""
-0.011972252
""
""
""
""
0.056908268
""
-0.040521476
""
-0.075524718
""
""
""
-0.0049673696
-0.00922105
-0.0071930382
0.0016661615
-0.00068655418
0.0020253996
-0.012898261
0.038886979
-0.040970612
0.014396108
-0.012640982
-0.035109904
0.032829132
-0.028171975
0.013761729
0.0046737534
-0.0016760053
0.020697262
0.24480964
-0.0061243405
0.018952839
-0.13057768
-0.027640829
-0.0088068005
0.0068487083
-0.0041891499
-0.0053623659
-0.029784221
""
-0.04179199
-0.0027698299
0.30300385
0.082445078
""
-0.066922575
-0.047028657
0.15182549
0.041899763
""
""
0.055741139
0.021777887
0.094345614
0.10213106
0.036545202
0.041432474
0.017106039
-0.0041668736
-0.0078492295
-0.01371219
0.011737965
""
0.033053156
""
0.11706017
""
""
""
-0.0072748964
""
0.023270709
0.038245831
0.088710956
""
-0.033756476
0.03932137
""
0.16934906
0.058786809
0.034534141
0.065864734
-0.0057631307
-0.012222636
0.039991032
-0.031887341
0.022061255
0.015293568
0.011979374
0.027511572
0.049639177
-0.048047386
0.0069659231
0.16227639
0.14016911
-0.055188283
0.058174994
0.054899264
0.04119993
0.029229144
0.044876184
0.028798355
0.13967821
0.063577846
-0.027055059
0.10059648
-0.019130504
0.060099646
-0.081781827
-0.026797462
0.025556214
0.059937127
""
0.028867725
0.008343596
0.062265206
-0.034950085
""
0.054827616
-0.028738873
""
0.0020457541
-0.0048823319
-0.0080870111
-0.0034231362
0.008863613
0.030554105
0.064988844
0.14542544
-0.0096348785
0.015444557
-0.074268922
""
-0.026156783
0.014703167
""
""
0.17544879
0.023735572
0.03429671
""
""
0.086207084
0.14289384
-0.01940191
0.04024756
""
""
-0.040926728
""
""
""
""
""
0.023368465
""
""
0.060881231
""
0.091565907
""
""
""
""
""
""
0.034786586
""
""
""
-0.098725319
""
""
""
-0.026175668
""
-0.021533122
-0.053324677
-0.010791044
-0.042188022
""
""
0.058733206
""
0.024489343
-0.040922247
""
""
""
""
0.018562132
""
""
""
""
""
""
""
""
""
""
""
-0.013775761
0.069340311
-0.16092214
0.07929042
-0.021936657
-0.021511542
-0.02351105
-0.084997855
0.06783133
-0.0081453305
""
""
""
0.0078427829
0.023383889
0.011622938
-0.0046567181
0.035751019
""
0.00024725849
-0.057389636
0.015399187
0.023512051
0.038265418
0.011796268
-0.025286593
-0.012156374
0.085034311
""
0.0830414
""
-0.015384601
0.061777566
""
0.0062337257
0.054802779
-0.031149609
0.0039386414
0.063573442
0.013731922
0.043620989
0.036831774
-0.0056925928
""
-0.031729046
0.09287174
0.038472041
0.016747264
-0.0086163916
0.034616429
""
0.053698834
""
-0.0040226132
-0.057123795
0.089875549
-0.0018460618
-0.10525031
0.030658817
0.030829694
-0.0032899142
""
""
""
""
""
""
-0.017296175
-0.02916358
""
0.025337888
""
""
0.0015261878
0.076863885
0.13273424
""
""
""
""
""
""
""
""
""
""
-0.0086874897
""
""
""
""
""
""
-0.017711733
""
0.049900848
""
""
0.006769971
""
""
-0.039254613
""
""
""
""
""
""
""
""
""
""
""
""
-0.00030142843
""
""
""
""
""
""
""
0.020550506
""
-0.047437504
-0.013109704
0.082191676
-0.0017611884
0.0012271366
0.092166089
-0.0062559131
""
""
""
-0.0076371068
0.040886655
-0.0034743198
-0.0048049735
""
""
-0.032214649
0.10453194
0.051620655
-0.0086778589
0.10356634
0.085677907
0.034406509
0.11825179
0.019146014
0.055231649
0.10537598
""
""
""
""
""
0.012721607
""
0.042591743
0.021967493
""
""
""
0.042618658
""
""
-0.011902017
""
""
0.035678983
""
0.0065495279
""
""
""
""
""
""
""
0.043674219
0.04261836
""
""
""
""
""
""
""
-0.030246792
0.045001253
""
-0.026509054
0.031152826
""
""
0.043222509
""
-0.048444204
""
-0.016698636
-0.013898604
0.053988744
0.0034960746
0.064631805
-0.042363495
-0.024925739
0.062931634
0.028979309
0.019649606
0.20696908
0.028395738
-0.05333275
0.0037501885
7.9740101e-05
-0.13590406
0.039041538
0.06930843
0.096821971
0.044019423
0.17910336
-0.067773111
0.012455683
0.010257415
0.026935138
0.0013657537
0.05885857
0.018848604
0.070807658
-0.063454002
""
""
0.010980246
-0.089195058
""
""
-0.046078749
-0.10979106
""
0.072294243
""
""
""
""
0.065955266
""
0.028826924
0.01194048
""
""
-0.0087500187
""
""
-0.084967121
""
0.063383572
""
""
""
""
""
""
-0.0023596277
0.060655661
0.13148169
0.09793327
""
""
-0.070598781
-0.025488036
""
""
""
0.0010524649
""
""
""
0.099690758
0.12642635
-0.03195022
0.03511006
""
""
0.0065788981
""
0.046219107
""
""
-0.047952149
0.092631094
0.13221148
0.1834688
""
0.049839191
-0.027426487
0.029155431
0.13491291
0.025859445
0.056216143
0.10619358
0.030493164
0.1511945
-0.048886336
0.023306271
""
""
""
""
""
-0.028310943
""
""
-0.027399566
-0.10639619
0.023856428
""
""
0.0025630419
-0.03724549
-0.0097832223
""
0.085902356
-0.086824223
""
0.03991168
0.05683108
0.050724346
-0.025747733
0.076371796
0.16060911
-0.011339443
""
-0.028314928
0.02357918
0.04071201
0.0091012241
""
""
0.032737494
""
0.09658169
""
-0.037298828
-0.0016315217
""
""
""
""
""
""
""
""
0.024326326
""
""
""
""
""
""
""
""
""
""
""
""
""
""
-0.042597685
""
""
""
""
-0.0076746629
""
""
""
""
""
""
""
""
""
""
""
""
""
""
""
""
0.034179755
""
""
""
""
""
""
""
""
""
""
""
""
""
-0.06204902
""
""
""
-0.022516597
""
""
""
-0.00041189825
""
""
""
""
""
""
""
""
""
""
""
""
""
""
""
""
""
""
0.024846643
0.01189149
-0.040719274
-0.023840189
-0.069710016
-0.10720962
""
""
-0.027034393
-0.019113766
0.0089846617
""
""
""
0.047607694
""
-0.046808317
0.0072083403
-0.075914368
""
-0.052416816
0.022989236
-0.020708002
-0.0030607772
0.061805826
0.0052612307
-0.063186534
0.23112465
-0.093654186
""
""
-0.023712406
0.074608594
0.019013017
0.099512331
""
0.044245675
-0.026935317
""
-0.022146186
-0.020596562
""
""
0.060216263
0.00015000101
-0.018985858
0.044760551
""
0.071321048
0.018822582
""
0.021842325
-0.040078923
0.017758368
""
0.040008299
0.013188479
-0.032295614
0.0029319164
0.015040676
""
""
""
0.021057772
0.090542853
-0.011922047
-0.01379529
-0.0077174185
-0.0042357412
0.16768751
-0.021436827
-0.089894779
0.025847422
-0.044074174
0.068655856
""
-0.0042236336
0.089371972
""
0.012881364
-0.00056371815
0.065603584
0.097160235
0.052399632
-0.01823247
""
""
0.098675966
""
0.024191784
0.12849727
0.019527242
0.0096009839
0.11912696
0.073073342
-0.071291417
0.025021348
0.003874124
0.051441066
-0.014143506
""
0.0042471937
-0.014802197
-0.014133008
0.19473484
0.028565867
0.055496398
0.023964701
0.06249734
0.22957093
""
0.0082049817
0.022955967
0.017964669
0.10715371
0.054602176
0.030833997
""
-0.0021667578
""
0.00093528657
0.14337459
-0.0028510129
-0.001807983
0.068374142
""
-0.00098812243
""
""
-0.010619594
-0.030992026
-0.014083465
-0.0023696278
""
0.14106046
-0.081709094
""
""
""
""
""
0.13009924
""
""
""
0.055720571
-0.029844746
0.033447772
-0.095266134
0.029529577
0.085839823
-0.02941753
""
""
""
""
""
""
""
""
""
-0.0048436061
""
""
""
""
""
-0.068855166
0.01167329
-0.066453911
-0.006546454
-0.0065362691
""
-0.026928265
""
0.037056159
-0.012398568
0.069330864
""
0.062400278
""
""
""
0.042202484
""
""
""
""
""
""
""
""
""
-0.057313908
""
""
""
0.05750189
""
0.016445179
0.082487762
0.0076146577
""
-0.047546141
0.048272826
0.023224503
-0.021632906
-0.080821663
0.036876328
""
0.10704056
0.025486052
0.10435825
0.014523139
0.23464243
-0.023074761
-0.024733776
0.013264244
""
-0.048715673
0.0010508682
-0.005601374
-0.014141053
""
-0.0089019407
-0.10079315
0.032373078
-0.0066346424
-0.01766357
0.072274603
-0.0021967501
0.15121815
-0.056087639
-0.032173384
-0.012183801
-0.026276704
-0.037889387
-0.013124722
0.080265582
0.063133158
0.020669978
0.049714372
""
""
0.0519851
""
""
-0.061640441
""
""
0.0029333727
0.027413111
0.023887925
0.030931599
""
0.068631008
0.070225954
0.040056318
-0.018375549
""
-0.0092111249
0.11937897
""
-0.0099165272
""
""
""
""
""
""
""
""
""
""
-0.05026684
-0.0048034927
-0.086667575
0.020727806
0.014149517
-0.055026948
-0.021028064
0.01875205
0.0039574555
""
""
""
""
0.014882943
""
""
0.031069448
""
""
""
""
-0.15161914
0.030705426
""
0.074364193
0.023700234
""
""
""
-0.055800606
""
""
-0.040298276
""
-0.01107999
0.039982259
0.1326627
""
-0.11099993
""
-0.017164648
-0.005446421
""
0.081249408
""
""
0.095396861
-0.0069871717
0.070588112
0.032133173
-0.040703375
""
""
-0.0091421725
""
""
""
""
-0.010545659
""
0.067918673
""
0.064025611
""
0.057496808
""
0.019349914
0.13939303
0.059453879
-0.029446946
-0.020739315
""
0.0083687296
""
""
""
0.13702862
-0.053845182
0.04663964
""
""
0.49250814
""
0.032954153
""
""
""
""
0.12027085
4.4004555e-05
0.008727001
""
0.001995482
-0.0010635087
""
0.019589392
""
-0.085854821
-0.041276939
0.053428106
""
0.20251681
0.035754528
0.012544992
""
0.00056580035
""
""
""
""
0.043273188
""
0.062938981
-0.0048887315
""
""
""
0.077673301
-0.016183032
-0.051711325
0.0093623633
0.037579264
""
""
""
""
""
-0.038201816
-0.092407852
-0.026072331
""
-0.011137991
0.16513513
-0.091445215
""
-0.045382246
0.13814601
0.020587059
0.050178822
-0.041377738
0.099055894
-0.072831504
0.0012420819
0.071874991
""
0.073247254
""
""
""
""
0.019756459
0.016840464
""
""
-0.14262295
0.1049745
0.058985032
-0.015200745
""
""
""
0.052278154
-0.0076330476
-0.012381354
""
""
""
""
""
0.023696385
0.12133583
0.055742517
""
-0.24772361
0.084069066
-0.0031862266
-0.026743701
""
""
0.1571926
0.023940273
""
""
""
0.0029651981
0.018789109
-0.0021262977
0.053553816
-0.0044060759
0.014270662
""
0.0052718846
-0.0021335606
-0.034268644
""
-0.032871652
0.073946141
""
-0.073191725
""
""
""
""
-0.034748282
""
""
""
""
""
""
0.05413194
-0.046806939
""
-0.027232056
-0.068836212
0.088688858
""
-0.0055850362
-0.057457633
-0.049518608
0.058299594
-0.0068200743
0.0070423419
-0.024709497
-0.040693086
-0.030563466
-0.055622414
0.060703512
-0.029762648
0.091648288
-0.00088748947
-0.014667301
-0.0023772274
0.051115658
-0.085516624
-0.020899305
-0.0043163444
0.011294243
0.056843702
0.047344077
-0.0031285384
0.023872692
-0.028646549
""
0.30476707
0.016172366
-0.0073957136
-0.053023864
0.045851752
0.012183719
""
""
0.065016955
0.12212073
0.10420848
-0.060070064
-0.007407337
-0.088316932
0.15211868
0.0068597044
0.14931938
0.033049598
0.022037286
0.00068681402
-0.015553459
-0.035294864
-0.066738687
""
0.097739123
-0.015741212
0.0032555165
0.015337844
""
""
""
""
""
""
""
""
""
0.0013208631
""
""
""
""
""
""
""
""
""
""
""
""
""
""
""
""
""
""
0.22901338
0.0034526649
-0.045554277
0.058466103
-0.0018585937
-0.02703898
0.081933312
-0.16232154
-0.033055265
0.094050787
""
-0.0032324723
0.073590934
-0.040354304
0.041270062
-0.049342126
0.13748844
0.039050724
0.0091395816
-0.0011483812
-0.048077919
0.047806762
0.12520647
""
0.099029668
""
""
0.000935897
""
""
""
0.047120642
""
""
""
0.068981394
-0.089035615
-0.041375041
-0.014325276
-0.028306454
0.059674364
0.10445651
0.013076052
-0.024461366
0.10732277
-0.010431129
""
""
0.10436019
""
""
0.1775305
""
""
""
""
""
-0.0030489056
""
""
""
""
""
0.20216794
0.11174139
-0.031838328
""
""
-0.047895961
0.031896897
""
""
""
""
0.29547784
""
-0.026861362
""
""
0.070511572
""
""
""
""
""
""
0.043486316
""
""
""
""
""
""
""
""
0.10671969
""
""
""
""
""
""
""
""
""
-0.0062475135
""
0.23035641
0.10087744
0.0038879891
0.00068189076
0.055803109
-0.088460572
-0.0035567428
0.0055097383
-0.018722767
0.077155955
-0.015248867
-0.0073805288
""
""
""
""
""
""
""
""
""
""
""
""
-0.0053844806
""
""
""
""
-0.014068955
0.0028722296
0.01680064
""
""
""
0.0027052402
0.014581735
0.015534792
0.010065231
-0.014915777
""
0.0297438
0.027555827
""
""
""
""
""
""
""
""
""
""
""
""
""
""
""
""
""
""
""
""
""
""
""
""
""
""
""
""
""
""
0.026531044
0.04413994
""
""
0.42261416
-0.096003167
-0.061649244
-0.089531794
-0.028971631
0.053039826
-0.0069388831
0.010310947
0.092779741
0.096713491
0.031824902
0.0091855582
-0.017694423
-0.0065856338
-0.013822827
-0.0073867175
0.00056659657
0.066793114
0.020201212
0.009203203
-0.0037613255
0.059918676
-0.048630461
0.089807749
0.026828704
-0.0041820337
0.022302851
0.022576291
0.16750404
0.015613873
0.095330998
0.019827381
-0.030855412
0.037134409
0.095652655
-0.031362239
""
""
""
""
""
""
""
""
""
""
""
""
-0.0093031283
""
""
""
""
""
-0.011756712
""
""
""
0.058998886
""
-0.047913413
""
""
""
""
""
""
""
""
""
""
""
0.064133391
0.024348099
0.057884987
0.018225806
0.093533322
0.038364086
-0.0024184964
-0.038829431
-0.0049867434
""
""
""
-0.028474832
""
""
""
""
""
""
""
""
""
""
""
""
""
""
""
""
""
""
""
""
-0.0081799412
""
""
""
""
""
""
0.032227516
""
""
0.093459375
0.0094629163
""
""
""
0.046553113
""
-0.092229925
""
""
0.14868875
0.044580404
0.15446837
0.051132452
-0.033634607
0.0060024457
-0.12330454
0.023111541
0.085491374
-0.053409688
-0.023509437
0.037907165
0.021963395
0.02121702
0.097683519
0.0047820848
0.1683957
""
""
""
-0.075745247
""
0.069762371
""
""
""
""
""
""
""
""
""
""
""
""
""
""
""
""
""
""
""
""
""
""
""
""
""
""
""
""
""
""
""
""
""
""
""
""
""
""
-0.043183103
""
""
""
""
""
-0.018010961
""
""
""
""
""
""
""
""
""
""
0.036544021
""
""
""
""
""
""
""
""
""
""
""
""
""
""
""
""
0.030170001
""
""
0.064650275
""
""
""
""
""
""
""
""
""
""
0.027881965
""
-0.097341388
""
""
""
-0.010443321
-0.016791305
-0.080788888
""
0.0062882598
""
""
""
""
""
""
-0.0057727974
-0.033895358
0.17742707
0.0071564741
""
""
0.043347605
0.40541172
0.13251926
-0.36544275
0.33771631
0.056952972
0.11372701
""
0.056229006
0.0090916092
0.067004688
0.04885656
-0.032343391
0.080199338
-0.034250632
0.021682484
-0.0075021577
0.1669541
""
""
-0.038923599
-0.014313759
""
-0.13696399
0.036990996
0.20332345
-0.0033829336
0.1078189
0.018395826
-0.012443868
0.053547822
0.11902191
0.065982409
0.025995778
0.0034658548
-0.04626951
-0.025430465
0.046076871
""
""
0.0036275256
-0.052924011
""
""
""
""
""
""
0.14913616
0.026585996
0.064329274
0.0049307006
""
""
""
0.025085595
""
""
""
""
0.054953519
""
""
""
""
""
""
0.27515382
0.047414314
""
0.028717065
0.0046794494
""
""
""
""
""
""
""
""
""
""
""
""
""
""
""
""
""
""
""
""
""
""
""
""
""
""
""
""
""
""
""
""
""
""
""
""
""
""
""
""
""
""
""
""
""
""
""
""
""
""
""
""
""
-0.083183184
""
-0.011853564
""
""
""
""
""
""
""
""
""
""
""
""
""
""
""
""
""
""
""
""
""
""
""
""
""
""
""
""
""
""
""
0.0012345669
0.018567877
""
0.029619612
-0.0044657686
""
""
""
-0.054753661
""
""
0.055807155
0.017118782
0.034651138
-0.068498112
-0.089321367
-0.17389311
-0.0028412831
""
""
-0.061496675
-0.05798509
""
""
""
""
""
""
""
""
0.05441111
0.19933389
0.00091965549
0.040680844
-0.040303148
0.068329431
-0.0066484339
0.033334311
""
""
""
0.034004916
""
""
""
""
""
""
""
""
0.073818453
0.096016236
0.13263266
""
""
""
""
0.094614469
""
""
""
""
""
""
""
""
-0.050119851
""
""
""
0.03013056
""
""
""
""
""
-0.00091240992
""
""
""
""
""
0.033411156
0.08856298
0.053185906
0.039029934
0.037730087
0.048298184
0.060119636
0.022400966
0.17913097
0.10071109
-0.081907295
0.054569166
-0.11339133
-0.0015675671
0.08697772
-0.023608444
""
""
""
0.040105853
0.023659958
""
""
""
""
""
""
0.12136438
""
""
""
""
""
""
""
""
""
""
""
""
""
""
""
""
""
""
""
""
""
""
""
""
""
""
""
""
""
""
""
0.045663267
0.04855464
0.013043593
""
-0.055482436
""
""
""
""
""
""
""
""
""
0.14105292
-0.0029979299
-0.024607569
0.13181083
-0.018291883
-0.044152912
""
-0.015476219
-0.040530503
-0.014938959
0.0061842818
0.043870214
0.29800722
""
""
0.27762508
-0.034062754
""
""
0.026650729
0.083769456
""
0.17345837
""
-0.016006576
""
0.11621293
-0.00035401274
""
""
""
""
""
-0.033324771
""
""
""
0.01198392
0.012029052
0.33405164
""
0.02022388
-0.012029854
""
""
""
""
""
""
""
""
""
""
0.057932392
""
""
-0.072275251
0.075223468
0.047631323
""
""
""
""
""
""
0.17753722
""
""
""
""
""
""
""
""
""
""
""
""
""
""
""
""
""
""
""
""
""
""
""
""
""
-0.01312837
0.069789089
-0.016897714
""
""
""
""
""
""
""
""
""
""
0.014173663
""
""
""
""
""
""
""
""
""
""
""
""
""
""
""
""
""
""
""
""
""
""
0.023809016
0.025651598
-0.053370975
0.035313819
-0.023917796
""
""
""
""
""
""
""
""
""
""
""
""
""
""
""
""
""
""
""
""
""
""
""
""
""
""
""
""
-0.029983537
-0.0066073281
""
""
""
""
""
""
""
""
""
""
""
""
-0.10857237
""
""
""
""
""
""
""
""
""
""
""
""
""
""
""
""
""
""
""
""
""
""
""
""
-0.027650693
0.031768713
-0.013210353
-0.10111732
0.04077331
""
""
""
""
""
""
""
""
""
""
""
""
""
""
""
""
""
""
""
""
""
""
""
""
""
""
""
""
0.014359868
""
0.0023152567
""
-0.0017163514
0.018210037
""
""
0.004925882
""
""
""
""
""
""
-0.00027434394
""
""
""
-0.080659106
""
""
""
""
""
""
""
-0.0089027258
""
""
""
""
0.041761231
""
""
""
""
""
""
""
""
""
0.043069862
0.05361893
""
""
""
""
-0.060815413
""
""
-0.0025639334
""
""
0.075556852
""
0.047776453
0.22999629
""
0.084401943
""
""
""
""
""
""
""
""
""
-0.032763209
0.019357435
""
""
""
""
""
""
""
""
""
""
""
""
""
""
""
""
""
""
""
""
""
""
""
""
""
""
""
""
""
""
""
""
""
""
""
""
""
""
""
""
""
""
""
""
""
""
""
""
""
""
""
""
""
""
""
""
""
""
""
""
""
""
""
""
""
""
""
""
""
""
""
""
""
""
""
""
""
""
""
""
""
""
""
""
""
""
""
""
-0.027021183
-0.023196146
-0.021203833
""
-0.0057019768
0.010058939
0.029317848
-0.0046399902
0.0040950202
""
""
""
-0.02569765
-0.0070629749
0.077083468
""
-0.010080487
-0.0028129327
-0.0030791983
0.063132606
0.015452631
0.024378244
0.019649662
0.018889878
""
""
""
-0.013895428
0.054952674
0.044451699
-0.13209563
-0.00035404341
""
0.0013037187
""
""
""
0.12512186
0.033214469
""
""
""
""
""
""
-0.074289948
""
0.0059983497
0.0097227674
0.022823622
""
""
""
""
""
""
""
""
""
""
""
""
""
""
""
""
""
""
""
""
""
""
""
""
""
""
""
""
""
""
""
""
""
""
""
""
""
""
""
""
""
""
""
""
""
""
""
""
""
""
""
""
""
""
""
""
""
""
""
""
""
""
""
""
""
""
""
""
""
""
""
""
""
""
""
""
""
""
""
""
""
""
""
""
""
""
""
""
""
""
""
""
""
""
""
""
""
""
""
""
""
""
""
""
""
""
""
""
""
""
""
""
""
""
""
""
""
0.043874454
""
0.042414743
-0.02711142
""
""
""
""
""
""
""
""
""
-0.032437645
-0.062828764
""
""
""
-0.0021142489
""
""
""
""
""
""
""
""
""
""
""
""
""
-0.019052226
0.0015097989
""
""
""
""
""
""
""
""
""
""
""
""
""
""
""
""
""
""
""
-0.0070119812
""
""
0.03891984
""
0.1487218
""
""
""
""
""
""
""
""
""
""
""
""
""
""
""
""
""
-0.11856361
""
""
""
""
""
""
""
""
""
""
""
""
""
""
""
""
""
""
""
""
-0.052886043
0.049193624
""
-0.021674382
""
""
""
""
0.11523513
""
-0.066927448
""
""
""
0.045951217
""
0.07765422
""
0.30011743
""
""
""
0.24076752
""
""
""
0.025220277
""
""
""
0.058703475
0.10622856
""
0.0063909097
0.11869279
-0.011613428
""
""
0.076028831
0.02277316
""
0.0025713982
-0.0061856154
""
""
""
""
""
""
""
""
0.024655962
-0.042788275
""
""
-0.067101963
-0.037112318
0.034401458
""
""
""
""
""
""
""
""
0.013139113
""
""
""
""
""
0.020048497
-0.018315863
""
""
""
""
""
""
""
""
""
""
""
""
""
""
""
""
""
""
""
""
0.069325022
""
-0.0060961805
-0.068237893
-0.021720974
-0.06995324
-0.0067235902
0.023867944
0.01822021
-0.0034671463
0.032864694
""
""
""
""
""
""
""
-0.0066142497
-0.056239683
-0.069685444
""
0.016929051
""
""
-0.024447558
""
0.033868015
0.087851353
0.0097365528
""
-0.045043465
0.00041812897
0.01591016
-0.010947775
0.015372808
0.046666563
-0.011274936
-0.014665688
0.016655834
0.092736088
-0.038813561
0.038199648
-0.037949588
-0.009946174
-0.043722417
""
""
""
-0.0098526534
-0.0020284823
0.010066548
-0.0073636961
0.014583649
0.13091715
0.024763081
0.072896056
0.038195856
""
""
0.0084135253
0.012295696
-0.032933705
-0.0063881786
0.0068696621
-0.0078373989
0.017878963
-0.01294621
0.0029302863
0.033751294
-0.00021680718
0.0068483092
0.0092659937
-0.026652129
-0.0022903027
0.027306501
0.026353072
-0.0087416368
0.010279876
0.010422993
0.0094681745
-0.0037078285
-0.00088905054
-0.039256722
0.0041251518
0.031841807
-0.019103002
0.0027881807
-0.017686645
0.057614174
0.051036622
""
-0.0044780844
""
0.0066413139
0.044020157
0.15990962
""
0.010227562
-0.012992913
9.6342177e-05
0.0021032598
-0.02269616
-0.011276524
""
0.029103391
-0.034661941
""
0.022100031
-0.0085313115
""
-0.019222381
""
0.016966499
""
""
""
""
""
""
""
""
0.049232982
""
0.059140049
""
""
""
""
""
""
""
""
""
-0.0083205486
0.019345889
""
""
""
""
""
""
""
""
""
-0.063725807
""
""
""
""
""
""
""
""
""
""
""
0.01767415
0.13971072
-0.038191743
""
0.03639609
0.0031805036
0.035664715
-0.036725588
-0.024115352
0.044750489
""
""
-0.0087385103
""
-0.011228367
""
-0.031565838
""
0.014821362
-0.055241391
""
""
""
0.0017190406
0.024032759
0.016864982
0.014507609
0.042559013
0.10567773
0.01089613
""
-0.0012162859
-0.061385471
""
0.019572448
0.031686995
""
0.011980805
-0.0149893
0.055785302
-0.01434165
-0.010661848
0.02563558
0.019193809
-0.0067236898
0.053871498
-0.0099464739
0.0094220825
-0.023334431
""
-0.0062099868
-0.028471451
-0.021438854
-0.0065391702
-0.059147816
0.018757472
0.020070031
0.0033061304
0.0082015013
-0.059177332
-0.038651571
0.01130643
-0.038050409
-0.022272509
""
-0.11952037
""
""
""
""
-0.085598305
0.072253391
-0.021160938
-0.0016461057
-0.0021459504
0.031649679
0.03257224
-0.04369776
0.0095508099
0.05679952
-0.031408127
0.031963374
0.075896703
-0.033891317
0.0014718033
0.02588213
-0.0087823914
0.014028795
-0.0021786217
-0.0075107161
""
0.012599014
0.0084940651
0.057276901
-0.028595556
0.038163286
0.057364676
-0.048004296
0.019318394
0.030690333
0.012250486
0.035110883
0.0088999709
-0.0020446589
-0.014175986
0.026148116
-0.0094449483
-0.0068570785
0.049614929
0.013230127
0.0074400171
0.0097198403
0.0026355318
-0.0028171749
0.012940126
0.037331581
0.031157024
0.0035633794
-0.0088618565
0.0095416354
0.022559177
0.070560537
-0.058017503
-0.030388184
0.0042170756
""
""
0.0052482812
0.10901113
-0.014365507
-0.020634821
""
0.026554441
""
-0.081879564
""
-0.035559699
0.012907839
0.034659594
0.027788002
0.025857687
""
-0.014094307
0.0042910217
-0.01076102
0.00016225172
-0.010362105
0.0010586843
0.031253565
-0.0032951611
-0.018080702
0.0017820729
0.020655625
-0.01638223
0.065130189
0.015017145
-0.014837585
0.026170008
-0.016172975
-0.00026370841
-0.02066784
-0.040017594
-0.002030412
-0.013625351
0.022680355
-0.044112787
0.032473095
""
0.165832
-0.019713646
0.062876083
-0.067498259
""
-0.024310717
0.018239783
-0.043186154
0.022630133
0.0402904
0.032416791
0.0092454394
-0.02083437
0.022335654
-0.0097582676
0.016635384
0.003383369
-0.001178294
0.0095239608
0.0046176892
0.050862424
0.013886144
0.011710295
0.011048411
0.0074639064
0.01307027
0.014844465
0.010707253
0.0084831836
0.0097037395
0.050780322
0.0095990086
0.0014755864
0.03996323
""
-0.046870675
0.038497902
0.021036677
0.046448775
0.015857061
-0.0025462185
-0.032325439
0.041111022
-0.0046389056
0.012160002
0.054156199
0.012955023
0.015032656
0.056061555
0.01136646
""
""
""
""
""
""
""
""
""
""
""
""
""
""
""
""
""
-0.0067718062
-0.038608775
0.0026731051
0.0080183437
""
""
0.058499727
""
""
""
""
""
-0.030245405
""
""
""
""
""
""
""
""
""
""
""
""
""
""
""
""
0.10247461
""
""
""
""
""
""
""
""
""
""
""
""
""
""
""
""
""
""
""
""
""
""
0.03106783
""
""
""
-0.047482204
-0.012395654
0.03447089
0.023067866
0.062772162
0.00049261795
""
0.013208575
""
-0.012465364
-0.019211138
0.069252551
-0.13759103
0.0067986953
0.014564838
-0.021697961
""
""
""
""
""
""
""
""
""
""
""
""
""
""
""
""
""
""
""
""
""
""
""
""
""
""
0.11056745
""
""
""
""
""
0.0066223699
""
""
-0.036551408
""
-0.079756707
""
-0.048583269
-0.02972525
0.038630646
-0.010829705
0.0092284027
-0.094299257
""
0.059685737
""
-0.17484421
0.0037836391
-0.00044181591
-0.027994698
-9.8938806e-05
""
""
""
0.0098829037
-0.049611714
""
""
""
0.10776188
-0.071092784
""
0.015703458
-0.064817391
""
""
""
""
""
""
0.048779953
""
0.34570009
""
""
-0.010421427
-0.11469486
0.052669913
-0.011611324
0.061106492
0.059585743
""
""
""
""
-0.10560545
""
""
""
""
""
""
""
""
""
-0.025707204
-0.08344844
""
""
""
""
""
""
""
""
""
""
""
""
""
""
""
""
""
""
""
""
""
""
""
""
""
""
""
""
""
""
""
""
""
""
""
""
""
""
""
""
""
""
""
""
""
""
""
""
""
""
""
""
""
""
""
""
""
""
""
""
0.018534819
""
-0.00078164437
""
-0.12774569
""
""
0.031567354
""
0.63474596
""
0.067758575
-0.066362314
-0.020607065
""
""
""
""
-0.001013646
-0.025733767
""
""
0.077857874
0.045531228
-0.10740261
0.019966546
""
""
""
0.020049125
-0.012987346
-0.091485344
0.0025896074
""
-0.015839189
""
0.01053237
""
""
""
""
""
""
""
0.013613798
0.034149658
-0.005725787
""
0.13025865
""
""
-0.090673991
""
0.024156073
-0.0017623905
0.03199175
-0.0049722772
0.0060211355
-0.059219431
""
""
""
""
""
0.034035817
""
""
""
""
""
0.03627276
-0.026059613
""
""
0.002152404
0.091342553
""
""
""
""
""
""
""
0.12957561
""
""
""
-0.013886122
""
""
""
0.11314808
""
0.17216153
-0.016469225
""
""
""
""
0.10226449
""
0.020405766
""
0.062411036
""
""
""
""
0.057709318
0.03377388
""
""
0.0066559506
0.093957491
0.023249669
""
0.014228593
""
""
""
""
""
""
""
""
""
""
""
0.081955828
""
""
""
""
""
""
""
""
""
""
""
""
""
""
""
0.11444244
""
""
""
""
""
""
""
""
""
""
""
-0.053395696
""
""
""
""
0.14970297
0.12955391
""
""
""
""
""
""
0.039622258
""
""
""
""
-0.03294941
""
""
""
""
""
""
""
""
""
""
""
""
""
""
""
""
""
""
""
""
""
-0.05841732
""
0.17717922
""
""
""
""
""
0.045431122
""
""
""
-0.025555165
""
""
""
""
""
""
""
""
""
""
""
""
""
""
""
""
""
""
""
""
""
""
-0.05938106
""
""
""
""
""
""
""
0.36755529
""
-0.09071444
""
0.027069369
-0.041288428
0.0058024824
0.018642405
0.019305835
0.0009243961
-0.0099370908
-0.036030792
""
""
""
""
""
""
""
""
""
""
""
""
""
""
""
""
-0.022263164
""
-0.087281317
""
""
""
""
""
""
0.01900661
""
0.045207813
0.079865202
""
0.045481414
""
""
0.078737758
""
""
""
""
""
0.11132855
""
""
""
""
""
""
-0.042266369
0.030059839
-0.20483793
0.018607272
""
-0.055105865
-0.20588578
""
""
-0.13838981
-0.23857455
0.37662587
0.010156184
0.55422515
""
""
""
""
""
""
-0.0019968243
0.039503217
""
""
0.011638411
0.0083461916
0.060879577
0.042629797
0.031038422
-0.0010992073
0.042502109
0.018366115
-0.017593399
0.20744213
-0.0045482949
-0.043294903
-0.051370136
-0.056628413
0.049445532
-0.092228934
-0.022898333
-0.0025653054
0.060127079
0.0077728746
0.058159374
""
-0.042202499
""
""
-0.13987039
-0.079092972
-0.023850411
0.04358314
0.022164514
0.019605448
0.020760087
0.001322942
0.29017675
0.042905997
-0.17234476
0.37373888
-0.06668622
0.24587709
""
""
-0.068506032
""
""
""
""
""
""
""
""
0.012523268
0.17967072
0.0088080382
-0.016035046
0.011916554
""
""
""
""
0.060912162
0.0054220869
""
0.011419181
-0.06986779
-0.052410819
0.045861349
""
""
""
-0.0033829331
""
-0.052616548
""
-0.055176642
""
0.0058907187
""
0.025739124
0.027173763
-0.059647255
""
0.016924672
-0.059639182
0.012426167
""
0.036905915
-0.055585131
""
""
""
-0.010807135
-0.010403557
-0.022516984
""
-0.0122854
""
""
""
""
""
""
0.042667523
-0.027965998
0.22582279
""
-0.015913259
0.025960755
0.065526612
0.057383146
-0.12456219
""
""
0.018751485
""
0.046825927
""
""
-0.021578349
0.021685805
-0.0010478084
""
-0.0094896089
""
0.065590084
0.085515685
0.061433155
""
""
""
""
-0.0034900128
0.11518352
""
-0.010710021
0.013250332
""
""
-0.0033134955
-0.0012149487
""
0.040351912
0.016144753
0.070437029
-0.0025457738
""
0.032142784
0.10244465
-0.043378182
-0.072752647
0.0095246378
-0.0047776904
0.0071992651
0.0084864199
0.064488195
-0.023816124
0.041229356
""
0.026552109
0.019195106
0.0036506255
""
0.0030759335
-0.0071379868
-0.036486141
0.02998165
0.012949092
-0.02803617
""
""
0.14922641
0.010065948
""
0.0095941406
0.024923887
-0.0059165345
-0.038113069
-0.0076577421
""
0.023956684
0.014164529
0.0017970138
0.011853444
-0.013116331
-0.01621929
-0.013867334
-0.039506197
""
0.013181103
-0.00016088334
-0.01735262
0.028358588
0.018281514
0.015658509
8.7290864e-05
0.36016193
0.10590973
0.033526406
""
-0.025379667
-0.062759332
-0.0058087278
0.057368081
-0.014894309
-0.12751102
0.0089059742
-0.0093363561
0.045329597
""
""
""
0.0034728416
0.021501921
-0.013234104
0.10330666
-0.020394918
0.0038625028
""
0.027231289
0.042945478
""
""
0.026052507
-0.055097293
0.018915061
""
""
0.029074231
-0.034035224
""
0.038101248
""
0.0057159858
""
-0.032968339
-0.035742283
""
""
0.10179951
0.011219452
0.0054025338
0.025025282
0.044593383
0.037487525
0.026176132
""
0.020966144
""
""
""
0.010402348
0.047106888
0.011493205
""
-0.010774062
-0.017034126
0.2244478
""
""
""
-0.03058701
-0.013496291
0.020494981
-0.0028988458
0.02221372
-0.0730744
0.099854618
""
""
0.0098955035
-0.061527587
""
-0.13960424
""
0.092203565
""
0.041264497
""
""
0.028395204
0.04106798
0.24195485
0.21096142
""
-0.030831475
""
""
-0.002767656
""
""
""
""
""
""
""
""
""
""
""
""
""
""
""
""
""
""
-0.092787385
-0.0079536457
""
""
""
""
""
""
""
""
""
""
""
""
""
""
0.11784301
""
""
""
""
""
""
""
""
""
""
""
""
""
""
-0.016738532
""
""
""
""
-0.0073911999
""
""
""
""
""
""
""
0.011385301
""
""
""
""
""
""
""
""
""
""
""
""
""
""
""
""
""
""
""
""
""
""
""
""
""
""
-0.064157285
""
""
""
""
""
""
""
""
""
""
""
""
""
""
""
""
""
""
""
""
""
""
""
""
""
0.086207218
-0.092571869
""
0.042946484
-0.097636446
""
""
""
0.069215879
0.067856088
-0.0037934808
0.19381392
""
-0.039541621
""
0.010592246
""
-0.04291587
-0.019425828
0.017877772
-0.018899074
0.12538221
-0.06253814
0.036411557
""
0.051489469
-0.011986105
-0.049686145
-0.012356888
""
""
0.03785485
-0.012801897
0.20506692
0.01586917
0.032348663
-0.057884611
0.05971206
""
""
0.13593455
0.044278271
""
""
0.11227667
""
""
""
""
""
""
-0.042624917
""
""
""
""
""
""
""
""
""
-0.054196257
""
""
0.044241317
-0.029468229
""
-0.044555124
0.016544215
0.0039017629
""
-0.021851394
0.006309296
0.072142892
0.049340758
-0.011093883
0.031420838
0.024272952
0.026025064
-0.0061867596
0.16002184
0.020098319
-0.033483274
-0.060586751
""
0.080856301
""
""
0.078264318
""
""
""
""
""
""
""
""
""
""
""
""
""
""
-0.05623186
""
""
""
""
""
""
""
""
""
""
""
""
""
""
""
""
""
""
-0.0065855733
-0.038356412
""
0.069566667
""
-0.015341839
""
""
-0.10833625
""
""
""
""
""
""
-0.069196373
0.048685502
""
0.13875973
""
-0.016195809
""
""
""
""
""
""
""
""
""
""
""
""
0.08485271
-0.012347713
""
""
""
-0.045953982
""
""
""
""
""
-0.062960193
-0.0643389
""
0.018676216
""
""
""
""
""
""
""
""
""
""
""
""
""
""
""
""
""
""
""
""
""
""
""
""
-0.070777908
""
""
""
""
""
""
""
""
""
""
""
""
""
""
""
""
""
""
""
""
""
""
""
""
""
""
""
""
""
""
""
""
""
""
""
""
""
""
0.050597679
""
""
""
""
""
""
""
""
""
""
""
""
""
""
""
""
""
""
""
""
""
""
""
""
""
0.030691493
""
""
""
""
""
""
""
""
""
""
0.024942555
-0.045401454
-0.051854253
""
""
0.046080597
0.082428642
0.14224552
0.095251948
""
-0.016482847
""
""
""
""
""
""
""
""
""
-0.020088408
-0.018509248
0.029370401
0.17650145
-0.022007952
0.16497332
-0.0053707338
""
""
""
""
-0.043033596
""
-0.02223037
-0.0061542476
""
""
""
""
""
""
""
""
-0.02297911
-0.047936417
""
0.086678073
0.048184816
0.010738625
-0.01719447
""
""
""
""
""
""
""
""
""
""
""
""
""
""
""
""
""
""
""
""
""
""
""
""
""
""
""
""
""
""
""
""
""
""
""
""
""
""
""
""
""
""
0.042653639
-0.006011121
0.019462055
""
0.04993568
-0.0075432183
""
""
""
""
-0.031343937
-0.072193787
-0.014047975
""
""
0.0054257354
""
""
0.024866153
""
""
""
""
0.010354855
""
""
""
""
""
""
""
""
-0.0010021253
-0.026881987
""
""
-0.012128131
""
""
0.010444728
-0.18415502
""
""
""
""
""
""
""
""
""
""
""
""
""
""
""
""
""
""
""
""
-0.022787465
""
""
0.070906267
0.0046434514
0.027370483
""
""
""
""
""
""
0.086255185
""
""
""
-0.017729165
0.035193413
-0.081232183
""
0.000627528
0.022258909
-0.0050232299
0.020247595
""
-0.056119077
-0.031429835
""
""
-0.01438403
0.045124736
-0.040818226
""
-0.0091402065
-0.0049407184
""
-0.027333867
""
-0.01333743
0.065415621
-0.025455499
-0.045280613
-0.0098355003
-0.012627464
-0.037224028
0.0017933858
0.013838617
-0.011426031
0.0049501606
-0.0048021367
0.043368336
-0.0083599826
-0.036551286
0.018308477
-0.012292183
-0.026568601
-0.015311678
0.082057714
-0.021131454
-0.038114168
-0.0073652081
0.0010617545
""
""
0.0047483584
-0.022208378
-0.01707782
0.063450284
-0.0023083193
0.057100184
-0.01144735
-0.013933087
-0.035377789
-0.018683817
-0.017913466
0.050107159
-0.010219396
-0.0081949253
0.013695486
-0.0036161435
-0.0105162
0.032936778
0.040949676
0.022889644
0.0066806758
0.0033905471
0.0070766448
-0.0095408978
0.0064850012
0.0098188892
0.0011539069
0.0048590889
-0.0255956
-0.0075162342
-0.0086855451
-0.0027283889
0.057219781
-0.0088163996
-0.024270015
-0.017682731
0.01221594
-0.014363172
0.073901996
""
-0.007382201
0.018163614
0.0091241496
-0.01706535
-0.010110483
-0.02461243
0.018166024
-0.00345262
-0.0048631593
0.005853496
0.010575506
-0.018454509
""
""
""
0.040242057
-0.0011811508
-0.029213144
0.023807064
-0.067436948
""
0.045424722
""
-0.022739878
""
""
""
-0.055973087
0.018947717
0.08779408
0.093990266
-0.047955334
0.054627296
0.15092449
0.023105128
-0.014141131
0.00011328619
-0.059052952
0.0079619121
0.0065332595
0.034980129
-0.036365192
0.025649389
0.026371077
-0.0068338779
-0.035463832
0.010170631
-0.00082059647
0.016160561
-0.064203806
""
""
0.048011649
-0.00052312249
0.033483256
""
-0.0065789581
""
""
""
-0.029469065
""
0.0023398255
-0.057976644
0.0048658988
-0.020058723
0.015152702
-0.030284388
0.034820762
-0.043490276
-0.025969831
-0.014960974
-0.018804679
0.030719221
-0.002038538
0.0098540857
0.00093886995
0.027241478
0.0017017223
-0.056146353
0.070017636
-0.0063882675
-0.022912633
-0.094309151
0.011041691
-0.02081223
0.019720843
-0.0098795127
-0.029761221
-0.020484
-0.053307332
-0.010061056
0.11649506
0.0030974522
-0.0051547755
-0.02975698
-0.010481665
-0.00097553706
-0.00099486182
0.010902259
0.068132848
-0.0088328654
0.026141057
0.00071189657
-0.0049189939
-0.015251282
0.021646734
0.0057950956
-0.025897596
-0.019026656
0.0008933419
0.038586777
-0.001022567
0.00012104811
-0.0093252826
-0.0088875778
-0.0078150369
-0.016858954
0.015348193
-0.0047576055
-0.019355228
-0.0060507064
-0.0036843028
0.020184593
0.0036744352
0.0058290786
-0.019315144
-0.0011980085
0.0029198602
-0.0057225022
0.0063055851
-0.0056461222
0.0048420401
0.00505814
0.015433073
0.00073825213
0.0072727092
-0.017414337
0.0011221938
0.034969956
0.00078507187
-0.0016046392
-0.017242802
0.0076592267
0.0054243486
0.011707474
0.0012350646
-0.020773225
0.062928885
0.014618309
0.0041940985
0.0086175585
""
-0.0092847804
""
0.087309651
0.0073164245
0.051960856
0.0013752015
0.0071581039
0.0084178476
0.032697275
""
0.061827969
""
0.031395949
0.0036426762
0.012950541
""
-0.0034552875
0.01481785
-0.0068592126
-0.010118527
-0.0044306112
0.010592164
-0.0058417022
0.0042425143
-0.017814308
""
-0.012933299
-0.00051830866
0.024870899
-0.013347263
0.018201943
-0.0088042868
-0.012286238
-0.023859439
0.013457995
-0.018291453
-0.0080455625
0.0049586487
0.022890976
0.0046777958
-0.0051868889
-0.048963722
-0.0024499227
0.0021741129
0.0035455462
-0.045497783
-0.0070030531
0.0022859909
-0.0040126145
0.0096384585
-0.002262004
0.015627656
0.016128184
-0.0016970439
0.00010003194
-0.0038561316
-0.012668906
0.0018958871
-0.0014267331
0.0024263402
0.0061846543
0.017224105
0.0020907167
0.0058903247
0.0071271807
0.0039256271
0.0289122
0.016398735
-0.0017914363
0.0041396273
""
-0.0020636276
0.0031575568
-0.00031750122
0.012552773
0.00077272102
0.00035066178
-0.0008617476
0.011555144
0.0061653433
0.0049678041
-0.0031442845
0.0024520685
-0.011756951
-0.014047577
-0.0086361626
-0.018379649
-0.00278874
-0.0092591755
-0.007041662
-0.0098730074
-0.011059652
0.011702837
-0.0032606239
0.0093286829
""
""
""
-0.006744069
-0.0083614476
0.0052201301
0.026598729
-0.0033959483
0.0052163568
0.00098182296
0.0033384315
0.020102849
0.007759565
0.00047736417
0.0083973026
-0.060291335
0.027078645
0.051338073
0.021312699
0.048743617
-0.0019087222
-0.013690621
0.00410716
0.020831319
-0.013620248
0.026117388
-0.01021656
-0.01980366
-0.01111584
0.0047271727
""
""
-0.0017309178
-0.040444605
0.044348143
0.0076667853
0.050091255
0.019269129
0.056848485
-0.024632107
0.038016479
0.011473493
0.030147277
-0.0017878021
0.015921157
0.0071448665
0.037137296
-0.0047594192
-0.027475806
-0.05376602
-0.016819248
0.0084061958
0.013825111
-0.00088692649
-0.014042643
0.015031759
-0.0026751247
0.014749959
0.0020781923
-0.0080278255
0.016720431
-0.0014171934
0.068598725
-0.069575943
-0.059278861
-0.0011631068
-0.0070241918
-0.020241974
0.11791965
0.063148975
-0.014707841
0.025130656
-0.00035622239
-0.037286606
""
""
0.014376315
0.0019590873
0.026290985
0.018229701
-0.019339826
0.029340265
0.012985523
0.01123001
0.026144691
0.0307135
-0.0063874559
8.201279e-05
0.0061432533
0.021354403
0.012821442
-0.002799107
0.0082594352
0.0047968556
0.016475663
-0.0062986477
-0.0069396822
0.024827015
0.013488768
0.00067535887
0.018300314
0.007776821
0.0035200713
0.022274282
-0.011466473
0.01287833
0.011993825
0.0027964937
0.028707411
""
""
0.00066775054
0.0064085745
0.0041110748
-0.003117224
0.00025629808
0.00095376396
0.0029866474
0.013052789
0.0079494938
-0.014704353
-0.0099347653
0.0025246392
0.013655815
0.0012070368
0.0027628371
-0.00075209886
-0.0016931572
-0.0026206856
0.0042824252
0.003527174
-0.0046096463
0.0014333308
0.037317455
0.020886617
0.0012336057
0.013479392
0.025094604
-0.0021695683
0.0052977763
-0.0027588664
-0.0026209564
0.0065438114
0.010058286
0.02125448
0.01499647
0.025265047
0.019177433
0.0021677294
-0.011787896
0.01432933
-0.0036936277
-0.00080058875
-0.0093420045
0.0015830742
0.0078494558
0.019928535
0.00070044037
0.018152209
-0.00046215844
0.012496326
0.0021469987
0.031823006
0.0054502264
0.0099843163
0.003358695
-0.0053090034
0.0038496901
-0.0044096936
-0.033086084
-0.00043217838
-0.0017765823
-0.021042001
0.0034207469
""
""
""
""
""
""
""
""
0.057562899
0.012882916
0.053363264
""
-0.03911756
""
""
""
""
""
""
""
""
""
""
""
""
0.047922306
0.017739505
0.025502976
-0.013021414
0.0036776525
-0.024734978
""
""
""
""
""
""
""
""
""
""
""
""
""
""
""
""
""
""
""
""
""
""
""
0.0029564623
0.0040394259
0.020490643
0.098031148
""
-0.067751639
""
-0.012631532
0.060278617
-0.0022969639
0.018101972
0.066305935
""
""
-0.013274107
""
0.060154032
""
""
""
""
""
""
""
""
""
-0.013606894
0.033197571
""
""
""
""
""
""
""
0.067846105
""
0.24718429
0.20234935
""
""
-0.21717048
""
0.083088987
0.034973782
""
0.027548082
""
""
""
0.059504088
-0.013781448
0.063867673
""
-0.023610618
-0.05388942
""
""
0.053925041
0.011799997
0.0195917
-0.025505366
-0.011188845
0.013362427
0.026538059
0.10395574
0.012152756
-0.033389051
0.015556165
0.016812457
""
""
""
""
""
-0.036038689
0.06528604
0.0087105865
0.020397726
0.062279165
0.028512239
-0.044666868
0.14648198
-0.0082653966
0.062002268
-0.0040113968
""
-0.035672698
0.08638306
-0.018135644
0.012043896
0.03877794
0.020269075
-0.075263314
0.017297914
0.023811769
0.0010248063
0.096539624
""
-0.040155295
0.021441158
0.009073602
-0.058349784
0.017020874
-0.0018199761
0.010505947
""
0.024440197
0.044865698
""
-0.06861636
""
-0.019284099
0.02063407
0.22469744
-0.014318164
-0.0033985269
0.016988346
""
0.060013585
0.062285647
0.0091772284
-0.024583828
-0.013400852
0.026176501
""
-0.021183044
-0.026479712
-0.022346059
-0.079442278
0.007530333
-0.0046422272
0.028883668
0.090462238
0.028022872
0.015723564
-0.022300828
-0.0044470462
0.020772444
-0.023911497
0.0093000056
-0.050948337
0.033776574
0.00073030993
""
""
0.077795997
""
""
""
""
""
""
""
""
""
""
""
0.058395561
0.021621844
0.0031198012
0.0055602021
0.0015136317
-0.024469288
0.010585227
-0.030256214
0.0063760905
0.0046686344
-0.038145825
0.028296875
-0.02657325
-0.010597284
-0.0036739297
0.0083209015
-0.028891837
-0.034232832
-0.006873013
-0.056343894
0.024519879
0.033146407
0.013449672
0.016605724
-0.03261238
0.023956805
-0.069957845
0.015040715
-0.023927307
0.0099770296
0.0059349919
-0.0044126757
0.046470735
0.040669538
0.0038906105
-0.015102511
""
0.0080501139
0.0092504751
0.049697991
0.04891444
-0.028342301
0.022724809
-0.0063235238
0.0079693468
0.00086077151
0.016275797
-0.034049176
0.011696291
0.0021956398
""
-0.014592016
0.024263468
-0.0080007613
-0.010783167
0.0049236673
0.011307854
0.011752744
-0.0040641972
-0.037882008
0.0049903328
-0.038792606
0.0013664633
""
0.16476619
0.050347775
0.063291594
""
0.026800564
0.074198626
0.0051787882
0.026748905
-0.0048134536
0.0079771699
-0.0078469282
""
0.16763619
0.019433817
0.044642106
""
-0.06755013
-0.0007647879
""
""
0.032636542
0.02683796
""
0.015798504
0.031849079
0.059885021
0.018985774
0.012132516
""
""
""
-0.035576843
0.036310319
-0.016453696
0.017244523
-0.0096542947
-0.0040664664
0.038180526
0.019440321
0.0089888461
-0.0070381504
0.055853117
-0.0022233399
0.028624246
-0.0066448725
0.001505969
0.00018027821
-0.027785847
0.027427439
0.0075855926
0.019424289
0.010281901
0.005939126
-0.010956577
-0.0090204328
-0.0085458383
-0.00029229643
-0.012142082
""
""
0.0095998757
0.046911463
""
""
""
-0.015036384
0.03653245
0.012173116
-0.090749957
-0.046255551
-0.014168982
""
""
0.010709956
""
""
-0.059577353
""
-0.026273532
""
""
""
""
""
""
""
""
""
""
""
""
""
""
""
""
""
""
""
""
""
""
""
-0.022952316
-0.012243579
-0.099824503
""
-0.062650979
0.0079694875
0.21377939
0.063099355
""
-0.064371005
""
""
""
""
""
""
""
0.0030539946
""
""
""
""
-0.026680378
0.0058402852
""
""
""
""
""
""
""
-0.012550112
""
""
""
""
""
""
""
""
0.12206849
-0.021857698
0.024454294
0.017793963
-0.06303373
0.033213038
0.02279084
0.12797761
-0.012217261
""
""
""
""
-0.019621613
0.026729254
-0.015895352
-0.026387302
-0.025990156
-0.039284937
0.019144909
0.029890575
-0.017729579
-4.0634401e-05
0.0092329066
""
-0.020298693
-0.0089232391
0.038319107
0.0099794334
-0.0065060463
-0.039722804
0.0046236613
0.00050584238
-0.049084228
0.010974037
-0.016335294
-0.0046319482
-0.055102069
0.041257262
0.15715596
-0.12929496
""
""
0.070554726
0.0011940931
0.0042587742
-0.0029076918
""
-0.012804507
""
0.011609265
""
0.033599209
0.12448706
-0.040231824
0.017055146
0.01092154
-0.13543324
-0.10700344
0.032752853
0.0048676501
""
""
""
""
-0.058106452
-0.047992837
0.10751063
""
-0.1134586
-0.022702122
0.016672013
-0.018598581
""
""
0.048452307
0.0024385664
-0.052878775
0.063262992
0.0035820445
0.036130674
0.016049217
-0.082495853
0.047216412
0.042862184
-0.025082327
0.0038858571
0.035409559
""
""
""
""
""
""
""
""
""
""
""
""
""
""
""
""
0.002645486
""
""
""
-0.0080654295
""
""
""
""
""
""
""
-0.026442885
""
""
""
""
-0.0034426285
0.035145748
0.049148552
""
""
-0.047254436
""
""
""
0.041685354
""
""
""
""
""
-0.0040979395
-0.31805936
-0.085672341
""
""
""
""
""
""
""
""
-0.035008308
""
""
""
""
""
""
-0.013657618
-0.023191126
0.0858628
0.082249627
-0.062904976
""
""
""
""
""
""
""
""
""
""
0.001332153
""
""
0.016925823
0.028365275
-0.01868872
0.019290974
-0.025039144
-0.032340068
0.047481112
""
""
""
0.014418899
""
0.0019957884
0.043547809
0.042574115
0.077827044
0.047894634
0.048316892
-0.020971956
0.023962926
-0.03744439
-0.025510533
-0.067029558
-0.086862572
0.024442766
-0.017169105
0.078032374
0.045764934
""
""
-0.040465806
""
""
""
-0.019932093
-0.011149875
0.012864521
-0.060611837
""
0.084842749
""
""
""
0.0025203726
""
""
""
-0.017615562
""
0.060666174
0.14954039
0.027842157
""
-0.053318448
0.035649706
0.031815659
0.069886185
""
0.01643868
""
0.052635003
""
""
""
""
""
""
0.20316194
-0.070147716
""
""
""
-0.028454205
-0.025667483
0.045995135
-0.016766705
""
0.015359974
0.066865407
-0.034172501
-0.008352113
-0.057591278
""
""
""
0.0073136361
0.097070098
-0.01107949
""
""
""
-0.054534573
""
""
""
""
""
""
""
""
""
""
""
""
""
""
""
""
""
""
""
""
""
""
""
""
""
-0.0077045993
""
""
0.11796042
""
""
""
""
""
""
""
""
""
""
""
""
""
""
""
""
""
-0.035872702
0.12971491
""
""
""
""
""
""
""
""
-0.070999317
""
""
""
""
""
""
""
""
""
""
""
""
""
""
""
""
""
""
""
""
""
""
""
""
""
0.012066897
""
-0.041247975
0.0022845415
0.041414492
-0.030821288
""
0.0095759286
0.059598763
""
-0.11363827
""
""
""
""
""
""
""
""
""
""
""
""
""
-0.074832276
-0.011544482
-0.0031504566
""
""
""
""
""
""
""
""
""
""
""
""
""
""
""
""
""
""
""
""
""
-0.027788982
""
""
""
""
""
""
""
""
""
""
""
0.054597627
""
""
""
""
""
""
""
""
""
""
""
0.083542086
""
""
""
""
""
-0.21575047
""
""
""
-0.045947582
""
0.014987237
""
""
""
0.036981504
""
""
""
""
""
""
""
""
""
""
""
""
""
-0.10304555
""
0.0092838565
""
""
0.017251242
-0.11823767
""
0.099519677
""
""
""
-0.018859819
""
""
""
""
""
""
""
""
-0.03255469
""
""
""
""
""
""
""
""
0.013411461
0.02965093
""
0.045821127
""
""
""
""
""
""
-0.044760652
""
""
""
""
""
""
""
""
""
""
""
""
""
""
""
""
""
""
""
""
""
""
""
""
""
""
""
""
""
""
""
""
""
""
""
""
""
""
""
""
""
""
""
""
""
""
""
""
""
""
""
""
""
""
""
""
""
""
""
""
""
""
0.00026189483
-0.086866967
""
""
""
0.0036059944
-0.031018276
""
""
""
""
""
""
""
""
""
0.020878261
""
""
""
""
""
""
""
""
""
""
""
""
""
""
""
""
""
0.066741779
-0.10984825
-0.10646952
-0.05612196
""
""
""
""
""
""
""
""
0.054829441
""
0.039898217
""
""
""
-0.076384217
""
""
-0.0027191706
0.12804289
""
-0.21765231
""
""
0.034815207
""
""
""
""
""
""
""
""
""
""
""
""
""
""
""
""
""
""
""
0.057142965
""
""
""
""
""
0.079374589
""
-0.015605966
""
""
-0.034307066
""
-0.00028201958
-0.017047517
0.02519102
-0.0075103715
""
""
""
""
""
""
""
0.011752376
0.018888032
""
""
0.041084461
""
""
-0.11122396
""
""
-0.0011489725
""
""
""
""
0.029003134
""
""
""
0.0047798096
-0.0027854368
""
""
""
""
""
""
""
""
0.07003428
""
""
0.068727665
""
""
""
0.041937858
""
""
""
0.040591817
""
-0.027909013
""
-0.034001417
""
""
""
""
-0.015344717
""
""
""
""
""
""
""
0.097368032
0.076797314
0.012558082
0.14561416
""
-0.026840772
""
0.052585445
0.06583596
""
""
""
""
""
0.066589706
""
""
""
""
""
-0.067136064
""
""
""
0.28583148
""
-0.027106458
""
0.023621432
""
""
""
""
0.064399317
""
0.05447058
""
""
""
""
""
""
""
""
0.02197518
0.071192645
0.019343136
0.013519403
-0.0024623692
""
-0.015864186
""
""
""
-0.011903686
0.034550168
0.087995149
""
""
0.089231215
""
""
""
""
""
""
0.033865731
""
0.088958129
0.099868089
""
-0.13378792
-0.066841021
""
""
0.039137054
""
""
""
""
""
""
""
""
""
""
""
""
""
""
""
""
0.093511142
""
""
""
""
""
""
""
""
""
""
""
""
""
""
""
""
""
""
""
""
""
""
0.058933824
""
""
""
""
""
""
""
""
""
""
-0.04972269
-0.031164825
""
""
""
""
""
""
""
0.061597731
0.057477932
-0.031875525
0.01431031
-0.0085335597
""
""
0.27097878
""
-0.0061662411
""
""
""
""
-0.0033238912
0.0057539744
0.023896512
""
""
""
""
""
-0.048312861
0.080101483
-0.013011999
""
-0.013998293
0.044064187
-0.0063504032
-0.03889839
-0.0048950301
0.052950822
""
0.017235143
0.025847331
""
0.012586948
-0.0034592347
-0.062733807
-0.05063514
0.082732275
""
""
""
""
""
""
""
""
""
""
""
""
""
""
""
""
""
""
0.0011582829
""
""
""
""
""
-0.0091692619
""
""
-0.057529572
0.050632913
""
-0.050214827
""
""
-0.087826356
0.014927179
""
""
0.00064354192
""
""
""
""
""
""
""
""
-0.036803041
""
0.10014127
""
""
""
""
""
""
""
0.069807664
""
""
""
""
""
""
""
""
0.055460613
""
0.044168208
""
""
""
""
""
""
""
""
""
""
""
""
""
""
""
""
""
""
""
""
""
""
""
""
""
""
""
""
""
""
""
""
""
""
""
""
""
""
""
-0.14220543
0.021993162
""
""
""
""
""
""
""
""
""
""
""
""
""
""
""
""
""
""
""
""
-0.0080159595
-0.095486999
-0.016453287
-0.053635042
""
-0.048027691
0.038442712
0.042826347
-0.047680829
0.031442102
-0.055176977
-0.0072346502
-0.0019802081
-0.17758784
""
0.024762519
""
""
""
0.14214173
0.010745906
-0.048117265
-0.007598795
0.017743524
-0.0033515375
-0.012961132
-0.0097968569
0.029560102
""
-0.0095729297
-0.019939048
""
0.011893157
0.025382791
0.17276391
0.024392625
-0.013802782
0.01351258
""
""
-0.051790789
0.0083040083
0.062704667
0.012479869
0.094678983
""
""
0.030528346
0.0025930281
0.011675328
""
""
-0.014310117
0.0096529657
0.0089558028
-0.012075183
0.0015560818
-0.020026937
0.0050783739
""
-0.011155909
-0.021676045
-0.014782107
""
-0.047149092
-0.062830821
-0.0088820774
0.0098997802
0.0098848203
0.13574852
-0.008654722
-0.0086025195
0.072322696
0.023819108
0.0047290451
-0.012420317
-0.018320218
""
""
""
""
""
""
""
""
""
""
""
""
""
""
""
""
""
""
""
""
""
""
""
""
""
""
""
""
""
""
""
""
""
""
""
""
""
""
""
""
""
-0.024294926
""
""
""
""
""
""
""
""
""
""
""
-0.017127056
""
""
""
""
""
""
""
-0.022938376
""
""
""
""
""
""
""
""
""
""
""
""
""
""
""
""
""
""
""
""
""
""
""
""
""
""
""
""
""
""
""
""
""
""
""
""
""
""
""
""
""
""
""
-0.023672331
""
""
""
0.067944162
""
""
0.014456551
""
""
0.030079639
""
""
""
-0.012785264
""
0.099836171
0.039750621
""
""
-0.042095985
""
-0.017511366
-0.018490838
-0.021428142
-0.091635674
-0.065371558
-0.0014053383
0.038014017
-0.042106859
0.045152579
0.014070589
0.005436033
0.019094143
0.0089924149
0.016645884
-0.0013024417
-0.0093285684
""
""
""
""
""
""
""
""
""
""
""
""
""
""
""
""
""
""
""
""
""
""
""
""
""
""
""
""
""
""
""
""
""
""
""
""
""
""
""
""
""
""
""
""
""
""
""
""
""
""
""
""
""
""
""
""
""
""
""
""
""
""
""
""
""
""
""
""
""
""
""
""
""
""
""
""
""
""
""
""
""
""
""
""
""
""
""
""
""
""
""
""
""
""
""
""
""
""
""
""
""
""
""
""
""
""
""
""
""
""
""
""
""
""
""
""
""
""
""
""
""
""
""
""
""
""
""
""
""
""
""
""
""
""
""
""
""
""
""
""
""
""
""
""
""
""
""
""
""
""
""
""
""
""
""
""
""
""
""
""
""
""
""
""
""
""
""
""
""
""
""
""
""
""
""
""
""
""
""
""
""
0.015833989
""
0.029050469
""
""
""
""
""
""
""
""
""
""
""
""
""
""
""
""
""
""
""
0.015240121
""
""
""
""
""
""
""
""
""
""
""
""
""
""
""
""
""
""
""
""
""
""
""
""
""
""
""
""
""
""
""
""
""
""
""
""
""
""
""
""
""
""
""
""
""
""
""
""
-0.027920311
""
""
-0.0038687543
0.004056388
""
""
""
""
""
""
""
""
""
""
""
""
""
""
""
""
0.13505207
""
""
""
""
""
""
""
""
""
""
""
""
""
""
""
""
""
""
""
0.00055184588
-0.0062002754
-0.0021574479
""
""
""
""
""
""
""
""
""
""
""
""
""
""
""
0.037401803
""
""
""
""
""
""
-0.0052325209
""
""
0.037187334
""
""
""
""
""
-0.032344248
""
""
""
""
""
""
""
""
""
""
""
""
""
""
""
0.23565808
""
""
""
""
""
""
""
""
""
""
""
""
""
""
""
""
""
""
""
-0.025267996
0.040872265
""
-0.057136886
-0.16078857
""
-0.019649966
""
""
-0.022161257
0.026553866
0.03793329
""
0.041403487
""
0.024664614
""
""
""
""
""
0.054250024
-0.039274555
""
""
""
""
0.087171577
""
0.041832343
""
""
""
""
""
0.015322052
""
""
""
""
0.01769104
""
""
""
0.067159086
-0.21199933
""
""
""
""
""
""
""
0.24682643
""
""
""
0.0092546297
""
""
""
""
""
""
""
0.017640492
""
""
""
""
""
""
""
""
""
""
""
0.056852318
""
""
""
-0.017430268
""
""
""
""
""
""
""
""
""
""
""
""
""
""
""
""
""
""
""
""
""
""
""
""
""
""
""
""
""
""
""
""
""
""
-0.14356238
-0.018718639
""
""
""
""
""
""
""
0.14124624
""
""
0.021071121
-0.072147295
0.028289709
0.0057558455
0.155903
""
""
""
""
""
""
""
""
""
""
""
""
""
""
""
""
""
""
""
""
0.044231825
-0.069515869
""
0.041042261
-0.13597901
""
""
0.013708136
-0.0094058216
""
""
-0.032843854
""
""
""
""
""
""
""
""
""
""
""
""
""
""
""
""
""
""
""
""
""
""
""
""
""
""
""
""
""
""
""
""
""
""
""
""
-0.046027958
""
""
""
""
""
0.0051833489
""
""
""
""
""
""
""
""
""
""
""
""
""
""
""
""
""
""
""
""
""
""
""
""
""
""
""
""
""
""
""
""
""
""
""
""
""
""
""
""
""
""
""
""
""
""
""
""
""
""
""
""
""
""
""
""
""
""
""
""
""
0.0036407937
0.1137454
""
""
""
""
""
""
""
""
""
0.031576663
-0.046285495
0.02767184
-0.077791587
0.050144698
-0.0045629512
""
""
-0.036284998
""
""
-0.054369476
""
""
""
""
""
""
""
""
""
""
""
""
""
""
""
""
0.050556168
""
""
""
""
""
-0.052410316
""
0.0055196052
-0.0078020813
0.65986097
""
""
""
""
""
""
""
""
""
""
""
""
""
""
""
""
""
""
""
""
""
""
""
""
""
""
""
""
""
""
""
""
""
""
""
0.0026620186
""
""
0.034962613
""
-0.078176312
""
""
""
""
""
""
""
""
""
""
""
""
""
""
""
""
""
""
""
""
""
""
""
""
""
""
""
""
""
""
""
""
""
""
""
""
""
""
""
""
""
""
""
""
""
""
""
""
""
""
""
""
""
""
""
""
""
""
""
""
""
""
""
""
""
""
""
""
""
""
""
""
""
""
""
""
""
""
""
""
""
""
""
""
""
""
""
""
""
""
""
""
""
""
""
""
""
""
""
""
""
""
""
""
""
""
""
""
""
""
""
""
""
""
""
""
""
""
""
""
""
""
""
""
""
""
""
""
""
""
""
""
""
""
""
""
""
""
-0.11468679
""
0.074328877
""
0.007941748
""
""
""
""
""
""
""
""
""
""
""
""
""
0.14146882
""
""
""
""
""
""
""
""
""
""
""
""
""
""
""
""
""
""
""
""
""
""
""
""
""
""
""
""
""
""
""
""
""
""
""
""
""
""
""
""
""
""
""
""
""
""
""
""
-0.050690833
""
""
""
""
""
""
""
""
""
""
""
""
""
""
""
""
""
""
""
""
""
""
""
""
""
""
""
""
""
""
""
""
""
""
""
""
""
""
""
""
""
""
""
""
""
""
""
""
""
""
""
""
""
""
""
""
""
""
""
""
""
""
""
""
""
""
""
0.14759128
""
""
""
""
""
""
0.16649394
""
""
""
""
""
""
""
""
""
""
""
""
""
""
""
""
""
""
""
""
""
""
""
""
""
""
""
""
""
""
""
""
""
""
""
""
""
""
""
""
""
""
""
""
""
""
""
""
""
""
""
""
""
""
""
""
""
""
""
""
""
""
""
""
0.016967464
""
""
""
""
""
""
""
""
""
""
""
""
""
""
""
""
""
""
""
""
""
-0.023646876
0.041387085
""
""
""
""
0.015237624
-0.13175806
""
""
""
-0.0043129325
""
""
""
""
0.017780909
""
-0.022680044
0.02191115
""
""
""
""
""
0.020010648
0.0042370814
""
""
""
""
""
""
""
""
""
""
""
""
""
""
0.038673706
""
""
""
""
""
""
""
""
""
""
""
""
""
""
""
""
""
""
""
""
""
""
""
""
""
""
""
""
""
""
""
""
""
""
""
""
""
""
""
-0.074692562
""
""
0.0096013695
""
""
""
""
""
""
""
""
""
""
""
""
""
""
""
""
0.083748855
-0.15525369
-0.034693606
""
""
""
-0.030981177
""
0.05298242
""
0.13126865
""
""
""
""
""
""
""
""
""
-0.10447085
-0.056086458
""
""
""
""
-0.052021291
0.010310081
0.015788961
-0.088028178
""
0.15009877
0.0099532045
""
""
0.36343321
""
0.034951169
0.051358718
-0.01051736
-0.043838087
-0.014025616
0.031927358
0.010150315
0.063829251
""
""
""
""
""
""
0.10755421
0.032115858
""
0.015794253
""
-0.12953557
0.038008273
""
""
""
""
-0.10529272
-0.0029136413
-0.0058328719
""
""
""
""
-0.04495972
0.027927656
-0.011112271
-0.018288026
-0.022856554
-0.10583862
-0.016039526
0.011205296
0.066434249
0.012583463
0.069631323
""
""
-0.036210466
""
0.07779666
""
""
0.0016051061
0.1973867
0.021675307
""
-0.063896984
""
""
""
0.00089332211
""
""
""
""
""
""
""
""
""
""
""
""
""
""
""
""
""
""
""
""
""
""
""
""
-0.012739388
""
""
""
""
""
0.017535312
""
""
""
0.051129077
0.027085507
-0.029009541
-0.072861113
0.0054203728
0.042109873
0.021490306
0.12252454
-0.012472801
""
0.095373377
-0.0024566767
0.022697639
0.26730579
0.28283978
""
""
-0.045948245
0.079565227
""
""
""
""
""
""
""
""
""
""
""
""
""
""
""
""
""
""
""
""
""
""
""
""
""
""
""
""
""
""
""
""
""
""
""
""
""
""
""
""
""
""
""
""
""
""
""
0.03907733
""
""
""
""
""
-0.0093337772
""
-0.038620651
""
""
0.12601689
""
""
""
""
""
""
""
""
-0.02756127
-0.038775168
""
-0.064695507
""
""
""
""
""
""
""
""
""
""
""
""
""
""
""
""
""
""
""
""
""
""
""
""
""
""
""
""
""
""
""
""
""
""
""
""
""
""
""
""
""
""
""
""
""
""
""
""
""
""
""
""
""
""
""
""
""
""
""
""
""
""
0.028033091
""
""
0.0017629865
""
0.034653209
0.011572527
-0.010879166
-0.0051691765
-0.0024398926
0.0043886155
""
""
""
""
""
""
""
""
""
""
""
""
""
""
""
""
""
""
""
""
""
""
""
""
""
""
""
""
""
""
""
""
""
""
""
""
""
""
""
""
""
""
""
""
""
""
""
""
""
""
""
""
""
""
""
""
""
""
""
""
""
""
""
""
""
""
""
""
""
""
""
""
""
""
""
""
""
""
""
""
""
""
""
""
""
""
-0.091236703
-0.020897653
""
""
""
""
""
""
""
""
""
""
""
""
""
""
""
""
""
""
""
""
""
""
""
""
""
""
""
0.032704037
""
-0.018600691
""
""
""
-0.0023993808
""
""
""
-0.029884776
""
0.0044881613
""
-0.0096617388
0.016700355
""
0.44406307
-0.058270834
0.089034587
""
0.039570075
0.053061474
-0.014894254
""
""
""
0.036642164
""
""
""
""
""
""
""
""
""
""
""
""
""
""
""
""
""
""
""
""
""
""
""
""
""
""
""
""
""
""
""
""
""
""
""
""
""
""
""
""
""
""
""
""
""
""
""
""
""
""
""
""
""
""
""
""
""
""
""
""
""
""
""
0.050451741
""
0.080480389
0.40372187
""
""
""
""
""
""
""
""
""
""
""
""
""
""
""
""
""
""
""
""
""
""
""
""
""
""
""
""
""
""
""
""
""
""
""
""
""
""
""
""
""
""
""
""
""
""
""
""
""
""
""
""
""
""
-0.018053295
0.0051320577
-0.053004421
""
-0.022097442
-0.029848158
""
""
""
-0.084408373
""
""
""
-0.014416478
""
""
""
""
""
""
""
""
""
""
""
""
""
""
""
""
""
""
""
""
""
""
""
""
""
""
""
""
""
""
""
""
""
""
""
""
""
""
""
""
""
""
""
""
""
""
""
""
""
""
""
""
""
""
""
""
""
""
""
""
""
""
""
""
""
""
""
""
""
""
""
""
""
""
""
""
""
""
""
""
""
""
""
""
-0.55893898
""
""
""
""
""
""
""
""
""
""
""
""
""
""
""
""
""
""
""
""
""
""
""
""
""
""
""
""
""
""
""
""
""
""
""
""
""
""
""
""
""
""
""
""
""
""
""
""
""
""
""
""
""
""
""
""
""
""
""
""
""
""
""
""
""
""
""
""
""
""
""
""
""
""
""
""
""
""
""
""
""
""
""
""
""
""
""
""
""
""
""
""
""
""
""
""
""
""
""
""
""
""
""
""
""
0.023583597
""
0.039712235
0.0017909391
-0.019777087
""
-0.04334826
""
""
""
-0.060799815
-0.0073340326
-0.07136552
-0.014970134
-0.024631351
0.091976523
""
""
""
""
""
""
""
""
""
""
""
""
""
""
""
""
""
""
""
0.069948673
-0.046191998
-0.074899673
-0.0087218815
0.022398066
""
""
-0.047064092
-0.056169719
""
0.025858151
""
""
""
""
-0.051359918
""
""
""
""
0.0042907754
""
""
0.10465797
""
""
""
""
""
""
""
""
""
""
""
""
""
""
""
""
""
""
""
""
""
""
""
""
""
""
""
""
""
""
""
""
""
""
""
""
""
""
""
""
""
""
""
""
""
""
""
""
""
""
""
""
""
""
-0.050873939
""
""
""
""
""
""
""
-0.029103836
""
""
""
""
""
""
""
""
""
""
""
""
""
-0.049193192
""
0.10743004
""
""
""
""
-0.023836453
""
""
""
""
""
""
""
""
""
""
""
-0.30925834
0.13897407
0.0078332545
""
""
""
""
0.033459172
""
-0.14321242
-0.044423819
""
-0.0048094285
0.0062666694
-0.10937303
""
-0.059967194
-0.01559418
0.014684997
0.098183841
-0.0045305011
-0.024535714
""
""
""
-0.0038248776
""
0.013635317
""
""
""
""
-0.053244196
-0.029186282
0.14688049
""
""
0.05059658
""
""
0.013313643
0.013205615
""
-0.021684313
0.12513509
-0.018759318
-0.011905203
""
""
""
""
""
""
0.071518809
""
-0.020903427
""
""
""
0.012752019
""
-0.019964267
0.041673586
-0.023782684
-0.005413305
-0.039652638
0.040561963
-0.060077928
-0.020990588
-0.0090524843
-0.0070507945
-0.046862245
""
0.016234377
0.14602593
0.017162161
-0.074824326
9.9245472e-06
-0.030458329
""
-0.048927035
0.034156393
-0.046809494
-0.027122177
""
""
""
""
""
""
-0.049567938
0.045716137
0.029242635
0.061281327
0.040270109
-0.047984052
-0.010244085
""
""
-0.00191668
0.0058444864
0.10888868
-0.021099271
-0.09433151
""
""
0.028842475
0.07698454
0.014468274
""
""
""
""
0.011857691
""
-0.010196843
""
""
0.042701416
""
-0.01656325
""
-0.019866629
-0.0063525047
""
""
""
0.0018787155
""
0.095527224
""
0.12668191
""
""
""
-0.044688784
0.030371198
""
""
0.046238478
""
""
""
0.027409019
""
""
""
""
""
""
""
""
0.00063524907
-0.082535379
0.019160146
0.033356871
-0.040651262
""
""
-0.034763981
""
""
""
""
""
0.13542791
0.023702903
""
-0.011585792
""
-0.013803839
""
""
""
0.063814804
-0.081129469
""
""
""
""
0.034076627
-0.036647376
0.0065059243
-0.0092229508
0.011773875
-0.024426712
""
""
""
""
""
""
""
""
""
0.18907857
""
""
""
""
""
""
""
0.034933239
0.088825248
""
""
""
""
""
""
""
""
""
-0.22149923
""
-0.066203028
0.0029369616
""
""
0.00036260509
""
-0.0076814587
-0.017263228
""
0.022487691
""
""
""
-0.010358931
-0.036732536
""
""
""
""
""
-0.0095729865
""
""
""
""
""
""
0.11916998
""
""
-0.028254665
""
""
""
""
0.023697529
""
""
""
""
""
""
""
0.047556348
""
""
""
""
""
""
""
0.011914065
""
-0.017938761
""
0.09357705
0.052421641
0.019170949
0.020992452
""
""
""
""
""
0.0056340499
""
""
""
""
0.018362494
""
0.083589733
0.039828759
0.12030034
0.032705862
0.081077196
""
""
""
""
""
""
""
""
""
""
""
""
""
""
""
""
""
""
0.016185788
""
0.095653065
""
""
0.0231001
""
0.012511809
-0.02033847
""
""
0.37294394
0.0015523245
-0.0030087382
0.070157759
0.084189571
0.012007133
""
""
""
""
0.21587497
0.03629826
0.320021
-0.027018592
0.00083982729
0.060951058
0.1398716
-0.023554046
0.0081373099
-0.0018169722
0.060933709
-0.01376896
0.044745374
-0.039379027
0.037646607
-0.021388153
0.032457184
0.23156179
0.18449655
-0.0047133253
0.15623456
0.011834816
""
0.086779408
0.18019079
0.27769431
0.050344016
0.07656309
-0.036482695
""
""
""
""
0.011984346
0.01660477
0.062668152
""
""
""
""
""
""
0.0029276963
""
0.038881555
-0.018048169
""
0.033438582
""
""
-0.10291518
""
-0.12574103
-0.047395356
0.10560698
-0.021797199
""
""
""
""
""
0.11930308
0.015403277
-0.025583211
-0.020636499
0.033710998
0.029050514
0.0058870274
-0.062126771
-0.0092003681
""
""
""
""
""
""
""
""
""
0.034299951
""
""
""
""
""
""
""
""
""
""
""
""
""
""
""
""
""
""
""
""
""
""
""
""
""
""
""
""
0.0022505764
""
""
""
""
""
""
""
-0.012889724
-0.018604014
0.0075460654
-0.0554116
""
""
""
""
""
""
""
""
""
""
""
-0.0069724787
0.016988069
0.010955372
-0.026250726
0.022367835
0.15568122
""
""
0.014181273
""
""
""
""
""
-0.035311151
-0.007270528
0.0077947476
""
0.062025867
0.054125063
""
0.10151218
0.16300155
0.27960038
-0.034480575
""
-0.063600309
""
""
""
""
0.070793085
-0.034739483
""
""
""
""
""
""
""
""
""
""
""
""
""
""
""
""
""
""
""
""
""
""
""
""
""
""
0.013248067
0.04948014
0.04227284
-0.0034314252
""
0.066432081
0.019856699
""
""
""
""
""
0.011884922
""
-0.059443485
""
""
""
""
""
""
""
""
""
""
""
""
""
""
""
""
-0.044071503
""
""
""
""
""
""
""
""
""
""
""
""
""
""
""
""
""
""
""
""
""
""
""
""
""
""
""
""
""
""
0.0067373333
""
""
""
""
""
""
""
""
""
""
""
""
""
""
""
""
""
""
""
""
""
""
""
""
""
""
""
""
""
""
""
""
""
""
""
""
""
""
""
""
""
""
""
""
""
""
""
""
""
""
0.020421349
0.076805241
-0.050336979
-0.0542542
""
0.0012120157
0.082643092
""
0.096599758
0.044066224
0.001044096
0.0022392154
0.013929997
""
0.021457393
-0.065282062
-0.018150767
-0.0088355849
0.013129478
""
0.0022779072
-0.0093118884
-0.032371759
-0.030401656
-0.04709179
0.0057965727
""
""
""
-0.011859095
0.021028746
-6.589829e-05
0.0012318459
-0.018686661
""
""
""
""
-0.010011603
""
-0.0085473042
0.0084426226
-0.0043642386
0.0087504974
0.028245563
0.032541856
""
0.00013477509
0.037094075
-0.017857879
-0.10171973
-0.08304476
0.0080592679
0.005150334
0.033890329
0.0098995278
0.072551295
0.031177841
-0.035022404
0.019781372
-0.01487029
0.027068803
-0.040324524
0.14673015
0.026235776
-0.021055654
-0.014327355
""
""
""
""
-0.10456596
0.00058058876
0.03221998
0.029537432
-0.03363923
0.0045990902
-0.024718707
-0.009166589
0.029190755
""
""
0.13274233
""
""
""
""
""
""
""
""
""
""
""
""
""
0.11654352
""
-0.041563716
""
""
""
""
""
""
""
""
""
""
""
""
""
""
""
0.034050781
0.0019941845
""
""
""
""
""
""
""
""
""
""
""
""
""
""
""
""
""
""
""
""
""
""
""
""
""
""
""
""
-0.030623782
""
0.018326892
0.01530921
-0.053701565
""
0.056790378
0.017192502
0.079996139
-0.028953295
""
-0.0015281152
0.065610886
0.011986698
-0.0075421114
""
-0.025410222
0.0074062999
0.017964521
-0.068265326
""
-0.0090007866
-0.030646129
-0.0042174915
0.044255003
-0.014192685
0.0044305311
-0.032581046
0.051573902
-0.015664633
0.046730295
0.0050267363
-0.012469574
-0.013879794
0.087160073
0.14973214
0.0066952799
""
-0.029612668
0.010085981
-0.029960247
0.01066384
-0.02310445
0.13987893
0.031391967
-0.023954378
0.0041239876
0.024212943
0.016311251
0.013046624
-0.0038696011
-0.00077218399
-0.0092344703
-0.013948071
0.0014810946
0.00062529155
0.015303881
-0.014476777
-0.026816433
0.012032681
0.0036210944
""
0.0086934511
0.0056665875
-0.0097335624
0.0099671157
""
0.094724618
0.029966811
""
-0.012202598
-0.0086694276
0.0066804797
0.066974387
-0.00042458699
0.038891252
0.0039609093
-0.012079174
0.022325363
0.032002881
0.0091777956
0.0043203542
-0.0050301291
-0.012180329
0.037741028
-0.0060033482
0.0086770281
0.0098068239
-0.0031666737
0.001640783
0.010982634
0.0020547532
0.018532099
0.026548253
-0.0080533195
0.00049410557
-0.002936949
-0.017739218
-0.015070343
0.019602003
-0.002728174
0.017414147
0.013351758
0.02455941
-0.00062547618
0.024324898
-0.050521333
-0.0088462532
-0.022479007
0.049733751
-0.021134302
0.017395863
-0.014918147
-0.0028870858
-0.018711504
-0.017471865
0.020530166
0.040003888
0.0025345357
-0.029265935
-0.033600453
-0.021625159
0.02172938
-0.038911957
0.018545566
-0.02986775
-0.0010580216
-0.030700296
0.010069117
0.014590557
0.0048101931
0.032465927
-0.0036368028
0.044757452
""
-0.023420686
""
0.042454649
""
""
-0.034602292
0.0073562493
0.064863957
-0.0070975223
0.0018837128
-0.029877653
0.061048739
""
0.026448533
-0.0022154488
-0.0079623666
-0.019242808
-0.010525295
-0.018280679
0.056370024
0.015603014
0.011104433
0.0026846903
0.063219212
0.020365288
0.005713603
0.0014691422
0.069970302
0.077306524
-0.01498605
0.025850503
""
-0.0010189235
0.26386818
0.00055819511
0.019312076
0.038200706
0.013468039
""
""
""
""
""
""
""
""
""
""
""
""
""
""
""
""
""
""
""
""
""
""
""
""
""
""
""
""
""
""
""
""
""
""
""
""
""
-0.0012608654
-0.032275423
""
""
""
""
""
-0.085659191
""
""
""
-0.0032865345
0.033172995
0.054244015
0.0093115214
0.00019563413
-0.026221242
0.01556152
0.056236695
-0.010670464
0.0089549152
-0.009652352
-0.012289299
0.0063795005
-0.025804715
-0.023080278
0.081710875
-0.0005610435
0.0047446769
0.0061621545
0.034166448
0.010879065
""
""
""
""
""
""
""
""
""
""
""
""
""
""
""
""
""
""
""
""
""
""
""
""
""
""
""
""
""
""
""
""
""
""
""
""
""
""
""
""
""
""
""
""
""
""
""
""
""
""
""
""
""
""
""
""
""
""
""
""
""
""
""
""
""
""
""
""
""
""
""
""
""
""
""
""
""
""
""
""
0.0055194879
-0.014958255
0.27503377
0.062544189
""
""
""
0.16940853
0.0084036896
""
""
""
""
""
0.019324757
""
""
""
""
""
""
""
""
""
""
""
""
""
""
""
0.20291823
0.027213821
-0.058653809
""
0.096516855
-0.016324976
0.0045204088
0.013709409
0.028479129
0.0064355507
0.12739952
""
""
""
""
""
""
""
""
""
0.0192874
0.019033933
0.012870397
""
0.0068116058
0.0040187668
-0.015507392
-0.0059094299
0.021851519
0.038792502
-0.017802553
0.010396673
0.0434516
-0.039145838
0.047237169
-0.02750947
0.011253687
0.012580929
0.051371831
-0.021612488
0.0031153169
-0.022533324
-0.024109498
0.016095206
0.015053937
-0.010607935
0.013234383
0.011341997
-0.056273136
0.010906157
-0.082409382
-0.00058538775
-0.023179978
-0.030499518
""
""
0.018293971
-0.034514435
0.014262151
-0.015968136
0.029916992
0.18685852
-0.03555195
-0.069047056
""
""
""
0.011313674
0.0071688625
-0.0082653621
0.0024536953
0.016544348
0.0012845712
0.023990305
0.01571821
0.001806011
0.017535482
-0.00098083518
-0.011697308
-0.01501694
0.068824917
-0.035664402
0.013306561
-0.0094007626
0.011297173
-0.0097536501
0.0084027713
-0.018035479
0.017799458
0.017556299
-0.0029348154
0.002639059
0.00021335759
0.014283109
0.0075426018
-0.012209672
""
0.0013511396
-0.0073386547
""
-0.004286027
""
""
""
""
""
""
""
""
""
""
""
""
""
""
""
""
""
""
""
""
""
""
""
""
""
""
""
""
""
""
""
""
""
""
""
""
0.011245182
0.011258081
-0.02338496
-0.020323072
0.007535581
-0.056036972
0.053728409
""
""
""
""
""
""
""
""
""
""
""
""
""
""
""
""
""
""
""
""
""
""
""
""
""
""
""
""
""
""
""
""
0.02375065
""
""
""
""
""
""
""
""
""
""
0.16466933
-0.059453476
0.0089307809
0.0077914312
-0.029913919
-0.0022885515
0.022773609
-0.010353135
0.078821801
0.0023287304
""
""
""
""
""
""
""
""
""
""
""
""
""
""
""
""
""
""
""
""
""
""
""
""
""
""
0.020399665
""
""
""
0.026512466
""
""
""
0.044424232
""
0.014739476
0.015605679
0.031977959
0.015465211
0.056138709
""
""
0.0331329
0.10595321
""
-0.061324116
""
0.018725561
""
""
""
""
""
""
""
0.0077070026
""
""
""
""
""
""
""
""
""
""
""
-0.018252145
0.016271789
""
0.0080152685
-0.012209661
0.0070184539
-0.003691992
-0.051548671
-0.022768581
""
""
""
0.058523733
""
""
""
0.049207333
""
""
""
""
0.034659632
-4.7994381e-05
0.063466512
0.051698584
0.0091492152
0.01939741
0.041211549
0.040589906
-0.00087697641
-0.003524903
0.028618768
""
0.1937155
0.033598769
-0.019465525
0.057251807
0.014268759
0.036235027
""
-0.0028874537
""
""
""
""
-0.028137602
-0.062358864
""
-0.0038459473
-0.0079460461
0.045729976
0.0032518683
""
""
0.041138601
""
0.027116073
0.0029821144
-0.038604084
0.078237429
0.093972757
""
""
-0.030008664
""
0.028514164
""
-0.079104856
0.023410095
""
0.12028348
0.0050393208
""
""
0.0047830609
-0.011232207
""
""
""
""
""
""
""
""
""
""
""
""
""
""
""
-0.10312587
0.043148138
0.0075918282
0.014866864
-0.047072437
-0.0054399795
-0.013950406
-0.0089934301
""
0.041876316
-0.0016759279
-0.011895524
0.062796548
-0.039251339
""
""
""
""
0.069276556
""
0.022304092
0.013064018
0.090202481
""
-0.00077428395
-0.066153303
""
""
""
""
""
""
""
""
-0.03359957
""
""
""
""
""
""
""
-0.010540748
""
""
""
-0.038233195
0.01428839
""
""
""
0.011155833
-0.02695203
-0.019306133
""
""
""
""
""
-0.04423755
0.03169053
-0.031897765
0.025206778
""
0.034403425
-0.012655968
0.0034645377
0.00012088023
-0.017303251
-0.005967163
-0.0039683715
0.033777896
-0.0087501314
0.035356458
0.0045502805
""
""
-0.025518436
""
""
""
""
""
""
""
""
""
""
-0.056259714
-0.00079744792
""
-0.037860315
-0.013284011
0.011230251
0.010840567
0.015886704
0.014409184
0.0055324971
0.033912379
0.0049260613
0.0080896877
0.020179132
0.010171214
-0.010656732
-0.0051844865
-0.006857988
0.0020765669
0.019903438
0.032152079
0.0034530153
-0.009886587
0.011469953
-0.003025695
0.00637373
-0.0013935562
-0.00046496879
0.063129477
0.010575644
""
-0.012289292
""
""
""
0.038722761
-0.044269558
-0.00069167704
-0.0012345099
-0.012744858
0.030592227
-0.0087444102
0.0045978436
0.020267503
0.0055235634
0.24066299
0.065054171
""
""
""
0.0023279036
-0.0098439027
""
""
""
""
""
0.07418669
-0.019853067
-0.020852042
""
""
""
""
0.0090511907
""
""
0.042077597
0.0053360215
0.040640883
0.025319206
""
""
""
""
""
""
""
""
0.15309682
0.016611341
-0.0075977561
-0.022072682
0.00059417367
-0.016107831
-0.010864426
0.00060483429
-0.0068120966
""
0.057610188
0.15888996
0.012887591
0.023022909
0.012454746
-0.016722724
0.0037810043
-0.0092084575
0.01554668
0.03240649
0.0080528129
-0.017785853
""
""
""
""
""
""
""
""
0.11933506
0.038312808
""
0.11802192
-0.035913873
0.015888156
-0.014759126
""
""
0.013285446
""
""
""
""
0.00081908546
-0.081782967
0.020229571
""
-0.03102492
-0.015311041
0.023336368
-0.018176442
0.0092746625
4.3309039e-05
""
0.0057630595
""
""
0.018902732
0.040843125
0.0025285864
-0.023872603
""
-0.0033629609
""
""
""
""
""
""
""
""
""
-0.020134844
0.045862712
0.03448125
0.0021282574
""
""
""
-0.02284155
""
""
""
""
0.040372405
-0.0032560045
""
""
""
0.034495234
0.023485722
""
""
0.010329033
-0.013393179
0.064945206
-0.0066710161
""
-0.0036941448
0.04601936
""
""
""
""
""
0.034382079
""
""
""
0.011051511
""
-0.008148646
-0.026034091
0.062249392
0.02770726
0.083472326
""
-0.0063998285
""
""
""
""
0.11563173
0.029627584
""
""
0.01190038
""
""
""
""
0.041016575
""
""
-0.013691973
""
0.058981922
""
""
""
""
""
0.034769665
""
0.0017572581
0.042077724
""
""
""
""
-0.056678046
-0.030266767
-0.059935659
-0.02548399
""
""
""
0.13987292
""
""
0.057338472
""
0.02949865
0.079330616
""
0.014492759
""
-0.089992881
0.013262926
-0.011443286
""
""
""
""
""
""
0.159789
""
""
0.15096167
""
""
""
""
0.10473675
-0.023459347
0.019851547
0.11341611
0.021797411
0.027776193
0.012475351
0.038907968
-0.0079643102
-0.0059576053
-0.025490558
-0.1020464
-0.01023049
0.017331498
0.014718394
-0.0088665737
""
""
0.0570856
-0.019888086
0.031584099
0.020945232
""
""
""
""
""
""
-0.0015623096
""
""
""
""
""
""
""
""
""
0.016557528
0.039462794
0.06430389
""
""
""
""
""
""
""
""
""
""
""
0.011320099
""
""
""
""
""
""
""
""
""
""
0.030517271
""
""
""
0.00488686
""
0.050721098
""
""
""
-0.041812748
0.040873062
0.045834843
-0.018875325
-0.020616176
-0.017807527
-0.0016087166
-0.015154614
-0.04126206
-0.024308456
""
""
0.072490022
-0.0081636133
""
""
""
-0.03724245
""
""
""
-0.011640592
""
""
""
""
0.02456684
-0.0013048156
""
""
""
-0.017257204
-0.038776841
""
0.034441106
""
-0.039748993
""
""
""
""
""
""
""
""
""
""
""
""
""
0.024225166
""
""
""
""
-0.020120684
""
""
""
""
""
0.029052027
0.0094428454
0.036603473
""
""
""
""
""
""
""
""
""
""
""
""
""
""
""
""
-0.16254383
-0.011077588
0.054112401
0.064226605
0.018863698
-0.0207731
-0.054448772
0.057983883
0.0028021911
""
""
0.051861621
0.018732976
-0.027836844
""
0.043405641
0.064345323
0.01334862
-0.0043284022
0.021954808
-0.0058228555
0.030831603
0.079515867
-0.019396083
""
0.03987259
""
-0.004004661
0.047309451
-0.033780936
0.073038161
0.035641097
""
""
""
""
""
0.00014317597
0.034819718
0.028475268
-0.018955925
0.013673756
""
0.019036882
""
""
""
0.021147186
""
-0.030638585
""
""
0.12783344
-0.0063689435
""
""
-0.021372143
""
""
""
""
0.013644245
""
""
-0.0037104404
0.0074622119
0.029879633
0.0037944338
-0.014650819
0.013075646
""
0.025139656
0.0030190919
""
-0.015042847
-0.055938035
""
""
""
""
""
""
""
""
""
""
""
""
""
""
""
""
""
""
""
""
""
""
""
""
""
""
-0.022727402
0.011305728
0.017599445
""
""
""
0.0053368201
""
""
""
""
""
""
""
0.031855043
""
""
""
""
-0.0083527267
0.01199818
""
""
""
""
""
""
""
""
""
""
""
""
""
""
""
""
""
""
""
""
""
""
""
""
""
""
""
""
""
""
""
""
""
""
""
""
""
""
""
""
""
""
""
""
0.0212199
""
""
""
""
""
""
""
""
""
""
""
""
""
0.0064685796
-0.058101032
0.014859743
-0.01508052
-0.035603799
""
""
""
""
-0.025433965
""
""
""
-0.047803421
""
""
""
0.022357289
""
0.049013451
""
0.042085357
""
""
0.036397286
""
""
""
""
""
""
""
-0.0091750696
0.01725715
0.0085100448
0.0046221712
""
""
""
""
""
""
""
""
""
""
""
""
""
""
""
""
""
""
""
""
""
""
""
""
""
""
""
""
""
""
""
""
""
""
""
""
""
""
""
""
""
""
""
""
""
""
""
""
""
""
""
""
""
""
""
""
""
""
""
-0.090424597
""
0.0092383651
0.029044639
""
""
""
-0.0031365023
""
""
""
""
""
""
""
""
""
""
""
""
""
""
""
""
""
""
""
""
""
""
""
""
""
""
""
""
""
""
""
""
""
""
""
0.036384251
""
""
""
""
""
""
""
""
""
""
""
""
""
""
""
""
""
""
""
""
""
""
""
""
""
""
""
""
""
""
""
""
""
""
""
""
""
""
""
""
""
""
""
""
""
""
""
0.040009711
""
0.011514417
-0.0039996547
0.065845363
0.038418025
0.0078684362
-0.01550122
""
""
-0.015749592
0.01518904
0.082313165
""
0.044685911
-0.010474048
-0.046226043
-0.00064809778
-0.020740412
-0.0060944618
0.027015565
-0.0085321292
-0.010752467
-0.0089606894
0.043777943
0.035602793
-0.01059651
-0.0096743274
-0.0010624637
0.019578621
0.10209584
-0.021576185
""
""
0.048136316
""
0.07446976
""
-0.059259646
""
""
""
""
""
0.053258028
-0.060430113
0.024880968
""
""
0.055780444
0.10530129
0.029066248
0.017183857
0.010598638
0.06438978
0.053340118
""
0.025374342
0.015436608
-0.012931149
0.073682405
0.16541642
-0.03016896
0.015910974
0.026810773
-0.037482858
0.023581035
0.034431126
-0.017048609
-0.0014809651
0.0033271904
0.035155397
0.089769013
0.027190274
0.036132425
""
-0.04491739
""
0.019620687
0.022743033
""
0.021551406
""
""
""
-0.0057726442
""
""
""
""
""
""
""
-0.060411233
0.040268905
""
""
""
""
""
""
""
""
""
""
""
""
""
0.31218457
0.010801397
""
""
0.080153026
-0.056119714
0.0053696507
-0.038159203
0.038404927
-0.02366684
-0.038293395
-0.0025073367
""
-0.034427743
""
""
""
""
""
""
""
""
0.040535912
""
""
""
""
""
""
""
0.012279689
""
""
0.021195902
0.031397048
-0.017444888
0.027668586
-0.010708462
0.0070826146
""
""
""
""
""
""
""
0.0061324043
0.031187752
0.018681256
-0.048524212
""
-0.011339715
""
-0.025017187
-0.051026396
""
""
""
""
-0.0024485313
""
-0.049459323
-0.00099073397
0.016388323
-0.004234158
0.0081559867
0.082202286
0.026191963
0.016383845
0.0035114738
0.029493589
""
0.057629228
0.062533557
-0.0017175715
0.0093485769
-0.02816706
""
-0.10977628
""
""
-0.029928606
""
""
0.11583333
0.036996193
0.0064751627
0.034747474
0.050551571
0.0040724352
0.013041938
0.085371204
0.011413104
0.025546674
0.0048406194
-0.004102001
0.0018028832
0.011566918
0.0067910645
0.035018113
0.024257364
-0.025194816
""
-0.02657281
-0.074739411
""
-0.0072957589
""
-0.059683163
0.022546878
""
""
""
""
""
""
""
""
""
""
""
""
""
0.015672663
0.016357675
-0.11856977
""
-0.027140301
-0.030111687
0.018161999
-0.0761116
0.036503438
0.036598694
""
""
""
""
""
""
""
""
""
0.010093475
""
""
""
""
""
-0.007099574
-0.034512557
""
""
""
""
""
""
""
""
""
""
""
""
""
""
""
""
""
""
""
""
0.013672749
""
0.1130098
0.067691915
""
""
""
""
""
""
0.029665127
""
""
""
""
0.011721372
0.057664927
0.022868713
""
""
""
""
""
-0.023924852
""
0.003586252
""
""
""
""
""
""
""
""
-0.04833727
0.029612344
""
""
""
-0.035158902
""
""
""
""
""
""
""
""
""
""
""
""
""
""
""
""
""
""
""
""
""
""
""
""
""
""
""
""
""
""
""
""
""
""
""
""
""
""
""
""
""
""
""
""
""
""
""
""
-0.043855231
-0.022193532
-0.061924577
-0.098637499
-0.039585419
0.018560035
""
""
""
""
""
""
""
""
-0.054314103
""
""
""
""
""
-0.019194786
-0.012934295
0.026522184
-0.016835751
""
-0.033341076
-0.010089941
0.0081007127
0.025525594
""
""
""
""
0.028576396
""
""
""
""
""
""
""
-0.046690762
0.0018998238
0.068705268
""
0.13062192
""
0.027885769
0.023127038
0.0040033311
""
-0.03352987
""
""
""
""
""
""
""
""
""
""
""
""
""
""
""
""
""
""
""
-0.053473562
""
""
""
""
""
""
""
""
""
""
""
""
""
""
""
""
""
""
""
""
""
""
""
""
""
""
""
""
""
""
""
""
""
""
""
""
""
""
""
""
""
""
""
""
""
""
""
""
""
""
""
""
""
""
""
""
""
""
""
""
""
""
""
""
""
""
""
""
""
""
""
""
""
""
""
""
""
""
""
""
""
""
""
""
""
""
""
""
""
""
""
""
""
""
""
""
""
""
""
""
""
""
""
""
""
""
""
""
""
""
""
""
""
""
""
""
""
""
""
""
""
""
""
""
""
""
""
""
""
""
""
""
""
""
""
""
""
""
""
""
""
""
""
""
""
""
""
""
""
""
""
""
""
""
""
""
""
""
""
""
""
""
""
""
""
""
""
""
""
""
""
""
""
""
""
""
""
""
""
""
""
""
""
""
""
""
""
""
""
""
""
""
-0.032687951
-0.043595996
""
""
""
-0.0060388129
""
""
""
""
""
""
""
0.018669454
0.020623447
""
""
""
""
""
-0.042881481
""
""
""
""
""
""
""
""
""
""
""
""
""
""
""
""
""
0.021340396
""
""
""
""
""
""
""
""
""
""
""
""
""
""
""
""
""
""
""
""
""
""
""
""
""
""
""
""
""
""
""
""
""
""
""
""
""
""
""
""
""
""
""
""
""
""
""
""
""
""
""
""
""
0.021501735
0.0019280697
-0.090938628
0.0026293972
-0.029624231
0.010234803
0.056019209
""
0.0018235542
0.063931592
""
""
0.01118735
-0.0038877768
-0.0032962731
""
""
""
0.089537829
-0.0022208574
""
0.04775979
""
""
""
""
-0.055017367
""
""
""
""
""
""
""
""
""
""
0.014717432
""
""
""
""
""
""
""
""
""
""
""
""
""
""
""
""
0.017690951
""
""
""
""
""
""
""
""
""
""
""
""
""
""
""
""
""
""
""
""
""
""
""
""
""
""
""
0.0067095775
""
0.074970677
""
""
""
""
""
""
""
""
""
""
""
""
""
""
""
""
""
""
""
""
""
""
""
""
""
""
""
""
""
""
""
""
""
""
""
""
""
""
""
""
""
""
""
""
""
""
""
""
""
""
""
""
""
""
""
""
""
""
""
""
""
""
""
""
""
""
""
""
""
""
""
""
""
""
""
""
""
""
""
""
""
""
""
""
""
""
""
""
""
""
""
""
""
""
""
""
""
""
""
""
""
""
""
""
""
""
""
""
""
""
""
""
""
""
""
""
""
""
""
""
""
""
""
""
""
""
""
""
""
""
""
""
""
""
""
""
""
""
""
-0.010548446
""
""
""
""
""
""
""
""
0.030412439
""
""
""
""
""
""
""
""
""
""
""
""
""
""
""
""
""
""
""
-0.017158568
""
""
""
""
""
""
""
""
""
""
""
""
""
""
""
""
""
""
""
""
""
""
-0.029462658
0.068532586
0.020749062
0.029381562
0.014452835
""
-0.020415572
-0.049167383
0.00076700788
""
0.018621909
-0.027336927
0.013507132
0.13504016
-0.0073898965
-0.099959165
-0.016632915
""
0.012191013
0.060296994
-0.093176313
""
""
0.0062808921
0.077408612
0.013361127
0.012066655
0.048837252
""
""
""
""
""
""
""
""
""
-0.041529346
""
-0.010329798
0.012349566
-0.038940627
""
0.014433876
""
-0.015727833
""
""
""
0.0022676771
0.018285604
""
""
""
0.024164964
-0.046095643
""
""
""
0.0063971956
""
""
""
""
""
""
""
""
""
""
""
""
""
""
""
""
""
""
""
""
""
-0.011700541
0.031448402
0.02080605
0.0047151716
-0.006270906
""
""
-0.0011431014
""
""
-0.0036739043
0.043372829
-0.0078948317
0.015807081
-0.02080451
0.042877279
0.053233102
""
0.022826348
-0.041070201
-0.034149457
0.14635646
""
-0.0095190965
-0.044879548
-0.066473924
-0.046951693
0.048965614
""
""
""
0.021259943
""
""
""
-0.046815529
""
""
""
""
""
""
""
""
""
0.014379003
""
""
""
""
""
""
""
""
""
""
""
""
""
""
""
""
-0.02434152
""
""
""
""
""
""
""
""
""
""
""
""
""
""
""
""
""
""
""
""
""
""
""
""
""
""
""
""
""
""
""
""
""
""
""
0.068998449
""
""
""
""
""
0.033706155
""
""
""
-0.050586659
""
""
""
""
""
""
""
0.20971899
0.0075281188
""
-0.076195605
""
0.026180597
-0.012983023
0.0084002679
""
0.020404238
0.012217093
-0.012399471
""
-0.0013125413
-0.020123797
""
""
-0.014090481
-0.20534566
-0.01736097
-0.024248792
""
""
-0.061626367
0.024020074
0.024015477
0.016102936
""
""
""
""
""
0.02729474
""
""
-0.057212271
""
""
""
""
""
""
""
""
""
-0.04760658
""
""
""
0.072349899
""
""
""
""
""
""
""
""
""
""
""
""
""
""
""
""
0.034682035
0.15341511
""
""
""
""
""
""
""
""
""
""
""
""
""
""
""
""
""
0.11115403
""
0.0042678793
0.021196852
-0.10161868
0.1097763
""
-0.026335543
""
""
0.062599607
0.045671836
0.00041677969
""
""
""
""
0.02185804
""
""
""
""
0.14966266
""
""
""
-0.061521746
""
""
""
""
""
""
""
""
""
""
""
""
""
""
""
""
""
""
""
""
""
""
""
""
""
""
""
""
""
0.025771193
""
""
""
""
""
""
""
-0.079669468
""
0.053833395
""
""
""
""
""
""
""
""
""
""
""
""
""
""
""
""
""
""
""
""
""
""
""
""
""
""
""
""
""
""
""
""
""
""
""
""
""
""
""
""
""
""
""
""
""
""
""
""
""
""
""
""
""
""
""
""
""
""
""
""
""
""
""
-0.014397175
""
-0.019589039
-0.017100504
""
""
""
""
""
""
""
""
""
""
""
""
""
""
""
""
""
""
""
""
""
""
""
""
""
""
""
""
""
""
""
""
""
""
""
""
""
""
""
""
0.13827956
""
""
0.089247882
""
""
""
""
""
""
""
""
""
""
""
""
""
""
""
""
""
""
""
""
""
""
""
""
""
""
""
""
""
""
""
""
""
""
""
""
""
""
""
""
""
""
""
""
""
""
""
""
""
""
""
""
""
""
""
""
""
""
""
""
""
""
""
""
""
""
""
""
""
""
""
""
-0.0030999857
-0.052567013
""
0.078078359
-0.05953778
-0.069322959
0.012094701
""
0.009638112
""
""
""
""
""
""
""
""
""
""
""
""
""
""
""
""
-0.055887479
""
0.12722288
-0.048487607
0.1336886
-0.0074886777
""
""
-0.023179136
-0.12693246
""
""
""
""
""
""
""
""
""
""
""
""
""
""
""
""
""
""
""
""
""
""
""
""
""
""
""
""
""
""
""
""
""
""
""
""
""
""
""
""
""
""
""
""
""
""
""
""
""
""
""
""
0.013049818
""
""
""
""
""
""
""
""
""
""
""
""
""
""
""
""
""
""
""
""
""
""
""
""
""
""
""
""
""
""
""
""
""
""
""
""
""
""
""
""
""
""
""
""
""
""
""
""
""
""
""
""
""
""
""
""
""
""
""
""
""
""
""
""
""
""
""
""
""
""
""
""
""
""
""
""
""
""
""
""
""
""
""
""
""
""
""
""
""
""
""
""
""
""
""
""
""
""
""
""
""
""
""
""
""
""
""
""
""
""
""
""
""
""
""
0.055768371
""
""
""
""
""
""
""
""
""
""
""
""
""
""
""
""
""
""
""
""
""
""
""
""
""
""
""
""
""
""
""
""
""
""
""
""
""
""
""
""
""
""
""
""
""
""
""
""
""
""
""
""
""
""
""
""
""
""
""
""
""
""
""
""
""
""
""
""
""
""
""
""
""
""
""
""
""
""
""
""
""
""
""
""
""
""
""
""
""
""
""
""
""
""
""
""
""
""
""
""
""
""
""
""
0.035143387
0.31251881
-0.0048016598
0.041253734
""
""
""
""
""
""
0.018906321
""
""
""
""
""
""
""
""
-0.017261144
""
""
""
-0.03458124
""
""
""
""
""
""
""
""
""
-0.0070135416
""
""
""
""
""
""
""
-0.031387817
0.10053708
0.021412786
-0.04297981
-0.030322812
""
0.10893156
-0.0010256895
0.025340712
-0.002669218
-0.027395014
""
-0.016943345
-0.016166797
0.010912951
0.0345929
0.05864336
0.026804386
-0.0048105526
""
0.06129865
0.0064474596
0.068278588
-0.0064088493
-0.019777475
""
0.036695004
0.0051867082
0.016994147
0.013969728
0.014124166
0.02040234
0.028822711
0.004040482
0.017536495
-0.040444262
0.0034621411
-0.014290128
-0.078309171
""
-0.0053489055
-0.0072239898
0.12264357
-0.034809794
0.0076634861
-0.075421341
-0.0085252319
-0.015939515
-0.020246901
0.0077220178
-0.0082624462
-0.045653973
-0.025502829
0.060719639
""
0.001457567
0.036107011
-0.0077638333
0.033113074
0.013362093
0.011331592
0.027589001
0.026987135
-0.024165081
0.017667562
-0.048498042
0.049519964
0.0015827318
-0.053597599
0.063854568
0.045313999
-0.015380495
-0.021018725
-0.011574654
""
0.015074871
-0.020884831
""
0.054272637
0.045342419
""
""
""
""
""
""
""
""
""
0.024657222
""
""
""
""
""
""
""
""
""
""
""
""
""
""
""
""
""
""
""
""
""
""
-0.057990268
""
""
-0.017763769
-0.014192379
""
""
""
""
""
""
""
""
""
""
""
""
""
""
""
""
""
""
""
""
""
""
""
""
""
""
""
""
""
""
""
""
""
""
""
""
""
""
""
""
""
""
""
""
""
""
""
""
""
""
""
""
""
""
""
""
""
""
""
""
""
""
""
0.071915001
""
""
""
""
""
""
""
""
""
""
""
""
""
""
""
""
""
""
""
""
""
""
""
""
""
""
""
""
""
""
""
""
""
""
""
""
""
""
""
""
""
""
""
""
""
""
""
""
""
""
""
""
""
""
""
""
""
""
""
""
""
-0.029912693
""
""
""
""
""
""
""
""
""
""
""
""
""
0.16985287
""
""
""
""
""
""
""
""
""
""
""
""
""
""
""
""
""
""
""
""
""
""
""
""
""
""
""
""
""
""
""
""
""
""
""
""
""
""
""
""
""
""
""
""
""
""
""
""
""
""
""
""
""
""
""
""
""
""
""
""
""
""
""
""
""
""
""
""
""
""
""
""
""
""
""
""
""
""
""
""
-0.030534858
""
""
""
""
""
""
""
""
""
""
""
""
""
""
""
""
""
""
""
""
-0.016043002
""
""
""
""
""
""
""
""
""
""
""
""
0.025510442
""
""
""
""
""
""
""
""
""
""
""
""
""
""
""
""
-0.065338008
0.042760752
""
""
""
-0.094360486
""
""
""
""
""
""
-0.018497782
-0.090780661
""
""
""
""
""
""
""
""
""
""
""
""
""
""
""
""
""
""
""
""
""
""
""
""
""
""
""
""
""
""
""
""
""
""
""
""
""
""
""
""
""
""
""
""
""
""
""
""
""
""
""
""
""
""
""
""
""
""
""
""
""
""
""
""
""
""
""
""
""
""
""
""
""
0.0013356194
""
""
""
""
-0.0093161063
-0.028913124
""
""
""
""
""
""
""
""
""
""
""
""
""
""
""
""
""
""
""
""
""
""
""
""
""
""
""
""
""
-0.0019301166
-0.010375758
-0.0015566985
0.033721309
0.011218299
0.00056261843
""
-0.0026140709
0.025966195
0.017248228
""
-0.00050964858
0.0069118454
0.012126085
-0.0053811986
""
""
""
""
""
""
0.044846419
""
""
""
""
-0.016511925
""
""
""
""
""
""
""
""
""
""
""
""
""
""
""
""
""
""
""
""
""
""
""
""
""
""
""
""
""
""
""
""
""
""
""
""
""
""
""
""
""
""
0.057282351
""
""
""
""
0.20090459
""
""
""
""
-0.043712921
""
""
""
""
""
""
""
""
""
0.050975796
""
0.0084740613
""
-0.083821073
0.014436308
""
""
""
-0.090285353
""
""
0.15578319
""
""
""
""
""
""
""
""
""
""
""
""
""
""
""
""
""
""
""
""
""
""
""
""
""
""
""
""
""
""
""
""
""
""
""
""
""
""
""
""
""
""
""
""
""
""
""
""
""
""
""
""
""
""
""
""
""
""
""
""
""
""
""
""
""
""
""
""
""
""
""
""
""
""
""
""
""
""
""
""
""
""
""
""
""
""
""
""
""
""
""
""
""
""
""
""
""
""
""
""
""
""
""
""
""
""
""
""
""
""
""
""
""
""
""
""
""
""
""
""
""
""
""
""
""
""
""
""
""
""
""
""
""
""
""
""
""
""
""
""
""
""
""
""
""
""
""
""
""
""
""
""
""
""
""
""
""
""
""
""
""
""
""
""
""
""
""
""
""
""
""
""
""
""
""
""
""
""
""
""
""
""
""
""
""
""
""
""
""
""
""
""
""
""
""
""
""
""
""
""
""
""
""
""
""
""
""
""
""
""
""
""
""
""
""
""
""
""
""
""
""
""
""
""
""
""
""
""
""
""
""
""
""
""
""
""
""
""
""
""
""
""
""
""
""
""
""
""
""
""
""
""
""
""
""
""
""
""
""
""
""
""
""
""
""
""
""
""
""
""
""
""
""
""
""
""
""
""
""
""
""
""
""
""
""
""
""
""
""
""
""
""
""
""
""
""
""
""
""
""
""
""
""
""
""
""
""
""
""
""
""
""
""
""
""
""
""
""
""
""
""
""
""
""
""
""
""
""
""
""
""
""
""
""
""
""
""
""
""
""
""
""
""
""
""
""
""
""
""
""
""
""
""
""
""
""
""
""
""
""
""
""
0.15431903
-0.013552129
""
""
""
""
""
""
""
""
""
""
""
""
""
""
""
""
""
""
""
""
""
""
""
""
""
""
""
""
""
""
""
""
""
""
""
""
""
""
""
""
""
""
""
""
""
""
""
""
""
""
""
""
""
""
""
""
""
""
""
""
""
""
""
""
""
""
""
""
""
""
""
""
""
-0.01097423
""
""
""
0.00051502592
0.031829018
""
""
""
""
""
""
""
""
""
""
""
""
""
""
""
""
""
""
""
""
""
""
""
""
""
""
""
""
""
""
""
""
""
""
""
""
""
""
""
""
""
""
""
""
""
""
""
""
""
""
""
""
""
""
""
""
""
""
""
""
""
""
""
""
""
""
""
""
""
""
""
""
""
""
""
""
""
""
""
""
""
""
""
""
""
""
""
""
""
""
""
""
""
""
""
""
""
""
""
""
""
""
""
""
""
""
""
""
""
""
""
""
""
""
""
""
""
""
""
""
""
""
""
""
""
""
""
""
""
""
""
""
""
""
""
""
""
""
""
""
""
""
""
""
""
""
""
""
""
""
""
""
""
""
""
""
""
""
""
""
""
""
""
""
""
""
""
""
""
""
""
""
""
""
""
""
""
""
""
""
""
""
""
""
""
""
""
""
""
""
""
""
""
-0.12197645
""
""
""
""
""
""
""
""
""
""
""
""
""
""
""
""
""
""
""
""
""
""
""
""
""
""
""
""
""
""
""
""
""
""
""
""
""
""
""
""
""
""
""
""
""
""
""
""
""
""
""
""
""
""
""
-0.014989733
""
""
""
""
""
""
""
""
""
""
""
""
""
""
""
""
""
""
""
""
""
""
""
""
""
""
""
""
""
""
0.19807385
-0.0036298567
""
0.0028160508
-0.050364837
""
""
""
""
""
""
""
""
""
""
""
""
""
""
""
""
""
""
""
""
""
""
0.081460193
""
-0.028617023
""
-0.011513962
0.030625239
-0.036927354
0.02721322
""
""
""
""
""
""
""
""
""
""
""
""
""
""
""
""
""
""
""
""
""
""
""
""
""
""
""
""
""
""
""
""
""
""
""
""
""
""
""
""
""
""
""
""
""
0.00070683466
""
""
""
""
""
""
""
""
""
""
""
""
""
-0.029438628
""
""
""
""
""
""
-0.021768043
""
""
0.066112943
""
""
""
-0.020290647
""
""
""
-0.009622639
""
""
""
""
""
""
""
""
""
""
""
""
""
""
""
""
""
""
""
""
""
""
""
""
""
-0.0099780895
""
""
""
""
""
-0.071036913
""
""
""
""
""
""
""
""
""
""
""
""
""
""
""
""
""
""
""
""
""
""
""
0.053847957
0.0360296
""
""
""
""
-0.063605949
0.25351644
0.060580146
""
""
""
""
""
""
""
""
""
""
""
""
""
""
""
""
""
""
""
""
""
""
""
""
""
""
""
""
""
""
""
0.040776834
-0.037115701
0.085781552
""
""
-0.024005815
""
-0.026488811
""
""
""
""
""
""
""
""
""
""
""
0.029647684
-0.0289228
-0.0087425141
""
""
-0.040123217
""
""
""
""
""
""
""
-0.049031194
""
""
""
""
""
""
""
""
""
""
""
""
""
""
""
""
""
""
""
""
""
""
""
""
""
""
""
""
""
""
""
""
""
""
""
""
""
""
""
""
-0.039012086
""
""
""
""
""
""
""
""
""
""
""
""
""
""
""
""
""
""
""
""
""
""
""
""
""
""
""
""
""
""
""
""
""
""
""
""
""
""
""
""
""
""
""
""
""
""
0.08129473
""
""
""
""
""
""
""
""
""
""
""
""
""
""
-0.026266331
0.041011654
""
""
""
""
""
0.018448286
""
""
0.034795765
-0.025526989
-0.15095736
-0.038943022
0.010511428
0.013852988
""
""
""
""
""
""
""
""
-0.31415951
""
""
""
""
""
""
""
""
""
""
""
""
""
""
""
""
""
""
""
""
""
""
""
""
""
0.021270342
""
0.028684389
0.34742087
-0.000207317
""
""
""
""
""
""
""
""
""
""
-0.015847331
""
""
""
""
""
""
""
""
""
""
""
""
""
""
""
""
""
""
""
""
""
""
""
""
""
""
""
""
""
""
""
""
""
""
-0.059612259
""
""
0.079973452
""
""
""
""
""
""
""
""
""
""
""
""
""
""
""
""
""
""
""
""
""
""
""
""
""
""
-0.051099349
""
""
""
""
""
""
""
""
""
""
-0.031676345
""
""
-0.02781773
""
""
""
""
""
""
""
""
""
""
""
""
""
0.12968887
""
""
""
-0.053899497
0.049957283
-0.086248845
""
0.014127875
-0.022350727
0.0084491093
-0.11007707
-0.0043031876
-0.029911384
0.025664708
-0.019969914
""
""
-0.01306429
-0.023893267
-0.039156854
-0.06198968
-0.012417225
""
""
""
""
""
-0.036978327
-0.07553611
-0.13090084
-0.069710307
0.040135361
0.014883216
""
0.084294155
""
""
""
""
""
-0.0071777208
""
""
""
""
""
""
""
""
""
""
-0.025974296
-0.005905109
-0.0032181984
-0.018560164
""
""
""
""
""
""
""
""
""
""
""
""
""
""
0.048030552
""
""
""
0.014215608
""
""
""
""
""
""
""
""
""
""
""
""
""
""
-0.067824423
""
0.0019554461
""
""
""
""
""
-0.034173749
""
""
0.056349527
""
0.024619423
""
""
""
0.036661595
""
""
""
""
""
0.037332617
""
""
""
""
""
""
""
9.8035584e-05
""
""
""
""
""
""
""
""
""
""
""
""
""
0.058882076
-0.037558619
-0.059849795
""
""
""
""
""
""
""
""
""
""
""
""
""
""
""
""
""
""
""
""
""
""
""
""
""
""
""
""
""
""
""
""
""
""
""
""
""
""
""
""
""
""
""
""
""
""
""
""
""
""
""
""
""
""
""
""
""
""
""
""
""
""
""
""
""
""
""
""
""
""
""
""
""
""
""
""
""
""
0.039116271
""
0.0015964938
""
""
""
0.092668794
""
""
""
""
""
""
-0.0012684858
""
""
""
""
0.014802692
0.0066677663
0.056982268
0.15767002
0.11837367
""
""
""
""
""
""
0.020811774
""
0.02348759
""
""
""
""
""
""
""
""
""
""
""
""
""
""
""
""
""
""
""
""
""
""
""
""
""
""
""
""
""
""
""
""
""
""
""
""
""
""
""
""
""
""
""
""
""
""
""
""
""
""
""
""
""
""
""
""
""
""
""
""
""
""
""
""
""
""
""
""
""
""
""
""
""
0.0084689874
-0.068948209
0.0070568179
0.23088346
0.051758889
""
""
""
""
""
""
""
""
""
""
""
""
0.14370346
""
-0.088047817
""
""
""
""
""
""
""
""
0.013772723
""
""
""
""
""
""
""
""
""
""
""
-0.019776098
""
0.061529644
""
""
""
""
""
""
""
""
0.071900986
0.049589876
0.11221024
-0.0093573146
""
""
""
""
0.2628136
""
""
""
""
""
""
""
""
""
""
0.10752143
""
0.011697029
0.1088108
""
-0.12241322
0.025345221
0.017463954
""
0.062909968
0.061917465
0.032482427
-0.087146811
0.018375337
-0.13874845
-0.011221852
-0.1073362
0.087255679
0.0073131472
""
0.096092314
""
-0.017299589
-0.061672188
-0.059751898
""
""
0.22551171
""
""
0.11610368
""
""
-0.0085123852
""
""
""
-0.01649219
""
-0.083815813
""
""
""
""
""
""
0.05144548
""
""
""
0.0037520479
0.060185395
""
""
0.014900644
-0.12106257
-0.035118934
""
-0.030170821
0.05563347
""
0.051607694
0.0034855758
""
""
0.0043441481
""
""
""
""
""
""
""
0.10227556
0.022137301
""
""
""
""
""
0.09314432
0.082467996
""
""
""
""
""
""
""
""
""
""
""
""
""
""
""
""
""
""
""
""
""
""
""
-0.0071163219
0.023733713
0.0089546796
0.051443186
-0.017576683
0.038436867
""
""
0.013081984
-0.068844154
-0.021762688
-0.016485702
-0.14860827
0.13420834
-0.025625916
""
""
""
""
""
""
""
""
""
""
0.040312629
-0.11690652
""
""
-0.20358628
0.17798062
-0.010065155
-0.07579907
-0.025521407
""
""
""
""
""
""
""
""
""
-0.026104452
0.0082643069
""
-0.0037118893
""
""
""
""
0.041679427
""
""
""
""
""
""
-0.13065617
""
""
""
0.050699525
-0.0090141362
""
""
""
""
""
""
""
""
""
""
""
""
""
""
""
""
""
""
""
""
""
""
""
""
""
""
""
""
""
0.064957522
-0.15517865
0.053937532
0.054229934
""
-0.09512829
0.24321835
-0.013156631
-0.043785602
0.17704652
-0.011718306
-0.090019837
""
""
0.02282376
0.1451855
-0.0047359029
""
-0.015116241
-0.042355254
""
0.047798865
""
""
""
""
-0.067224398
""
""
""
""
""
""
0.073641174
""
""
""
""
""
""
""
0.13638343
""
""
""
""
""
""
""
""
""
0.014480998
0.10602883
0.012317203
0.00412683
""
""
""
""
""
""
""
""
""
""
""
""
""
""
""
""
""
""
""
""
""
""
""
""
""
""
""
""
""
""
""
""
""
""
""
""
""
""
""
""
""
""
""
""
""
""
""
""
""
""
""
""
""
""
""
""
""
""
""
""
""
""
""
""
""
""
""
""
""
""
""
""
""
""
""
""
""
""
""
""
""
""
""
""
""
""
""
""
""
""
""
""
""
""
""
""
""
""
""
""
""
""
""
""
""
""
""
""
""
""
""
""
""
""
""
""
""
""
""
""
""
""
""
""
""
""
""
""
""
""
""
""
""
""
""
""
""
""
""
""
""
""
""
""
""
""
""
""
""
""
""
""
""
""
""
""
""
""
""
""
""
""
""
""
""
""
""
""
""
""
""
""
""
""
""
""
""
""
""
""
""
""
""
""
""
""
""
""
""
""
""
""
""
""
""
""
""
""
""
""
0.021288326
-0.10040125
""
""
""
""
""
""
""
""
""
""
""
""
""
""
""
""
""
""
""
""
""
""
""
""
""
""
""
""
""
""
""
""
""
""
""
""
""
""
""
""
""
""
""
""
""
""
""
""
""
""
""
""
""
""
""
""
""
""
""
""
""
""
""
""
""
""
""
""
""
""
""
""
""
""
""
""
""
""
0.097671211
""
""
""
""
""
""
""
""
""
""
""
""
""
""
""
""
""
""
""
""
""
""
""
""
""
""
""
""
""
""
""
""
""
""
""
""
""
""
""
""
""
""
""
""
""
""
""
""
""
""
""
""
""
""
""
""
""
""
""
""
""
""
""
""
""
""
""
""
""
""
""
""
""
""
""
""
""
""
""
""
""
""
""
""
""
""
""
""
""
""
""
""
""
""
""
""
""
""
""
""
""
""
""
""
""
""
""
""
""
""
""
""
""
""
""
""
""
""
""
""
""
""
""
""
""
""
""
""
""
""
""
0.072029702
0.041002709
0.022856092
0.013273556
""
-0.050733194
0.069925532
""
-0.012123745
-0.021838222
""
""
""
""
""
""
""
""
""
""
""
""
""
""
""
""
""
""
""
""
""
""
""
""
""
""
""
""
""
""
""
""
""
""
""
""
""
""
""
""
""
""
""
""
""
""
""
""
""
""
""
""
""
""
""
""
""
""
""
""
""
""
""
""
""
""
""
""
""
""
""
""
""
""
""
""
""
""
""
""
""
""
""
""
""
""
""
""
""
""
""
""
""
""
""
""
""
""
""
""
""
""
0.076345913
""
""
""
""
""
""
""
""
""
""
""
""
""
""
""
""
""
""
""
""
""
""
""
""
""
""
""
""
""
""
""
""
""
""
""
""
""
""
""
""
""
""
""
""
""
""
""
""
""
""
""
""
""
""
""
""
""
""
""
""
""
""
""
""
""
""
""
""
""
""
""
""
""
""
""
""
""
""
""
""
""
""
""
""
""
""
""
""
""
""
""
""
""
""
""
""
""
""
""
""
""
""
""
""
""
""
""
""
""
""
""
""
""
""
""
""
""
""
""
""
""
""
""
""
""
""
""
""
""
""
""
""
""
""
""
""
""
""
""
""
""
""
""
""
""
""
""
""
""
""
""
""
""
""
""
""
""
""
""
""
""
""
""
""
""
""
""
""
""
""
""
""
""
""
""
""
""
""
""
""
""
""
""
""
""
""
""
""
""
""
""
""
""
""
""
""
""
""
""
""
""
""
""
""
""
""
""
""
""
""
""
""
""
""
""
""
""
""
""
""
""
""
""
""
""
""
""
""
""
""
""
""
""
""
""
""
""
""
""
""
""
""
""
""
""
""
""
""
""
""
""
""
""
""
""
""
""
""
""
""
""
""
""
""
""
""
""
""
""
""
""
""
""
""
""
""
""
""
""
""
""
""
""
""
""
""
""
""
""
""
""
""
""
""
""
""
""
""
""
""
""
""
""
""
""
""
""
""
""
""
""
""
""
""
""
""
""
""
""
""
""
""
""
""
""
""
""
""
""
""
""
""
""
""
""
""
""
""
""
""
""
""
""
""
""
-0.0015795669
""
""
""
""
""
""
""
""
""
""
""
""
""
""
""
""
""
""
""
""
""
""
""
""
""
""
""
""
""
""
""
""
""
""
""
""
""
""
""
""
""
""
""
""
""
""
""
""
""
""
""
""
""
""
""
""
""
""
""
""
""
""
""
""
""
""
""
""
""
""
""
""
""
""
""
""
""
""
""
""
""
""
""
""
""
""
""
""
""
""
""
""
""
""
""
""
""
""
""
""
""
""
""
""
""
""
""
""
""
""
""
""
""
""
""
""
""
""
""
""
""
""
""
""
""
""
""
""
""
""
""
""
""
""
""
""
""
""
""
""
""
""
""
""
""
""
""
""
""
""
""
""
""
""
""
""
""
""
""
""
""
""
""
""
""
""
""
""
""
""
""
""
""
""
""
""
""
""
""
""
""
""
""
""
""
""
""
""
""
""
""
""
""
""
""
""
""
""
""
""
""
""
""
""
""
""
""
""
""
""
""
""
""
""
""
""
""
""
""
""
""
""
""
""
""
""
""
""
""
""
""
""
""
""
""
""
""
""
""
""
""
""
""
""
""
""
""
""
""
""
""
""
""
""
""
""
""
""
""
""
""
""
""
-0.045294281
""
""
""
""
""
""
""
""
""
""
""
""
""
""
""
""
""
""
""
""
""
""
""
""
""
""
""
""
""
""
""
""
""
""
""
""
0.022575334
""
""
""
""
-0.029580869
""
""
0.026829775
""
""
""
0.014828412
""
""
""
""
""
""
""
""
""
""
""
""
""
""
""
""
""
""
""
""
""
""
""
""
""
""
""
""
""
""
""
""
""
""
""
""
""
""
""
""
""
""
""
""
""
""
""
""
""
""
""
""
""
""
""
""
""
""
""
""
""
""
""
""
""
""
""
""
""
""
""
""
""
""
""
""
""
""
""
""
""
""
""
""
""
""
""
""
""
""
""
""
""
""
""
""
""
""
""
""
""
""
""
""
""
""
""
""
""
""
""
""
""
""
""
""
""
""
""
""
""
""
""
""
""
""
""
""
""
""
""
""
""
""
""
""
""
""
""
""
""
""
""
""
""
""
""
""
""
""
""
""
""
""
""
""
""
""
""
""
""
""
""
""
""
""
""
""
""
""
""
""
""
""
""
""
""
""
""
""
""
""
""
""
""
""
""
""
""
""
""
""
""
""
""
""
""
""
""
""
""
""
""
""
""
""
""
""
""
""
""
""
""
""
""
""
""
""
""
""
""
""
""
""
""
""
""
""
""
""
""
""
""
""
""
""
""
""
""
""
""
""
""
""
""
""
""
""
""
""
""
""
""
""
""
""
""
""
""
""
""
""
""
""
""
""
""
""
""
""
""
""
""
""
""
""
""
""
""
""
""
""
""
""
""
""
""
""
0.002132534
0.065065742
""
0.0534431
-0.013649965
""
0.036667343
""
-0.0010672923
-0.020858621
0.0093581295
-0.0072472733
0.10267283
-0.089242965
""
-0.0039737411
-0.023339132
0.031434759
0.033701144
""
0.097298123
""
-0.040916577
""
""
""
0.088450119
-0.001960692
""
0.14600781
-0.025490403
-0.0047568362
0.019138908
""
""
""
""
""
""
-0.046402168
""
""
""
""
-0.059297409
""
""
""
""
""
-0.04920724
""
""
0.077762797
0.035336953
""
""
""
""
""
""
""
""
""
""
""
""
""
""
""
""
""
""
-0.045706101
-0.01748259
-0.0012798369
0.092545941
-0.058920275
0.030188289
""
0.015673326
0.057000395
-0.14121835
-0.02390817
""
""
""
""
0.010309047
-0.016119158
""
""
""
""
""
""
""
""
""
""
""
0.0013344628
""
-0.036547687
""
""
0.14032972
0.016144941
-0.0087928651
0.011402463
0.049058575
0.010254943
-0.038146231
-0.0039583007
0.0088442555
-0.0058404645
""
""
0.07116475
""
""
""
""
""
""
""
""
""
""
""
""
""
""
""
-0.066843443
""
""
""
""
""
""
""
""
""
""
""
""
""
""
""
""
""
""
""
""
""
""
""
""
""
""
""
""
""
""
""
""
""
""
""
""
""
""
""
""
""
""
""
""
""
""
""
""
""
""
""
""
""
""
""
""
""
""
""
""
""
""
""
""
""
""
""
""
""
""
""
""
""
""
""
""
""
""
""
""
""
""
""
""
""
""
""
""
""
""
""
""
""
""
""
""
""
""
""
""
""
""
""
""
""
""
""
""
""
""
""
""
""
""
""
""
""
""
-0.069670953
-0.039251223
""
-0.14775039
""
""
""
""
""
-0.10383822
""
""
""
""
""
""
""
""
""
""
""
""
""
""
""
""
""
""
""
""
""
""
""
""
""
""
""
""
""
""
""
""
""
""
""
""
""
""
""
""
""
""
""
""
""
""
""
""
""
""
""
""
""
""
""
""
""
""
""
""
""
""
""
""
""
""
""
""
""
""
""
""
""
""
""
""
""
""
""
""
""
""
""
""
""
""
""
""
-0.033016149
-0.034748621
-0.043274038
""
""
""
""
""
""
""
""
""
""
""
""
""
""
""
""
""
""
""
""
""
""
""
""
""
""
""
""
""
""
""
""
""
""
""
""
""
""
""
""
""
""
""
""
""
""
""
""
""
""
""
""
""
""
""
""
""
""
""
""
""
""
""
""
""
""
""
""
""
""
""
""
""
""
""
""
""
""
""
""
""
""
""
""
""
""
""
""
""
""
""
""
""
""
""
""
""
""
""
""
""
""
""
""
""
""
""
""
""
""
""
""
""
""
""
""
""
""
""
""
""
""
""
""
""
""
""
""
""
""
""
""
""
""
""
""
""
""
""
""
""
""
""
""
""
""
""
""
""
""
""
""
""
""
""
""
""
""
""
""
""
""
""
""
""
""
""
""
""
""
0.024167094
""
""
""
0.11089887
""
-0.057410311
""
""
""
""
""
""
""
-0.055229221
""
""
""
0.053792913
""
-0.056929473
""
""
""
""
""
""
""
""
""
""
""
""
""
""
""
""
""
""
""
""
0.05963061
-0.017249223
""
0.082547933
""
""
""
""
""
""
""
""
""
""
""
""
""
""
""
""
""
""
""
""
""
""
""
""
""
""
""
""
""
""
""
""
""
""
""
""
""
""
""
""
""
""
""
""
""
""
""
""
""
""
""
""
""
""
""
""
""
""
""
""
""
""
""
""
""
""
""
""
""
0.10861295
""
""
""
""
""
0.037390228
0.12135275
""
""
0.026602255
""
""
""
""
""
""
""
""
""
""
""
""
""
""
""
""
""
""
""
""
""
""
""
""
""
""
""
""
""
""
""
""
""
""
""
""
""
""
""
""
""
""
""
""
""
""
""
""
""
""
""
""
""
""
""
""
""
""
""
""
""
""
""
""
""
""
""
""
""
""
""
""
""
""
""
""
""
""
""
""
0.084023185
0.027343979
""
-0.010280448
""
0.01482203
""
""
""
""
""
""
""
""
""
""
""
""
""
""
""
""
""
""
""
""
""
""
""
""
""
""
""
""
""
""
""
""
""
""
""
""
""
""
""
""
""
""
""
""
""
""
""
""
""
""
""
""
""
""
""
""
""
""
""
""
""
""
""
""
""
""
""
""
""
""
""
""
""
""
""
""
""
""
""
""
""
""
""
""
""
""
""
""
""
""
""
""
""
""
""
""
""
""
""
""
""
""
""
""
""
""
""
""
""
""
""
""
""
""
""
""
""
""
""
""
""
""
""
""
""
""
""
""
""
""
""
""
""
""
""
""
""
""
""
""
""
""
""
""
""
""
""
""
""
""
""
""
""
""
""
""
""
""
""
""
""
""
""
""
""
""
""
""
""
""
""
""
""
""
""
""
""
""
""
""
""
""
""
""
""
""
""
""
""
""
""
""
""
""
""
""
""
""
""
""
""
""
""
""
""
""
""
""
""
""
""
""
""
""
""
""
""
""
""
""
""
""
""
""
""
""
""
""
""
""
""
""
""
""
""
""
""
""
""
""
""
""
""
""
""
""
""
""
""
""
""
""
""
""
""
""
""
""
""
""
""
""
""
""
""
""
""
""
""
""
""
""
""
""
""
""
""
""
""
""
""
""
""
""
""
""
""
""
""
""
""
""
""
""
""
""
""
""
""
""
""
""
""
""
""
""
""
""
""
""
""
""
""
""
""
""
""
""
""
""
""
""
""
""
""
""
""
""
""
""
""
""
""
""
""
""
""
""
""
""
""
""
""
""
""
""
""
""
""
""
""
""
""
""
""
""
""
""
""
""
""
""
""
""
""
""
""
""
""
""
""
""
""
""
""
""
""
""
""
""
""
""
""
""
""
""
""
""
""
""
""
""
""
""
""
""
""
""
""
""
""
""
""
""
""
""
""
""
""
""
""
""
""
""
""
""
""
""
""
""
""
0.0075608748
""
""
""
""
""
""
""
""
""
""
""
""
0.038957663
""
""
""
""
""
""
""
""
""
""
""
""
""
""
""
-0.0050969413
""
""
""
""
""
""
""
""
""
""
""
""
""
""
""
""
""
""
""
""
""
""
""
""
""
""
""
""
-0.0035616534
0.0091420515
""
""
""
""
""
0.047625367
""
""
0.049537629
-0.013884897
""
""
""
""
-0.069137774
""
""
""
""
""
""
""
""
""
0.0094314357
""
""
""
""
""
""
""
-0.005041135
""
""
""
""
""
""
""
""
""
""
""
""
""
""
""
""
""
""
""
""
""
""
""
""
""
""
""
""
""
""
""
""
""
""
""
""
""
""
""
""
""
""
""
""
""
""
""
""
""
""
""
""
""
""
""
""
""
""
""
""
""
""
""
""
""
""
""
""
""
""
""
""
""
""
""
""
""
""
""
""
""
""
""
""
""
""
""
""
""
""
""
""
""
""
""
""
""
""
""
""
""
""
""
""
""
""
""
""
""
""
""
""
""
""
""
""
-0.00017100769
""
""
""
""
""
""
""
""
""
""
""
""
""
""
""
""
""
""
""
""
""
""
""
""
""
""
""
""
""
""
""
""
""
""
""
""
""
""
""
""
""
""
""
""
""
""
""
""
""
""
""
""
""
""
""
""
""
""
""
""
""
""
""
""
""
""
""
""
""
""
""
""
""
""
""
""
""
""
""
""
""
""
""
""
""
""
""
""
""
""
""
""
""
""
""
""
""
""
""
""
""
""
""
""
""
""
""
""
""
""
""
""
""
""
""
""
""
""
""
""
""
""
""
""
""
""
""
""
""
""
""
""
""
""
""
""
""
""
""
""
""
""
""
""
""
""
""
""
""
""
""
""
""
""
""
""
""
""
""
""
""
""
""
""
""
""
""
""
""
""
""
""
""
""
""
""
""
""
""
""
""
""
""
""
""
""
""
""
""
""
""
""
""
-0.027990485
""
""
""
""
""
""
-0.051839005
""
""
""
""
""
""
""
""
""
""
""
""
""
""
""
""
""
""
""
""
""
""
""
""
""
""
""
""
""
""
""
""
""
""
""
""
""
""
""
""
""
""
""
""
""
""
""
""
""
""
""
""
""
""
""
""
""
""
""
""
""
""
""
""
""
""
""
""
""
""
""
""
""
""
""
""
""
""
""
""
""
""
""
""
""
""
""
""
""
""
""
""
""
""
""
""
""
""
-0.063350603
""
""
-0.082135156
-0.084554404
""
""
""
""
""
""
""
""
""
0.025157861
""
""
""
""
""
""
""
""
""
""
""
""
""
""
""
""
""
""
""
""
""
""
""
""
""
""
""
""
""
""
""
-0.010371473
""
""
""
""
""
""
""
""
""
""
""
""
""
""
""
""
""
""
""
""
""
""
""
""
""
""
""
""
""
""
""
""
""
""
0.059133925
-0.033238564
""
0.021623965
""
""
""
""
0.017396158
""
""
""
""
""
""
""
""
""
""
""
""
""
""
""
""
""
""
""
-0.0095232157
0.0010998365
""
-0.0090402663
""
0.057217721
""
-0.053551085
-0.0085967407
0.049958311
0.035398655
0.036302585
""
""
""
""
""
""
0.0045572319
""
""
""
""
-0.042884402
-0.003094977
""
0.065281227
-0.050974827
0.027917366
0.030184614
-0.011579661
0.027108829
-0.024075214
0.003448799
""
0.0077032661
0.098204866
""
0.023998225
""
-0.028526522
0.012910624
0.028335964
-0.031202629
0.04819617
-0.023652794
0.0011723423
""
-0.0090542855
-0.016659848
0.023848457
0.079326607
-0.049230363
""
""
""
""
""
""
-0.031564355
0.14167719
-0.025250221
-0.019686524
0.0018924108
-0.00097916077
0.0081435777
""
0.033587951
""
0.05733908
""
0.017925752
""
0.035346922
-0.020345893
0.0029065663
""
""
-0.01057236
""
-0.035540242
""
""
""
""
""
""
0.0015225211
""
""
""
0.013361763
""
""
""
0.052169062
""
""
""
""
""
""
""
""
0.11532953
0.16840126
-0.018354217
""
""
0.022338249
""
""
0.0099282218
-0.03763856
-0.021945227
-0.011464431
""
""
0.002916015
0.025222508
0.0022469247
0.03372832
-0.073594317
""
-0.05718166
0.036834449
0.0029583385
0.041245956
0.020578243
""
-0.033493645
-0.046002351
0.026350657
""
0.0095443241
-0.00040270368
0.058306184
0.013468008
0.016927404
""
0.087301463
""
0.016650056
-0.012520208
-0.038931772
0.051092785
0.0031703773
0.038104251
0.049823016
0.02426615
-0.016350018
-0.0022327234
0.042911801
0.03909808
-0.057050318
""
""
-0.021433325
-0.0025422997
0.0068754535
-0.011272904
0.011786146
-0.0028428393
-0.0098458929
-0.0079846429
-0.02117905
0.072881363
0.010309533
""
0.043445785
0.043888118
-0.071565911
-0.021407811
-0.0011157484
-0.00987224
""
""
""
""
""
""
""
""
""
""
""
""
""
""
""
""
""
""
""
""
""
""
""
""
""
""
""
""
""
""
""
0.065131024
""
""
""
""
-0.011501235
""
""
""
""
""
""
""
""
-0.024902148
""
""
""
""
""
""
""
""
""
""
""
""
""
""
""
""
""
""
""
""
""
""
""
""
""
""
""
""
""
""
""
""
""
""
""
""
""
""
""
""
""
""
""
""
""
""
""
-0.017884472
""
""
""
""
""
""
""
""
""
""
""
""
""
""
""
""
""
""
""
""
""
""
""
""
""
""
""
""
""
""
""
""
""
""
""
""
""
""
""
""
""
""
""
""
""
""
""
""
""
""
""
""
""
""
""
""
""
""
""
""
""
""
""
""
""
""
""
""
""
""
""
""
""
""
""
""
""
""
""
""
""
""
""
""
""
""
""
""
""
""
""
""
""
""
""
-0.019024406
0.026300564
""
""
""
-0.045384139
""
""
-0.077715814
-0.032566495
-0.009694254
""
0.016336443
""
0.1722814
""
""
-0.029413996
-0.060306277
-0.0029878009
""
0.1151195
0.23877665
0.007742106
0.037908491
-0.056542803
-0.051384706
-0.016775748
0.023107117
0.047414891
-0.0065267212
-0.018449407
0.01142141
-0.028638663
0.034823813
-0.0085254824
-0.022965599
0.0070115416
0.015032191
-0.0030136609
0.033806112
""
""
-0.029430104
-0.0082310699
-0.032592628
""
""
""
""
""
0.042905785
-0.0090572536
0.04904018
""
""
""
""
""
0.017704841
0.016585801
0.033784263
0.046055119
0.0035253894
""
0.026666921
-0.0041201757
""
""
""
""
""
""
""
""
""
""
""
""
""
""
""
""
""
""
""
""
""
""
""
""
""
""
""
""
""
""
""
""
""
""
""
""
""
""
""
""
""
""
""
""
""
""
""
""
""
""
""
""
""
""
""
""
""
""
""
""
""
""
""
""
""
""
""
""
""
""
""
""
""
""
""
""
""
""
""
""
""
""
""
""
""
""
""
""
""
""
""
""
""
""
""
""
""
""
""
""
""
""
""
""
""
""
""
""
""
""
""
""
""
""
""
""
""
""
""
""
""
""
""
""
""
""
""
""
""
""
""
""
""
""
""
""
""
""
""
""
""
""
""
""
""
""
""
""
""
""
""
""
""
""
""
""
""
""
""
""
""
""
""
""
""
""
""
""
""
""
""
""
""
""
""
""
""
""
""
""
""
""
""
""
""
""
""
""
""
""
""
""
""
""
""
""
""
""
""
""
""
""
""
""
""
""
""
""
""
""
""
""
""
""
""
""
""
""
""
""
""
""
""
""
""
""
""
""
""
""
""
""
""
""
""
""
""
""
""
""
""
""
""
""
""
""
""
""
""
""
""
""
""
""
""
""
""
""
""
""
""
""
""
""
""
""
""
""
""
""
""
""
""
""
""
""
""
""
""
""
""
""
""
""
""
""
""
""
""
""
""
""
""
""
""
""
""
""
""
""
""
""
""
""
""
""
""
""
""
""
""
""
""
""
""
""
""
""
""
""
""
""
""
""
""
""
""
""
""
""
""
""
""
""
""
""
""
""
""
""
""
""
""
""
""
""
""
""
""
""
""
""
""
""
""
""
""
""
""
""
""
""
""
""
""
""
""
""
""
""
""
""
""
""
""
""
""
""
""
""
""
""
""
""
""
""
""
""
""
""
""
""
""
""
""
""
""
""
""
""
""
""
""
""
""
""
""
""
""
""
""
""
""
""
""
""
""
""
""
""
""
""
""
""
""
""
""
""
""
""
""
""
""
""
""
""
""
""
""
""
""
""
""
0.011231458
""
-0.0047209072
""
""
""
""
""
""
""
""
""
""
""
""
""
""
""
""
""
""
""
""
""
""
""
""
""
""
""
""
""
""
""
""
""
""
""
""
""
""
""
""
""
0.10968667
""
""
""
""
""
""
""
""
0.078640275
""
0.086016759
-0.030541878
""
""
""
0.015581469
""
""
""
""
""
""
""
""
""
""
""
""
""
""
""
""
""
""
""
""
""
""
""
""
""
""
""
""
""
""
""
""
""
""
""
""
""
""
""
0.172884
""
0.10544734
0.014886794
""
-0.048762809
0.059489861
-0.035189193
""
""
0.08280237
""
""
-0.020995067
0.097513638
-0.0088538816
-0.037873998
-0.03575762
-0.095750637
0.032820236
0.059308358
0.098162919
0.058973305
-0.077224031
-0.033687953
0.010633516
0.076547943
-0.013853085
0.042800259
-0.023106921
-0.11271343
""
""
""
""
""
""
""
""
""
""
""
""
""
-0.061834622
0.027062159
""
""
""
""
""
""
""
""
""
""
""
""
""
""
""
""
""
""
""
""
""
""
""
""
""
""
""
""
""
""
""
""
""
""
""
0.13291197
0.04733251
0.063228421
0.063805588
0.03654952
0.053387146
-0.011481678
-0.0065848264
-0.0062256074
-0.058926359
-0.024056163
-0.068517864
0.029104242
0.0091815433
0.055868115
0.075043634
0.031789493
0.016130272
-0.049687348
""
""
""
0.19449192
0.016875766
0.034974232
-0.042243753
-0.044013076
""
""
""
""
0.031242056
""
""
""
""
""
""
""
""
-0.018574012
""
-0.0028054756
-0.17312028
""
""
0.0020329116
""
""
0.010236512
-0.0039109052
-0.032048382
-0.0017851579
""
""
0.10926878
""
""
""
""
""
""
""
""
""
""
""
""
""
""
""
""
""
""
""
""
""
""
""
""
""
""
""
""
""
""
""
""
""
""
""
-0.0012585318
0.029936817
0.008951501
""
-0.016574696
0.15980247
0.032540444
-0.041718096
0.043338526
0.034134667
-0.01715181
-0.032177657
-0.053012114
-0.02077866
0.0052012056
0.018706972
0.012316129
0.015029835
0.031231374
0.0019295467
0.039747115
-0.03541081
-0.032513108
""
0.051644415
-0.034972984
0.014487138
-0.067380689
-0.020450493
-0.056689993
-0.0034811078
-0.0090149753
-0.041176952
""
0.063298889
0.051814828
""
""
""
""
""
""
""
""
""
""
""
-0.014533607
""
""
""
0.016781772
-0.046636995
""
""
""
0.21916892
0.01174225
0.0044900244
-0.042706795
-0.0073618987
""
-0.020364342
-0.084723257
0.023492279
-0.006824865
-0.043773901
""
-0.088292941
-0.03075649
""
""
""
""
""
""
0.070134431
0.012026574
""
""
""
""
""
""
""
""
""
0.018496048
""
""
""
""
""
""
""
""
""
""
""
""
""
""
""
""
""
""
""
""
""
""
""
""
0.021057675
-0.10796282
""
""
""
""
""
""
""
""
-0.0076627163
""
""
""
""
""
""
""
""
""
""
""
""
""
""
""
""
""
""
""
0.11639702
-0.001551886
0.0035916234
0.23585604
""
""
""
0.011631006
-0.023122288
0.17705828
-0.006851099
0.023219472
""
-0.02882229
-0.019401861
-0.026839482
0.094858222
0.10583471
0.0056415061
0.020508857
0.018111147
-0.0050815144
""
""
""
""
""
""
""
""
""
""
""
""
""
""
""
""
""
""
""
""
""
""
""
""
""
""
""
""
""
""
""
""
""
""
""
""
""
""
-0.025122838
0.026100157
""
-0.029048728
""
""
""
""
""
""
""
""
0.020462019
""
""
""
""
""
""
""
""
""
""
""
""
""
""
""
""
""
""
""
""
""
""
""
""
""
""
""
""
""
""
""
""
""
""
""
""
""
""
""
""
""
""
""
""
""
""
""
""
""
""
""
""
""
""
""
""
""
""
""
""
""
""
""
""
-0.044456769
""
""
-0.0093879942
""
""
""
""
-0.0031747876
""
-0.0010761538
-0.053453419
-0.035858572
""
""
-0.0066728364
0.025429519
""
""
""
""
""
""
""
""
""
""
0.0095184492
""
-0.041245088
-0.017402716
""
""
""
""
""
""
""
""
""
""
""
""
""
""
""
""
""
""
""
""
""
""
""
""
""
""
""
""
""
""
""
0.020220395
""
""
""
""
""
""
""
""
""
""
""
""
""
""
""
""
""
""
""
""
""
""
""
""
""
""
""
""
""
""
""
""
""
""
""
""
""
""
""
""
""
""
""
""
""
""
""
""
""
0.032760911
""
""
0.053346805
""
-0.019056536
""
""
""
""
""
""
""
""
""
""
""
""
""
""
""
""
""
""
""
""
""
""
""
""
""
""
""
""
""
""
""
""
""
""
""
0.076839566
-0.0023315109
0.067818135
""
-0.040198416
""
""
""
""
""
""
""
""
""
""
""
""
""
""
""
""
""
""
-0.067459933
""
""
""
""
""
""
""
""
""
""
""
""
""
""
""
""
""
""
""
""
""
""
""
""
""
""
""
""
""
""
""
""
""
""
""
""
""
""
""
""
""
""
""
""
""
""
""
""
""
""
""
""
""
""
""
""
""
""
""
""
""
""
""
""
""
""
""
""
""
""
""
""
""
""
""
""
""
""
""
""
""
""
""
""
""
""
""
""
""
""
""
""
""
""
""
""
""
-0.010663943
""
""
0.048468754
0.0051780045
""
""
""
""
""
""
""
""
""
""
""
""
""
""
""
""
""
""
""
""
""
""
""
""
""
""
""
""
""
""
""
""
""
""
""
""
""
""
""
""
""
""
""
""
""
""
""
""
""
""
""
""
""
""
""
""
""
""
""
""
""
""
""
0.035393238
""
""
""
""
""
""
""
""
-0.0054575074
""
""
""
""
""
""
""
""
0.056344569
""
""
""
""
""
""
""
""
""
""
""
""
""
""
""
""
""
""
""
""
""
""
""
""
""
""
""
""
""
""
""
""
""
""
""
""
""
""
""
""
""
""
""
""
""
""
""
""
""
""
""
""
""
0.13302088
""
""
""
""
""
""
""
""
""
""
""
0.071539626
0.022112612
""
""
""
""
""
""
""
""
""
""
""
""
""
""
""
""
""
""
""
""
""
""
""
""
""
""
""
""
""
""
""
""
0.045184396
0.0023440453
0.0050400919
-0.022345075
-0.0048669088
-0.042500798
0.0072159702
0.025768956
0.069965966
0.013909113
0.014797428
""
""
""
""
""
""
""
""
0.052588258
-0.070421495
""
""
""
""
""
0.001195368
""
""
""
""
""
""
-0.14078172
0.067244723
0.061817158
-0.04170797
-0.018910663
-0.33096573
""
0.02857586
""
0.088087581
0.082350284
-0.099682003
""
-0.055332534
0.012497166
-0.029870914
0.010250652
-0.071477719
0.0018122391
0.02844183
-0.096536525
-0.079075418
0.027039608
""
""
""
0.17282014
0.16765881
-0.005045285
-0.004978566
-0.015343573
""
-0.030583207
-0.049509235
0.060876913
0.016854316
0.028629819
""
""
0.060239866
0.054654248
""
-0.062114406
""
0.029549953
0.11997275
""
""
""
""
-0.04851092
""
""
""
-0.015484629
-0.021512847
0.02901531
-0.014056587
0.14530663
-0.020575933
-0.043304242
""
""
""
0.053040493
""
0.077386215
-0.0080723483
0.057006244
-0.034700837
-0.058672275
0.00051162241
""
""
""
""
""
-0.010204479
-0.040725015
-0.0073949234
-0.074629009
""
""
0.048213419
-0.0083113136
0.12447849
0.039213486
0.015640231
-0.00090990966
-0.056155786
0.0067466982
0.0034703314
0.026830755
0.017025465
0.10522836
""
0.052136187
0.06506037
0.070994228
""
-0.05142834
""
0.0047371807
0.099962078
""
""
""
""
""
""
""
""
""
""
""
""
""
""
""
""
""
""
""
""
""
""
""
""
""
""
""
""
""
-0.052373454
0.035102654
0.093524478
""
0.023357708
-0.032523043
-0.022525886
""
0.0097878892
0.076407611
""
""
0.017999515
-0.023821069
""
0.027194319
0.028135411
""
""
""
""
""
0.0097268708
0.024145799
0.0030718329
""
""
""
""
""
""
""
""
""
""
""
""
""
""
""
""
""
""
""
""
0.033056162
""
-0.018951612
-0.011283178
0.044433873
""
""
""
""
""
""
""
-0.019238563
-0.046333339
""
""
-0.01249448
0.15044364
0.012074734
0.085355647
-0.018934188
-0.0012945748
0.25086832
0.042924415
0.014278566
-0.12391996
""
""
""
""
""
""
0.13139199
""
0.040799852
0.072332814
""
""
0.019044476
""
-0.048477884
""
""
""
""
""
""
""
""
""
""
""
""
""
""
""
""
""
""
""
""
""
""
""
""
""
""
""
""
""
""
""
""
""
""
""
""
""
""
""
""
""
""
""
""
""
""
""
""
""
""
""
0.026145231
""
""
""
""
""
0.037633926
-0.045610186
0.099499248
0.010929417
-0.048646022
""
""
""
""
""
""
""
""
""
""
""
""
""
""
""
""
""
""
-0.051481646
""
""
""
""
0.027326066
0.0062400498
""
""
0.077887855
0.034434773
""
""
""
""
""
""
""
0.002403273
-0.022980336
""
""
""
""
""
""
""
""
""
""
""
""
""
""
""
""
""
""
""
""
""
""
""
""
""
""
""
""
""
""
""
""
""
""
""
""
""
-0.081534781
""
0.01360133
-0.010114236
""
-0.013490254
""
""
""
""
""
0.019160859
""
""
""
""
""
-0.042135347
""
""
""
""
""
""
-0.063924775
""
""
""
""
""
""
""
""
""
""
""
""
""
""
""
""
""
""
""
""
""
""
""
""
""
""
""
""
""
""
""
""
0.064167783
""
""
""
""
""
""
""
""
""
""
""
""
""
""
""
""
""
""
0.41259784
0.038122337
""
""
""
""
""
""
""
""
""
""
""
""
""
""
""
""
""
""
""
""
""
""
""
""
""
""
""
""
""
""
""
""
""
""
""
""
""
""
""
""
""
""
""
""
""
""
""
""
""
""
""
""
""
""
""
""
""
""
""
""
""
""
""
""
""
""
""
""
""
""
""
""
""
""
""
""
""
""
""
""
""
""
""
""
""
""
""
""
""
""
""
""
""
""
""
""
""
""
""
""
""
""
""
""
""
""
""
""
""
""
""
""
""
""
""
""
""
""
""
""
""
""
""
""
""
""
""
""
""
""
""
""
""
""
""
""
""
""
""
""
""
""
""
""
""
""
""
""
""
""
""
""
""
0.081665508
""
0.26707211
""
""
""
""
""
""
""
""
""
""
""
""
""
-0.013477776
""
""
""
""
""
""
-0.033411302
""
""
""
""
""
""
""
""
""
""
""
""
""
""
""
""
""
""
""
""
""
""
""
""
0.04000422
""
""
""
""
0.020488875
0.0019896692
0.027508803
""
""
""
""
""
""
""
""
""
""
""
""
""
""
""
""
""
""
""
""
""
""
""
""
""
""
""
""
""
""
""
""
""
""
""
""
""
""
""
0.092261419
""
""
""
""
""
-0.007398054
""
""
""
""
""
""
""
""
""
""
""
""
""
""
""
""
""
""
""
""
""
""
""
""
""
""
""
""
""
""
""
""
""
""
""
""
""
""
""
""
""
""
""
""
""
""
""
""
""
""
""
""
""
""
""
""
""
""
""
""
""
""
""
""
""
""
""
""
""
""
""
""
""
""
""
""
""
""
""
""
""
""
""
""
""
""
""
""
""
""
""
""
""
""
""
""
""
""
""
0.024078203
0.00094399747
""
""
""
""
""
""
""
""
""
""
""
""
""
""
""
""
""
""
""
""
""
""
""
""
""
""
""
""
""
""
""
""
""
""
""
""
""
""
-0.040043134
0.047604099
""
0.1410698
-0.0059087398
""
0.039760772
0.11366203
0.0048624715
0.0024028905
""
""
""
-0.0085445708
""
""
""
-0.006007723
0.020223195
0.070140876
""
""
-0.042396557
0.0050710207
0.21143655
0.23006354
""
""
""
""
""
""
""
""
""
""
""
""
""
""
""
""
""
""
""
0.059345238
""
""
-0.035577368
0.014211267
0.02012266
""
0.017794173
""
""
""
""
""
""
""
""
""
""
""
""
""
""
0.066880658
-0.016624158
""
-0.0098247351
-0.022007836
""
""
""
""
""
""
""
""
""
""
""
""
""
""
""
""
""
""
""
""
""
""
""
""
""
""
""
""
""
""
""
""
""
""
""
""
""
""
""
""
""
0.047589857
""
""
""
""
""
""
""
""
""
""
""
""
""
""
""
""
""
""
""
""
""
""
""
""
""
""
""
""
""
""
""
""
""
""
""
""
""
""
""
""
""
""
""
""
""
""
""
""
""
0.03352518
""
""
""
""
""
""
""
""
""
""
""
""
""
""
""
""
""
""
""
""
""
""
""
""
""
""
""
""
""
""
""
""
""
""
""
""
""
""
""
""
""
""
""
""
""
""
""
""
""
""
""
""
""
""
""
""
""
""
""
""
""
-0.025513735
""
""
""
""
-0.046198282
-0.034700818
""
0.022522306
0.14921148
""
""
-0.025627146
""
""
-0.052961718
""
""
""
0.0012489234
0.03450055
-0.14926802
""
""
-0.0036461356
-0.032415133
""
""
0.0046341461
""
0.036884531
0.077612273
0.010114002
0.14277349
0.013575659
""
""
""
0.0040282612
0.057081435
""
""
""
0.041971214
""
""
""
""
""
""
""
""
""
""
""
""
""
""
""
""
""
""
""
""
-0.083090894
""
""
""
""
""
""
""
""
""
""
""
""
""
""
""
""
""
""
""
""
""
""
""
""
""
0.030376885
""
-0.018378917
-0.035422452
""
""
""
0.019649675
""
0.00013655784
""
-0.013395645
""
0.012113696
""
-0.023765072
""
-0.055045478
""
""
""
""
""
""
""
""
""
""
""
""
""
""
""
""
""
""
""
""
""
""
""
""
""
""
""
""
""
""
""
""
""
""
""
0.010151645
""
""
""
""
""
""
""
""
""
""
""
""
""
""
""
""
""
""
0.1078658
0.033702888
-0.011451344
""
0.043112583
0.13782464
0.014477853
-0.033148624
0.045046419
-1.5964223e-06
""
""
""
""
""
""
""
""
""
""
""
""
""
""
""
""
""
""
""
""
""
""
""
""
""
""
""
""
""
""
""
""
""
""
""
""
""
""
""
""
""
""
""
""
""
""
""
""
""
""
""
""
""
""
""
""
""
""
""
""
""
""
""
""
""
""
""
""
""
""
""
""
""
""
""
""
""
""
""
""
""
""
""
""
""
""
""
""
""
""
""
""
""
""
""
""
""
""
""
""
""
""
""
""
""
""
""
""
""
""
""
""
""
""
""
""
""
""
""
""
""
""
""
""
""
""
""
""
""
""
""
""
""
""
""
""
""
""
""
""
""
""
""
""
""
""
""
""
""
""
""
""
""
""
""
""
""
""
""
""
""
""
""
""
""
""
""
""
""
""
""
""
""
""
""
""
""
""
""
""
""
""
""
""
""
""
""
""
""
""
""
""
""
""
""
""
""
""
""
""
""
""
""
""
""
""
""
""
""
""
""
""
""
""
""
""
""
""
""
""
""
""
""
""
""
""
""
""
""
""
""
""
""
""
""
""
""
""
""
""
""
""
""
""
""
""
""
""
""
""
""
""
""
""
""
""
""
""
""
""
""
""
""
""
""
""
""
""
""
""
""
""
""
""
""
""
""
""
""
""
""
""
""
""
""
""
""
""
""
""
""
""
""
""
""
""
""
""
""
""
""
""
""
""
""
""
""
""
""
""
""
""
""
""
""
""
""
""
""
""
""
""
""
""
""
""
""
""
""
""
""
""
""
""
""
""
""
""
""
""
""
""
""
""
""
""
""
""
""
""
""
""
""
""
""
""
""
""
""
""
""
""
""
""
""
""
""
""
""
""
""
""
""
""
""
""
""
""
""
""
""
""
""
""
""
""
""
""
""
""
""
""
""
""
""
""
""
""
""
""
""
""
""
""
""
""
""
""
""
""
""
""
""
""
""
""
""
""
""
""
""
""
""
""
""
""
""
""
""
""
""
""
0.011525148
""
0.039769538
""
""
""
""
""
""
""
""
""
""
""
""
""
""
""
""
""
""
""
""
""
""
""
""
0.073166862
""
0.065415002
""
""
""
""
""
""
""
""
""
""
""
""
""
""
""
""
""
""
""
0.11629915
0.03533259
""
""
""
""
""
""
""
""
""
""
""
""
""
""
""
""
""
""
""
""
""
""
""
""
""
""
""
""
""
""
""
""
""
""
""
""
""
""
""
""
""
""
""
""
""
""
""
""
""
""
""
""
""
""
""
""
""
""
""
""
""
""
""
""
""
""
""
""
""
""
""
""
""
""
""
""
""
""
""
""
""
""
""
""
""
""
""
""
""
""
""
""
""
""
""
""
""
""
""
0.13153999
0.051172249
""
""
-0.038036592
0.00082550745
0.065449029
-0.026653659
-0.011198864
""
0.013820237
""
""
""
""
""
""
""
""
""
""
""
""
""
""
""
""
""
""
""
""
""
""
""
""
""
""
""
""
""
""
""
""
""
""
""
""
""
""
""
""
""
""
""
""
""
""
""
""
""
""
""
""
""
""
""
""
""
""
""
""
""
""
""
""
""
""
""
""
""
""
""
""
""
""
""
""
""
""
""
""
""
""
""
""
""
""
""
""
""
""
""
""
""
""
""
""
""
""
""
""
""
""
""
""
""
""
""
""
""
""
""
""
""
""
""
""
""
""
""
""
""
""
""
""
""
""
""
""
""
""
""
""
""
""
""
""
""
""
""
""
""
""
""
""
""
""
""
""
""
""
""
""
""
""
""
""
""
""
""
""
""
""
""
""
""
""
""
""
""
""
""
""
""
""
""
""
""
""
""
""
""
""
""
""
""
""
""
""
""
""
""
""
""
""
""
""
""
""
""
""
""
""
""
""
""
""
""
""
""
""
""
""
""
""
""
""
""
""
""
""
""
""
""
""
""
""
""
0.016039563
""
0.14378069
""
""
""
""
""
""
""
""
""
""
""
""
""
""
""
""
""
""
""
""
""
""
""
""
""
""
""
""
""
""
""
""
""
""
""
""
""
""
""
""
""
""
""
""
""
""
""
""
""
""
""
""
""
""
""
""
-0.017497811
-0.008770586
0.0021002111
""
-0.024353832
""
""
-0.0054023247
-0.0037610719
""
""
0.013707623
""
""
-0.019883629
""
""
""
""
""
""
""
0.033639137
-0.010785521
0.12395361
""
0.009263563
0.039060194
""
""
""
""
""
""
""
""
""
""
""
""
""
""
""
""
""
""
-0.083167024
-0.0021875934
0.0062027606
0.041986894
-0.026354697
0.019089855
0.014462664
0.069832362
0.019920008
-0.064382523
""
-0.020459156
-0.070027038
0.01787599
0.11314131
""
0.043002557
""
""
0.033659462
""
-0.036260623
""
""
""
""
0.047194019
""
0.026684228
""
-0.016983205
""
""
""
0.0022539734
-0.015591594
""
""
-0.032666266
""
""
0.038034212
""
""
""
""
""
""
""
""
""
""
""
""
0.046142295
0.067222714
0.1445083
""
""
""
""
""
0.021080742
""
""
""
""
""
""
""
""
""
""
""
""
""
""
""
""
""
""
""
""
""
""
""
""
""
""
""
""
""
""
""
""
""
""
""
""
""
""
""
""
""
""
""
""
""
""
""
""
""
""
""
""
""
""
""
""
""
""
""
""
""
""
""
""
0.0010090675
""
""
""
""
""
""
""
""
""
""
""
""
""
""
""
""
""
""
""
""
""
""
""
""
""
""
""
""
""
""
""
""
-0.018034428
""
""
""
""
""
0.26957157
""
""
""
0.19471632
""
0.035624973
-0.016389029
-0.050690491
""
""
""
""
-0.0062524797
""
""
""
""
""
""
""
""
""
""
""
""
""
""
""
""
""
""
""
""
""
""
""
""
""
""
""
""
""
""
""
""
""
""
""
""
""
""
""
""
""
""
""
""
""
""
""
""
""
""
""
""
""
""
""
""
""
""
""
""
""
""
""
""
""
""
""
""
""
""
""
""
""
""
""
""
""
""
""
""
""
""
""
""
""
""
""
""
""
""
""
""
""
""
""
""
""
""
""
""
""
""
""
""
""
""
""
""
""
""
""
""
""
""
""
""
""
""
""
""
""
""
""
""
""
""
""
""
""
""
""
""
""
""
""
""
""
""
""
""
""
""
""
""
""
""
""
""
""
""
""
""
""
""
""
""
""
""
""
""
""
""
""
""
""
""
""
""
""
""
""
""
""
""
""
""
""
""
""
""
""
""
""
""
""
""
""
""
""
""
""
""
""
""
""
""
""
""
""
""
""
""
""
""
""
""
""
""
""
""
""
""
""
""
""
0.014742736
""
""
""
""
""
""
""
""
""
""
""
-0.10300713
-0.007062803
-0.0058155153
0.038998295
0.00052613462
-0.012890132
-0.013876629
0.023486357
0.013481782
""
""
""
0.1150398
""
0.036677498
""
0.00028840679
0.0092359809
-0.010484103
0.042896133
-0.019925328
-0.032747164
-0.015689325
0.017107878
""
""
""
""
""
""
""
""
""
""
""
""
""
""
""
""
""
""
""
""
""
""
""
""
""
""
""
""
""
""
""
""
""
""
""
""
""
""
""
""
""
""
""
""
""
""
""
""
""
""
""
""
""
""
""
""
""
""
""
""
""
""
""
""
""
""
""
""
""
""
""
""
""
""
""
""
""
""
""
""
""
""
""
""
""
""
""
""
""
""
""
""
""
""
""
""
""
""
""
""
""
""
""
""
""
""
""
""
""
""
""
""
""
""
""
""
""
""
""
""
""
""
""
""
""
""
0.053021979
""
0.1631197
-0.013012303
""
""
""
""
""
""
""
""
""
""
""
""
""
""
""
""
""
""
""
""
""
""
""
""
""
""
""
""
""
""
""
""
""
""
""
""
""
""
""
""
""
""
""
""
""
""
""
""
""
""
""
""
""
""
""
""
""
""
""
""
""
""
""
""
""
""
""
""
""
""
""
""
""
""
""
""
""
""
""
""
""
""
""
""
""
""
""
""
""
""
""
""
""
""
""
""
""
""
""
""
""
""
""
""
""
""
""
""
""
""
""
""
""
""
""
""
""
""
""
""
""
""
""
""
""
""
""
""
""
""
""
""
""
""
""
""
""
""
""
""
""
""
""
""
""
""
""
""
""
""
""
""
""
""
""
""
""
""
""
""
""
""
""
""
""
""
""
""
""
""
""
""
""
""
""
""
""
""
""
""
""
""
""
""
""
""
""
""
""
""
""
""
""
""
""
""
""
""
""
""
""
""
""
""
""
""
""
""
""
""
-0.014564347
""
""
""
""
""
""
-0.047495432
""
0.016490284
0.038160767
-0.049236659
""
""
""
""
""
""
-0.046405118
0.10466652
""
0.0280794
""
""
""
0.057320412
""
""
""
""
""
""
""
""
""
""
""
""
""
""
""
""
0.00044129661
""
""
""
""
""
""
""
""
""
""
""
""
""
""
""
""
""
""
""
""
""
""
""
""
""
""
""
""
""
""
""
""
""
""
""
""
""
""
""
""
""
""
""
""
""
""
""
""
""
""
""
""
""
""
""
""
""
""
""
""
""
""
""
""
""
""
""
""
""
""
""
""
""
""
""
""
""
""
""
""
""
""
""
""
""
""
""
""
""
""
""
""
""
""
""
""
""
""
""
""
""
""
""
""
""
""
""
""
""
""
""
""
""
""
""
""
""
""
""
""
""
""
""
""
""
""
""
""
""
""
""
""
""
""
""
""
""
""
""
""
""
""
""
""
""
""
""
""
""
""
""
""
""
""
""
""
""
""
""
""
""
""
""
""
""
""
""
""
""
""
""
""
""
""
""
""
""
""
""
""
""
""
""
""
""
""
""
""
""
""
""
""
""
""
""
""
""
""
""
""
""
""
""
""
""
""
""
""
""
""
""
""
""
""
""
""
""
""
""
""
""
""
""
""
""
""
""
""
""
""
""
""
""
""
""
""
""
""
""
""
""
""
""
""
""
""
""
0.019036526
""
""
""
""
""
""
""
""
""
""
""
""
""
""
""
""
""
""
""
""
""
""
""
""
""
""
""
-0.12293401
""
""
""
""
-0.10913812
0.046013173
""
""
""
""
""
""
""
""
""
""
""
""
""
""
""
""
""
""
""
""
""
""
""
""
""
""
""
""
""
""
""
""
""
""
0.00036585648
0.016805062
""
""
""
""
""
0.004541798
""
""
0.014617778
""
""
""
""
""
""
""
""
""
""
""
""
""
""
""
""
-0.0027941042
""
""
""
""
""
""
""
""
""
""
""
""
""
""
""
""
""
""
""
""
""
""
""
""
""
""
""
""
""
""
""
""
""
""
""
""
""
""
""
""
""
""
""
""
""
""
""
""
""
""
""
""
""
""
""
""
""
""
""
""
""
""
""
""
""
""
""
""
""
""
""
""
""
""
""
""
""
""
""
""
""
""
""
""
""
""
""
""
""
""
""
""
""
""
""
0.055982508
""
0.02638166
-0.052001297
""
""
""
""
""
""
""
""
""
""
""
""
""
""
""
""
""
""
""
""
""
""
""
""
""
""
""
""
""
""
""
""
""
""
""
""
""
""
""
""
""
""
""
""
""
""
0.035774469
""
""
""
""
""
""
""
""
""
""
0.013715121
""
""
""
""
""
""
""
""
""
""
""
""
""
""
0.034416445
""
""
""
""
""
""
""
""
""
""
""
""
""
""
""
""
""
""
""
""
""
""
""
""
""
""
""
""
""
""
""
""
""
""
""
""
""
""
""
""
""
""
""
""
""
""
""
""
""
""
""
""
""
""
""
""
""
""
""
""
""
""
""
""
""
""
""
""
""
""
""
""
""
""
""
""
""
""
""
""
""
""
""
""
""
""
""
""
""
""
""
""
""
""
""
""
""
""
""
""
""
""
""
""
""
""
""
""
""
""
""
""
""
""
""
""
""
""
""
""
""
""
""
""
""
""
""
""
""
""
""
""
""
""
""
""
""
""
""
""
""
""
""
""
""
""
""
""
""
""
""
""
""
""
""
""
""
""
""
""
""
""
""
""
""
""
""
""
""
""
""
""
""
""
""
""
""
""
""
""
""
""
""
""
""
""
""
""
""
""
""
""
""
""
""
""
""
""
-0.066356659
""
""
""
""
0.014747109
""
""
""
""
""
""
""
""
""
""
""
""
""
""
""
""
""
""
""
""
""
""
""
""
""
""
""
""
""
-0.018837629
-0.050280053
""
""
""
""
""
""
""
""
""
""
""
""
""
""
""
""
""
""
""
""
""
""
""
""
""
""
""
""
""
""
""
""
""
""
""
""
""
""
""
""
""
""
""
0.0060864342
""
""
""
""
0.28980672
""
""
-0.0079765348
0.15722007
""
""
""
""
""
""
""
""
""
""
""
""
""
""
""
""
""
-0.024059495
""
""
""
""
""
""
""
""
""
""
""
""
""
""
""
""
""
""
""
0.086657546
""
""
""
""
""
""
""
""
""
""
""
""
""
""
""
""
""
""
""
""
""
""
""
""
""
""
""
""
""
""
""
""
""
""
""
""
0.061689135
""
""
""
""
""
""
""
""
""
""
""
""
""
""
""
""
""
""
""
""
0.08813604
-0.016209645
""
""
""
""
""
""
""
""
""
""
""
""
""
""
""
""
""
""
""
""
""
""
""
""
""
""
""
""
""
""
""
""
""
""
""
""
""
""
""
""
""
""
""
""
""
""
""
""
""
""
""
""
""
""
""
""
""
""
""
""
""
""
""
""
""
""
""
""
""
""
""
""
""
-0.12149552
""
""
""
""
0.047369264
""
""
""
""
""
""
""
""
""
""
""
""
""
0.082145832
""
""
""
""
-0.025744665
-0.0079625687
""
""
""
""
""
""
""
""
""
-0.0072693899
""
""
""
""
""
""
""
""
-0.08175759
0.17214453
""
""
""
""
""
""
""
""
""
""
""
""
""
""
""
0.052545678
-0.041176327
0.024863875
""
""
""
""
""
""
""
""
""
""
""
""
0.043492794
""
""
""
""
""
""
""
0.0034334664
0.058767445
-0.0024771928
""
""
""
""
""
""
""
""
""
""
""
""
""
""
""
""
""
""
""
""
""
""
""
""
""
""
""
""
""
""
""
""
""
""
""
""
""
""
""
""
""
""
""
""
""
""
""
""
""
""
""
""
""
""
""
""
""
""
""
""
""
""
""
""
""
""
""
""
""
""
""
""
""
""
""
""
""
""
""
""
""
""
""
""
""
""
""
0.017252434
-0.032698382
-0.0017274945
""
""
""
""
""
""
""
""
""
""
""
""
""
""
""
""
""
""
""
""
""
""
""
""
""
""
""
""
""
""
""
""
""
""
""
""
""
""
""
""
""
""
""
""
""
""
""
""
""
""
""
""
""
""
""
""
""
""
""
""
""
""
""
""
""
""
""
""
""
""
""
""
""
""
""
""
""
""
""
""
""
""
""
""
""
""
""
""
""
""
""
""
""
""
""
""
""
""
""
""
""
""
""
""
""
""
""
""
""
""
""
""
""
""
""
""
""
""
""
""
""
""
""
""
""
""
""
""
""
""
""
""
""
""
""
""
""
""
""
""
""
""
0.015243432
""
""
""
""
""
""
""
""
""
""
""
""
""
""
""
""
""
""
""
""
""
""
""
""
""
""
""
""
""
""
""
""
""
""
""
""
""
""
""
""
""
""
""
""
""
""
""
""
""
""
""
""
""
""
""
""
""
""
""
""
""
""
""
""
0.10523551
""
""
""
""
""
""
""
""
""
""
""
""
""
""
""
""
""
""
""
-0.030719725
0.10241996
""
""
""
""
""
""
""
""
""
""
""
""
""
""
""
""
""
""
""
""
""
0.047979977
""
""
""
""
""
""
""
""
""
""
""
""
""
""
""
""
""
""
""
""
""
""
""
""
""
""
""
""
""
""
""
""
""
""
""
""
""
""
""
""
""
""
""
""
""
""
""
""
""
""
""
""
""
""
""
""
""
""
""
""
""
""
""
""
""
""
""
""
""
""
""
""
""
""
""
""
""
""
""
""
""
""
""
""
""
""
""
""
""
""
""
""
""
""
""
""
""
""
""
""
""
""
""
""
""
""
""
""
""
""
""
""
""
""
""
""
""
""
""
""
""
""
""
""
""
""
""
""
""
""
""
""
""
""
""
""
""
""
""
""
""
""
""
""
""
""
""
""
""
""
""
""
""
""
""
""
""
""
""
""
""
""
""
""
0.013000386
0.0021982885
-0.030426642
""
""
""
""
""
""
""
""
""
""
""
""
""
""
""
""
""
""
""
""
""
""
""
""
""
""
""
""
""
""
""
""
""
""
""
""
""
""
""
""
""
""
""
""
""
""
""
""
""
""
""
""
""
""
""
""
""
""
""
""
""
""
""
""
""
""
""
""
""
""
""
""
""
""
""
""
""
""
""
""
""
""
""
""
""
""
""
""
""
""
""
""
""
""
""
""
""
""
""
""
""
""
""
""
""
""
""
""
""
""
""
""
""
""
""
""
""
""
""
""
""
""
""
""
""
""
""
""
""
""
""
""
""
""
""
""
""
-0.15103918
""
""
""
""
""
""
""
""
""
""
""
""
""
""
""
""
""
""
""
""
""
""
""
""
""
""
""
""
""
""
""
""
""
""
""
""
""
""
""
""
""
""
""
""
""
""
""
""
""
""
""
""
""
""
""
""
""
""
""
""
""
""
""
""
""
""
""
""
""
""
""
""
""
""
""
""
""
""
""
""
""
""
""
""
""
""
""
""
""
""
""
""
""
""
""
""
""
""
""
""
""
""
""
""
""
""
""
""
""
""
""
""
""
""
""
""
""
""
""
""
""
""
""
""
""
""
""
""
""
""
""
""
""
""
""
""
""
""
""
""
""
""
""
""
""
""
""
""
""
""
""
""
""
""
""
""
""
""
""
""
""
""
""
""
""
""
""
""
""
""
""
""
""
""
""
""
""
""
""
""
""
""
""
""
""
""
""
""
""
""
""
""
""
""
""
""
""
""
""
""
""
""
""
""
""
""
""
""
""
""
""
""
""
""
""
""
""
""
""
""
""
""
""
""
""
""
""
""
""
""
""
""
""
""
""
""
""
""
""
""
""
""
""
""
""
""
""
""
""
""
""
""
""
""
""
""
""
""
""
""
""
""
""
""
""
""
""
""
""
""
""
""
""
""
""
""
""
""
""
""
""
""
""
""
""
""
""
""
""
""
""
""
""
""
""
""
""
""
""
""
""
""
""
""
""
""
""
""
""
""
""
""
""
""
""
""
""
""
""
""
""
""
""
""
""
""
""
""
""
""
""
""
""
""
""
""
""
""
""
""
""
""
""
""
""
""
""
""
""
""
""
""
""
""
""
""
""
""
""
""
""
""
""
""
""
""
""
""
""
""
""
""
""
""
""
""
""
""
""
""
""
""
""
""
""
""
0.013084193
0.045782205
""
""
""
""
""
""
""
""
""
""
""
""
""
""
""
""
""
""
""
""
""
""
""
""
""
""
""
""
""
""
""
""
""
""
""
""
""
""
""
""
""
""
""
""
""
""
""
""
""
""
""
""
""
""
""
""
""
""
""
""
""
0.024283146
""
""
""
""
""
""
""
""
""
""
""
0.024102729
""
""
""
""
""
""
""
""
""
""
""
""
""
""
""
""
""
""
""
""
""
""
""
""
""
""
""
""
""
""
""
""
""
""
""
""
""
""
""
""
""
""
""
""
""
""
""
""
""
""
""
""
""
""
""
""
""
""
""
""
""
""
""
""
""
""
""
""
""
""
""
""
""
""
""
""
""
""
""
""
""
""
""
""
""
""
""
""
""
""
""
""
""
""
""
""
""
""
""
0.0050458405
0.048199248
""
-0.090117894
-0.043136004
""
""
""
""
""
""
0.017873397
""
-0.035920259
""
""
""
""
""
-0.05236527
""
""
""
""
""
""
""
""
""
""
""
""
""
""
""
""
-0.035830557
0.019150965
""
""
""
""
""
""
""
""
""
""
""
""
""
""
""
""
""
""
""
""
""
""
""
""
""
""
""
""
""
""
""
""
""
""
""
""
""
""
""
""
""
""
""
""
""
""
""
""
""
""
""
""
""
""
""
""
""
""
""
""
""
""
""
""
""
""
""
""
""
""
""
""
""
""
""
""
""
""
""
""
""
""
""
""
""
""
""
""
""
""
""
""
""
""
""
""
""
""
""
""
""
""
""
""
""
""
""
""
""
""
""
""
""
""
""
""
""
""
""
""
""
""
""
""
""
""
""
""
""
""
""
""
""
""
""
""
""
""
""
""
""
""
""
""
""
""
""
""
""
""
""
""
""
""
""
""
""
""
""
""
""
""
""
""
""
""
""
""
""
""
""
""
""
""
""
""
""
""
""
-0.0027157154
-0.018902365
-0.084127888
-0.037639048
0.001603506
""
0.0074388259
-0.028742714
-0.2753531
-0.039268017
-0.087192051
-0.010666146
0.15056515
""
""
""
""
-0.068116769
""
""
""
""
""
""
""
""
""
""
""
""
""
""
""
""
0.11710887
""
""
""
""
""
""
""
""
""
""
""
""
""
""
""
""
""
""
""
""
""
""
""
""
""
""
""
""
""
""
""
""
""
""
""
0.02704685
""
""
""
""
""
""
""
""
""
-0.062683329
""
-0.069614425
""
""
""
""
""
""
""
""
""
""
""
""
""
0.12577848
0.092704229
""
""
0.080816671
""
""
""
""
""
""
""
0.045928922
""
""
""
""
""
""
""
""
""
""
""
""
""
""
""
""
""
""
""
""
""
""
""
""
""
""
""
""
""
""
""
""
""
""
""
""
""
""
""
""
""
""
""
""
""
""
""
""
""
""
""
0.010452393
""
-0.064825676
""
""
""
""
""
""
""
""
""
""
""
-0.084013946
0.17463516
""
""
""
""
""
""
""
""
""
""
""
""
""
""
""
""
""
""
""
""
""
""
""
""
""
""
""
""
""
""
""
""
""
""
""
""
-0.12728284
""
-0.0044218726
""
""
""
""
""
""
""
""
""
""
""
""
""
""
""
""
""
""
""
""
""
""
""
""
""
""
""
""
""
""
""
""
""
""
""
""
""
""
""
""
""
""
""
""
""
""
""
""
""
""
""
""
-0.065590069
""
-0.066632301
""
""
""
""
""
""
""
""
""
""
""
""
""
""
""
""
""
""
""
""
""
""
""
""
""
""
""
""
""
""
""
""
""
""
""
""
""
""
""
""
""
""
""
""
""
-0.037249006
""
""
""
""
""
""
""
""
""
""
""
""
""
""
""
""
""
""
""
""
""
""
""
""
""
""
""
""
""
""
""
""
""
""
""
""
""
""
""
""
""
""
""
""
""
""
""
""
""
""
""
""
""
""
""
""
""
""
""
""
""
""
""
""
""
""
""
""
""
""
""
""
""
""
""
""
""
""
""
""
""
""
""
""
""
""
""
""
""
""
""
0.067194872
""
""
""
""
""
""
""
""
""
""
""
""
""
""
""
""
""
""
""
""
""
""
""
""
-0.025249477
""
""
""
""
""
""
""
""
-0.081711084
""
""
0.067958981
""
""
""
""
""
""
""
""
""
""
""
""
""
""
-0.061301116
-0.010799178
-0.010999019
0.17868908
""
0.093249612
""
""
""
""
""
""
""
""
""
""
""
""
""
""
""
""
""
""
""
""
""
""
""
""
""
""
""
""
""
""
""
""
""
""
""
""
""
""
""
""
""
""
""
""
""
""
""
""
""
""
""
""
""
""
""
""
""
""
""
""
""
""
""
""
""
""
""
""
""
""
""
""
""
""
""
""
""
""
""
""
""
""
""
""
""
""
""
""
""
""
""
""
""
""
""
""
""
""
""
""
""
""
""
""
""
""
""
""
""
""
""
""
""
""
""
""
""
""
""
""
""
""
""
""
""
""
""
""
""
""
""
""
""
""
""
""
""
""
""
""
""
""
""
""
""
""
""
""
""
""
""
""
""
""
""
""
""
""
""
""
""
""
""
""
""
""
""
""
""
""
""
""
""
""
""
""
""
""
""
""
""
""
""
""
""
""
""
""
""
""
""
""
""
""
""
""
""
""
""
""
""
""
""
""
""
""
""
""
""
""
""
""
""
""
""
""
""
""
""
""
""
""
""
""
""
""
""
""
""
""
""
""
""
""
""
""
""
""
""
""
""
""
""
""
""
""
""
""
""
""
""
""
""
""
""
""
""
""
""
""
""
""
""
""
""
""
""
""
""
""
""
""
""
""
""
""
""
""
""
""
""
""
""
""
""
""
""
""
""
""
""
""
""
""
""
""
""
""
""
""
""
""
""
""
""
""
""
""
""
""
""
""
""
""
""
""
""
""
""
""
""
""
""
""
""
""
""
""
""
""
""
""
""
""
""
""
""
""
""
""
""
""
""
""
""
""
""
""
""
""
""
""
""
""
""
""
""
""
""
""
""
""
""
""
""
""
""
""
""
""
""
""
""
""
""
""
""
""
""
""
""
""
""
""
""
""
""
""
""
""
""
""
""
""
""
""
""
""
""
""
""
""
""
""
""
""
""
""
""
""
""
""
""
""
""
""
""
""
""
""
""
""
""
""
""
""
""
""
""
""
""
""
""
""
""
""
""
""
""
""
""
""
""
""
""
""
""
""
""
""
""
""
""
""
""
""
""
""
""
""
""
""
""
""
""
""
""
""
""
""
""
-0.053639773
""
""
""
""
""
""
""
""
""
""
""
""
""
""
""
""
""
""
""
""
""
""
""
""
""
""
0.024326384
""
""
""
""
""
""
""
""
""
""
""
""
""
""
""
""
""
""
""
""
""
""
""
""
""
""
""
""
""
""
""
""
""
""
""
""
""
""
""
""
""
""
""
""
""
""
""
""
""
""
-0.048228044
""
""
""
""
""
""
""
""
""
""
""
""
""
""
""
""
""
""
""
""
""
""
""
""
""
""
""
""
""
""
""
""
""
""
""
""
""
""
""
""
""
""
""
""
""
""
""
""
""
""
""
""
""
""
""
""
""
""
""
""
""
""
""
""
""
""
""
""
""
""
""
""
""
""
""
""
""
""
""
""
""
""
""
""
""
""
""
""
""
""
""
""
""
""
""
""
""
""
""
""
""
""
""
""
""
""
""
""
""
""
""
""
""
""
""
""
""
""
""
""
""
""
""
""
""
""
""
""
""
""
""
""
""
""
""
""
""
""
""
""
""
""
""
""
""
""
""
""
""
""
""
""
""
""
""
""
""
""
""
""
""
""
""
""
""
""
""
""
""
""
""
""
""
""
""
""
""
""
""
""
""
""
""
""
""
""
""
""
""
""
""
""
""
""
""
""
""
""
""
""
""
""
""
""
""
""
""
""
""
0.22013688
""
""
""
""
""
0.0030954932
""
""
""
""
0.012859765
0.00015547749
""
""
""
""
""
""
""
""
-0.007546315
""
""
""
""
""
""
""
""
""
""
""
""
""
""
""
""
""
""
""
""
""
""
""
""
""
""
""
0.067636296
0.0062735802
""
""
""
""
""
""
""
""
""
""
""
""
-0.0086114053
""
""
""
""
""
""
""
""
""
""
""
""
""
""
""
""
""
""
""
""
""
""
""
""
-0.0031220997
""
""
""
""
""
""
""
0.05531472
-0.0073077385
0.14027765
""
""
""
""
""
""
""
0.072431952
0.058956072
""
""
""
""
""
""
""
""
""
""
0.071919717
""
""
""
""
-0.0099425605
""
""
""
""
""
""
""
""
0.12026952
-0.00038324614
0.40212786
""
""
0.021324668
0.00057215674
0.016390977
0.0074638743
0.013028521
0.048145205
-0.064070158
-0.024227433
0.002065192
0.030082271
""
""
""
""
""
-0.050868828
0.0014352791
-0.016493848
""
""
""
""
""
""
""
-0.047367383
-0.036675431
-0.04009119
""
""
0.095381804
""
""
""
-0.020900216
""
""
""
""
""
0.046794981
""
""
""
0.037144464
""
""
""
""
""
""
""
""
""
""
""
""
""
""
""
""
""
""
""
""
-0.085940316
""
0.041162811
""
""
""
""
""
""
""
""
""
""
""
""
""
""
""
""
""
""
""
""
""
""
""
""
""
""
""
""
""
""
""
""
""
""
""
""
""
""
""
""
""
""
""
""
""
0.0086808
""
""
""
""
""
""
""
0.012904027
""
""
""
""
""
""
""
""
""
""
""
""
""
""
""
""
""
""
""
""
""
""
""
""
""
""
""
""
""
""
""
""
""
""
""
""
""
""
0.12141857
0.15392299
-0.026942736
""
""
-0.03821471
-0.011867069
-0.043508209
0.039146621
-0.0077072466
""
""
""
""
""
""
""
""
""
""
""
""
""
""
""
""
""
""
""
""
""
""
""
""
""
""
""
""
""
""
""
""
""
""
""
-0.057645068
""
""
""
0.31181964
""
""
""
""
""
""
""
""
""
""
""
""
""
""
""
""
""
0.006926544
-0.020522511
""
""
""
""
""
""
""
""
""
""
""
""
""
""
""
""
""
""
""
""
""
""
""
""
""
""
""
""
""
""
""
""
""
""
""
""
""
""
""
""
""
""
""
""
""
""
0.012944571
-0.010126024
-0.017322106
-0.054883383
-0.0029699423
""
""
""
""
0.029281436
""
""
""
-0.029234862
0.049123716
-0.17709206
""
0.69136333
""
""
""
""
-0.026201734
""
""
""
""
""
""
""
""
""
""
""
""
""
""
""
""
""
""
""
""
0.03787211
0.0071409456
0.058031853
""
""
""
""
""
""
""
""
""
""
0.045347929
""
""
""
""
""
""
0.035675872
-0.065299295
0.098648064
""
""
""
-0.014655652
""
""
""
-0.018154394
-0.0064965235
""
0.046943463
0.13584176
-0.010890396
-0.0024451877
""
""
""
-0.040218171
""
""
""
""
""
""
""
""
""
""
""
""
""
""
""
""
""
""
""
""
""
""
""
""
""
-0.028035857
""
""
""
""
0.24253757
-0.15891211
0.032001037
0.035791758
0.02280142
""
""
""
""
""
""
""
""
""
""
""
""
""
""
""
""
""
""
""
""
""
""
""
""
""
""
""
""
""
""
""
-0.054213963
-0.021064868
0.051430918
""
""
0.00090894697
-0.0045471266
-0.0057444852
-0.015803475
0.061182152
0.023509486
-0.063961394
0.088136613
0.10699796
0.035853766
0.057540312
""
-0.095456786
0.065153159
-0.0079071121
-0.035029713
0.0074872263
0.0020955249
-0.018779861
0.042296935
0.032596372
0.012606306
0.017594365
0.0045797341
0.094844967
0.054474566
0.047081776
0.050590135
0.19333398
0.018285103
0.08449059
0.086883083
-0.0096604442
0.017707765
0.34367791
0.077478707
0.090207703
0.66318244
-0.13362095
-0.042675294
""
-0.011383789
0.028557818
0.015804077
0.023361502
0.004066709
0.0059671835
0.07592383
0.23489226
0.054615535
0.024543121
-0.0060293749
0.017284291
0.057487819
0.025757149
0.085407659
""
""
-0.022682596
""
0.00019043288
0.12456084
0.0087909428
-0.013128997
0.0087173069
-0.01302923
-0.044097725
""
-0.049357891
-0.062474117
0.047357399
0.058554683
0.0056738332
-0.017095499
0.17530073
0.037964121
0.15263222
0.019108521
0.085775115
-0.00042551206
""
""
0.002946174
-0.08387477
0.095497645
0.082511462
-0.036797073
-0.0097825872
-0.021016141
-0.035209
-0.040299706
0.17510581
0.34867775
0.048619762
-0.0050435998
0.036749233
""
0.032240111
0.047267575
0.0931869
0.047275987
0.04922343
-0.0078543834
""
0.054687824
0.093843102
-0.045805339
""
-0.022342449
0.040909562
0.050498579
0.0081215287
-0.063271463
0.062547967
""
""
0.050704587
0.11431103
""
""
0.040662702
""
""
-0.0097557884
-0.03499303
0.11372181
0.048562068
-0.0085090958
""
0.068298101
""
0.0013717912
-0.012648882
""
""
""
-0.01122504
0.011942045
""
""
""
0.020446396
-0.091116145
0.032572884
-0.005791707
""
-0.00065102783
-0.06181125
0.017044693
""
-0.0011306605
""
""
-0.0016265145
""
-0.033080585
0.25393867
""
""
-0.028607646
0.0072883102
0.060695324
""
""
""
""
""
""
""
""
""
""
0.055922735
-0.079745814
0.0096613206
-0.019240934
""
-0.0002574657
-0.010408721
0.076124497
0.087492466
0.20321415
""
""
""
""
""
""
0.049968235
-0.0097348504
-0.0287215
0.01522751
""
""
""
""
""
""
""
""
""
""
""
""
""
""
""
""
""
-0.037851702
""
0.088845924
-0.075313285
-0.015923144
0.10068487
-0.018057603
0.010641892
""
""
""
0.031484939
-0.0038059186
0.058547698
-0.005033826
0.0060629062
""
0.030133376
0.034698542
""
-0.0021562926
""
""
""
""
""
""
""
""
""
""
""
0.0049722707
""
""
0.14477496
0.032659266
""
-0.0027861584
0.026451508
0.053950343
""
0.069856867
""
0.053750224
-0.0043361061
0.018379336
0.021848278
0.018776959
-0.043321237
0.0012566361
0.0083821602
-0.05758569
0.21565227
0.33195454
-0.0529746
""
0.059036925
-0.041741654
0.078415811
0.023527933
-0.016122382
""
0.0026311106
""
""
""
""
""
""
""
""
-0.038563289
""
""
""
""
0.018641785
""
""
0.032117225
0.028378995
0.036124952
""
""
""
0.023069765
-0.010571482
-0.014547902
-0.0075297612
0.052310955
-0.010724219
0.1402148
0.020092105
-0.013488318
-0.0089126555
0.0047096708
0.10528529
0.10174699
-0.015561385
-0.0077605257
0.043210115
-0.018561039
0.016138757
0.041926671
0.0074923825
-0.047741842
0.16139385
-0.013569039
0.0016787611
0.02206699
-0.080975242
0.052937176
0.076939121
-0.017139999
0.027864441
0.11507411
-0.00051549339
0.041706089
0.054112121
0.0091809975
0.05142606
-0.059992746
0.10550857
-0.0084626824
0.029350923
0.025063731
-0.018251577
-0.023788374
0.016628351
-0.10491544
0.13662693
""
0.0045237467
0.090193994
-0.038173944
""
0.011238055
""
0.056747418
0.0062097781
0.030228175
-0.010451227
0.013740342
-0.0030524856
-0.022802679
0.0076639722
0.014652363
-0.018776985
0.018275943
0.0097300382
""
""
0.03380467
""
""
0.065979399
0.034097135
""
-0.058229059
""
""
""
""
-0.022258919
0.0071965596
""
""
0.038569681
""
""
""
""
""
""
""
-0.011891594
""
0.047151007
-0.077306412
""
""
-0.028664237
""
0.041661568
""
0.10000742
-0.025835751
0.022197852
-0.013136901
-0.013116884
-0.0010379347
""
0.078502528
""
0.060946848
0.069281921
""
0.071706809
-0.087789364
-0.00039403143
-0.053790767
""
""
""
""
""
""
0.027978893
""
""
""
""
""
""
""
""
0.011542153
""
-0.004234713
0.057043955
0.000721497
0.094599031
-0.035959195
0.073199511
""
""
""
""
0.0029853657
-0.02865201
""
""
""
""
""
""
""
""
""
""
""
""
""
""
""
""
""
0.0055573639
""
""
""
""
0.020804249
""
""
""
""
""
""
""
""
""
""
""
0.015404047
0.031903591
0.013767755
-0.041117892
-0.072542205
-0.044425085
-0.0093700765
0.015467062
0.03379672
""
-0.048012849
0.0029956663
""
""
0.065773211
""
-0.015228368
""
""
""
""
""
""
""
""
0.033902749
""
""
""
""
""
""
-0.01818157
""
""
0.014302535
-0.089709215
""
0.10980985
0.0087383101
0.17161192
""
""
""
-0.05586607
""
""
-0.0075160172
0.0039108153
-0.0070052352
-0.077079296
-0.01685551
""
""
0.0050768335
0.0569603
""
0.080880873
""
-0.0088960631
0.022667943
""
0.036468551
-0.10250404
""
""
""
""
""
""
""
0.011815241
""
0.084937923
-0.001572747
-0.024017356
""
-0.074134164
0.0096734716
-0.064679645
0.055308409
-0.033641957
-0.091461875
0.032974888
-0.072566099
-0.047866803
-0.068728238
0.050059766
""
""
""
""
""
""
""
""
""
""
""
0.025259433
0.13011533
""
-0.0070715328
-0.017971706
0.010951333
-0.020855792
0.082515672
0.017182998
0.057689801
0.098295264
""
""
0.014852085
-0.031882744
0.022601167
-0.050786592
0.0069247042
""
""
""
""
""
0.0056515522
-0.024398614
""
""
0.031145841
0.10446066
0.24254055
-0.12439819
""
""
0.096824147
""
""
""
0.03552204
-0.045643926
""
""
0.011152962
""
0.051387813
0.031346101
0.019244062
0.026490144
-0.1014648
0.056024402
-0.033017617
0.0067266086
0.022720911
6.7489287e-05
0.013454609
-0.025217559
-0.0066010677
0.092819162
-0.044168133
0.0021136391
-0.010998497
-0.0049038744
""
0.011025921
""
""
""
""
""
""
""
""
""
""
""
-0.07191512
""
""
0.055571619
""
""
""
""
""
""
""
""
""
""
-0.020470237
""
""
0.12555476
""
0.058229961
0.067423344
0.18292592
0.0029363749
0.0097757177
0.27337503
""
0.0072188852
0.085034907
-0.096272074
""
""
""
""
""
""
""
""
""
""
""
""
""
""
""
""
""
""
""
""
""
""
""
""
""
""
""
""
""
""
""
""
""
""
""
""
""
""
""
""
""
""
""
""
""
""
""
""
""
""
""
""
""
""
""
""
""
""
""
""
""
""
""
""
""
""
""
""
""
""
""
""
""
""
""
""
""
""
""
""
""
""
""
""
""
""
""
""
""
0.016454697
""
0.04012496
-0.0092724329
""
""
""
""
-0.034174956
""
""
""
""
""
""
""
""
""
""
""
""
""
-0.045852527
-0.075736187
""
0.012487995
-0.0088992538
""
""
""
""
""
""
""
""
""
""
""
""
""
""
""
""
""
""
""
""
""
""
""
""
""
""
""
""
""
""
""
""
""
""
""
""
""
""
""
""
""
""
""
""
""
""
""
""
""
""
""
""
""
""
""
""
""
""
""
""
""
""
""
""
""
""
""
""
""
""
""
""
""
""
""
""
""
""
""
""
""
""
""
""
""
""
""
""
""
""
""
""
""
""
""
""
""
""
""
""
""
""
""
""
""
""
""
""
""
""
""
""
""
""
""
""
""
""
""
""
""
""
""
""
""
""
""
""
""
""
""
""
""
""
""
""
""
""
""
""
""
""
""
""
""
""
""
""
""
""
""
""
""
""
""
""
""
""
""
""
""
""
""
""
""
""
""
""
""
""
""
""
""
""
""
""
""
-0.061996311
0.038334727
-0.011710108
-0.0022944391
0.084000736
""
-0.10624698
""
0.010899539
""
0.034669444
0.063626952
-0.038340259
-0.020537188
""
""
""
0.028446758
""
""
""
""
""
-0.020844202
""
""
-0.058516521
0.019596739
""
-0.13040799
-0.065832235
0.18624283
""
0.02010165
-0.0016330183
0.15796679
0.081075668
-0.022820408
0.014651074
""
-0.021315649
0.049023602
-0.04113799
""
""
""
0.023953933
-0.024244739
-0.15268448
0.039635967
""
""
""
""
""
""
0.0085374285
""
-0.15319599
""
""
""
""
0.060558774
-0.08688245
""
0.048840106
""
""
""
""
""
""
0.022594512
0.05502389
0.054484177
""
0.0069024004
0.031012721
0.090601057
0.0036721001
0.039158013
0.01142879
0.064073786
""
0.0062308721
""
""
0.077188008
""
""
-0.033528879
0.052944519
0.028682843
0.00094505382
-0.031330753
0.019854281
-0.045975856
0.098983049
""
""
0.068660505
""
""
0.051655088
-0.041984778
-0.0047787582
0.10369702
""
""
-0.035615981
0.090981342
""
0.10898786
0.0090645216
0.019592913
""
""
""
""
""
0.023609979
""
""
""
""
""
""
0.011912957
0.079121292
0.13047892
0.036768273
-0.019424928
0.01228047
""
""
0.14851353
-0.015397543
-0.011945279
-0.019621287
0.040137801
0.015485162
0.019270288
0.043970224
0.0014683523
0.033407398
""
""
0.083830133
""
""
""
""
0.060466304
0.02335635
0.021366192
-0.06306304
0.012326786
0.0075239087
0.010662156
0.055655614
0.11157928
-0.068828255
-0.055795722
0.021739468
""
""
""
""
0.094194047
0.055888321
""
0.19254927
""
""
""
0.0060181571
0.038527798
-0.0060071964
-0.046113346
-0.018938886
0.0015503526
""
0.12341446
""
0.061997417
""
""
""
-0.079506472
0.10896276
-0.03881323
""
""
""
0.068135418
""
""
""
""
""
""
""
-0.005900092
0.0097439028
0.07680779
-0.0052624061
0.015786223
0.087046146
""
""
""
""
""
0.028385844
""
""
-0.0017605438
0.0029932479
""
0.054937541
0.12048251
-0.00058449182
-0.069726266
""
-0.020053688
-0.043910235
0.042542733
""
0.048096023
-0.00062672509
0.0081878323
""
0.049296066
""
0.042673592
-0.093679801
""
""
""
""
-0.015176668
0.052419636
-0.0017339871
""
""
""
""
""
""
""
""
""
""
""
""
""
""
""
""
""
0.05034421
""
""
""
""
""
""
""
""
""
""
""
""
""
""
""
""
""
""
""
""
""
""
""
""
""
""
""
""
""
""
""
""
-0.02046635
""
""
0.077369109
0.036135454
""
0.073435478
""
""
-0.13925868
0.0459782
0.061828133
0.0014964519
""
-0.0020299675
0.054081868
0.10085047
0.043615706
-0.016813852
-0.027234709
-0.028594451
""
""
-0.0033928757
""
""
""
""
""
""
""
""
""
""
""
""
""
-0.098308928
""
""
""
""
""
""
""
""
""
""
""
""
""
""
""
""
""
""
""
""
""
""
""
""
0.16599391
""
-0.048061498
""
""
""
0.46155313
-0.0053405589
-0.062612519
0.062649645
-0.0047202357
0.039953962
0.0045258533
0.094225511
0.077357613
0.1084445
0.27993017
0.050546866
0.045151569
-0.017524512
-0.044253748
0.12847619
0.10043495
0.064724915
-0.054100025
0.080270983
""
""
""
0.014013386
-0.0397298
0.022590635
""
""
""
""
""
""
""
""
""
""
""
""
""
""
""
""
""
-0.085235737
""
""
""
""
""
""
""
""
""
""
""
""
""
""
""
""
""
""
""
""
""
""
""
""
0.019146975
""
""
""
""
""
""
""
""
""
""
-0.015786037
0.095720455
""
""
""
""
""
""
""
""
""
""
""
""
""
""
""
-0.02145146
""
""
""
-0.061154813
""
""
""
""
""
""
""
""
""
0.0019086524
0.073841296
""
""
0.14681131
-0.01230318
""
0.10190611
""
""
""
""
""
""
""
0.075346343
""
""
""
""
""
""
""
""
""
""
""
""
""
""
""
""
""
""
""
""
-0.06081865
""
""
""
""
""
""
""
""
""
""
""
""
""
""
""
""
""
""
""
""
0.079274058
""
""
-0.051505134
-0.15187442
0.32416201
""
""
0.061494313
""
-0.0065748789
-0.0036145784
0.026370984
""
-0.047650177
0.0010598601
0.008253132
0.01854836
0.021513054
0.020847956
0.037176512
-0.051557653
0.035671107
0.025612524
-0.026733292
0.025470229
0.031126507
0.070488013
0.028578658
-0.041210391
0.038110919
0.012150054
-0.012152437
0.012879515
0.038778093
""
""
""
""
0.10302994
""
""
""
""
""
-0.10397313
""
""
""
""
""
""
""
""
""
""
""
""
""
""
""
""
""
""
""
-0.0068963058
""
""
""
""
""
""
0.0039441111
""
""
""
-0.0083800107
-0.033406034
0.032497928
0.0036754271
0.17368443
0.12020105
-0.0074087894
""
0.054218218
0.15702046
""
-0.076372258
0.014917206
0.009015115
0.027411114
""
""
0.041745864
-0.009144377
0.14101769
-0.0053865584
0.030206986
0.085745469
0.0087212231
0.005190799
0.023648947
0.063801795
-0.019022996
""
""
""
""
""
-0.0064457934
-0.028952086
-0.049943358
""
""
""
0.14119111
""
""
""
""
""
""
""
""
-0.015368729
-0.021665918
0.045928136
0.047887783
-0.0391693
""
0.09198153
0.018271256
-0.035355233
-0.012423472
""
""
""
-0.0059099114
""
""
-0.010898684
0.034094755
""
0.093425259
-0.0039458475
-0.016424708
-0.038170893
0.094634622
-0.027234703
-0.021846771
0.033290714
-0.037232995
""
""
""
0.01073805
-0.037604786
""
0.0071808728
0.042733539
0.0020446533
-0.068349034
0.0035952849
0.011680753
0.12603496
""
""
""
""
""
""
""
""
""
""
""
""
""
""
0.035574343
""
-0.0056665703
0.046443541
0.035571314
""
-0.057705875
""
0.031058345
-0.043595262
""
0.038730662
-0.03526175
""
-0.0020749669
""
""
""
""
""
""
-0.025020326
0.12287058
""
""
""
""
""
""
""
""
""
""
""
""
""
""
""
""
""
""
""
""
""
""
""
""
""
0.14445688
""
0.031746447
0.31460193
""
-0.23287678
""
""
""
""
""
""
""
""
""
0.050659381
""
""
""
""
""
""
""
""
""
""
""
""
""
""
""
""
""
""
""
""
""
""
""
""
""
""
""
""
""
""
""
""
""
""
""
""
""
""
""
""
""
""
""
""
""
""
""
""
""
""
""
""
""
""
""
-0.0025384319
0.096039727
0.011252842
0.10911032
0.035580851
0.082488157
-0.00073002581
0.02365171
-0.025917292
0.029552592
0.022350315
-0.05676385
-0.0081221508
-0.055110838
0.057534587
0.051766168
0.04584017
""
0.083358668
0.025293211
-0.020309916
-0.059089407
0.021987606
0.015401372
0.048443425
0.0046836515
0.064677648
0.011036899
0.03141018
0.024064654
-0.00021591163
0.0035536066
""
""
-0.076235294
0.010319406
0.036310781
-0.058690127
0.0053591859
""
-0.052790757
-0.012389926
""
-0.0040132394
0.023612067
""
-0.034691516
0.061657805
0.036437165
-0.006962223
0.049911022
-0.002090604
-0.069500692
""
-0.070274986
0.47388744
""
0.038287293
-0.053379178
""
""
""
""
""
""
""
-0.093910202
-0.031707361
""
0.010497323
-0.037214473
-0.038380999
0.036662094
0.03208771
0.062517472
-0.035992537
-0.014134938
-0.052016675
-0.062174257
""
0.085605316
0.031429384
-0.0076722573
-0.021133618
0.0031014052
0.0026522367
-0.06494806
0.080601946
-0.00020958758
-0.0099043967
0.029936889
-0.0235136
-0.029446462
0.095430054
0.051682163
-0.029324641
0.010820362
-0.073946729
0.016526915
0.0036641094
""
-0.022014922
0.0049485238
0.0010655944
0.0030946841
0.0068398681
-0.046510827
0.029648095
-0.0038780372
-0.0091280872
0.025770575
""
0.011161554
0.024300914
""
0.038211789
0.0049710283
0.0049871136
0.0045525967
-0.010894209
""
0.012295084
0.01681816
0.049038585
-0.01069802
0.013878524
0.0044717006
0.027095435
-0.029028956
0.045716934
0.046845697
-0.017587639
0.0562994
0.0047003245
-0.00050431461
0.020545062
0.016889324
0.022416223
0.023971662
0.0602975
0.014270926
0.053060014
""
-0.0019200979
-0.12811434
0.039612807
""
""
-0.022653926
0.13420576
""
""
0.030311789
-0.029538181
0.0065213651
-0.002715559
0.022072775
0.07201644
0.11910622
0.11520071
-0.045651074
0.0060211229
0.09461613
""
0.032187968
""
""
""
""
""
""
""
""
""
""
""
""
""
""
""
""
""
""
""
""
""
""
""
""
""
""
""
0.14844818
-0.057949934
0.013162798
0.006091462
-0.0048696124
0.28039163
0.092472449
0.022672761
-0.0063011395
-0.04195416
0.20823677
0.11448859
""
""
-0.0077917571
""
""
""
0.035676342
0.0065241796
0.12169607
""
-0.0471984
0.062728994
""
-0.005331106
0.10078293
0.18412282
""
-0.040480252
0.014471892
0.023316259
""
""
""
""
""
""
""
""
""
""
""
""
-0.032490551
""
-0.034876894
""
0.073789686
""
""
""
""
""
""
""
""
""
""
""
""
-0.082718924
""
""
""
""
""
""
""
""
-0.056456767
0.018166704
0.031371307
-0.015817627
""
""
""
-0.0076144459
0.00025562945
-0.0640328
-0.090666138
-0.059104126
-0.030294884
-0.005055218
-0.028326025
""
0.10894403
""
""
""
""
""
""
0.066921689
""
0.023866486
""
0.05059683
""
""
""
""
""
""
""
""
-0.012460242
""
-0.023037223
-0.012547278
""
0.024634231
""
-0.071927495
""
0.044129875
-0.082603894
-0.025749914
0.082853734
""
""
""
""
""
""
""
""
0.008901827
""
0.06443613
""
-0.028349929
""
0.018195175
-0.018969189
""
-0.051281773
0.089017645
0.064457618
-0.037033703
""
-0.016066169
-0.10132377
0.017357918
0.025353724
-0.032891035
-0.037283447
0.0031941296
0.11066547
-0.0094918422
0.018817089
0.0044692177
0.00015648014
0.036608484
-0.0054246555
0.022795286
0.024320792
-0.0053435084
0.0067591681
0.031486448
-0.0039780089
""
""
-0.017500348
0.014971977
0.32637984
0.0075789583
0.036047015
0.046622187
-0.083868936
0.06977322
-0.027569791
0.0091899382
0.032168388
""
""
""
""
-0.031334329
""
""
""
""
""
""
""
""
""
""
0.15133168
-0.010738496
0.43999928
0.0068881488
""
""
-0.034043081
0.041419439
0.039786261
""
""
0.033562638
-0.026928963
-0.046456233
0.057357579
""
""
0.094843939
""
0.037323102
0.012785368
-0.01247376
-0.021835689
""
""
-0.065545194
""
""
""
0.010574925
-0.0060748975
-0.0050075906
""
""
""
""
""
""
""
""
""
0.021555813
-0.0019732995
""
""
""
0.16052523
""
0.022582648
""
""
""
""
""
""
""
""
-0.025505438
""
-0.018180629
0.034067452
-0.077000789
0.054292779
-0.029393336
""
""
""
""
""
0.023182426
""
""
""
""
""
""
""
""
""
-0.038015667
-0.053787608
0.022829408
0.038131598
""
-0.050472599
""
""
-0.035413843
-0.06695006
-0.082334563
""
""
""
""
""
""
""
""
-0.070212297
""
""
""
""
""
""
""
-0.0091768978
""
0.023978677
""
-0.049414475
""
""
0.31553662
0.029257324
-0.086931139
0.0060344185
0.44303575
-0.0063493485
0.23354276
""
""
""
""
""
0.10654067
""
""
""
""
0.04007335
""
0.074716114
""
""
""
-0.010989036
""
""
0.0040760729
""
""
""
""
-0.037145238
""
""
""
""
""
""
""
""
""
""
""
""
""
""
""
""
""
""
""
""
""
""
""
""
""
""
""
""
""
""
0.025122836
""
""
""
""
""
""
""
""
-0.0681559
-0.094452322
-0.053400494
""
""
""
-0.069922194
0.0052990625
""
0.066450104
0.0030991759
-0.057311106
""
""
""
""
""
""
""
""
""
""
""
0.2091127
-0.0035526496
""
""
""
""
""
""
""
""
""
""
""
""
""
""
""
""
""
""
""
""
0.06265343
-0.010142617
""
""
""
""
0.014115078
""
""
""
""
""
""
""
""
""
""
0.042631317
""
""
""
""
""
""
""
""
""
""
""
-0.0010109666
-0.050819419
""
-0.016066384
""
""
""
""
""
-0.014202812
""
""
""
-0.069492325
0.029585099
""
""
""
""
0.0088159097
0.017010851
0.0032599086
-0.020483034
""
0.039979685
""
0.097166561
""
""
0.042387154
-0.00047266437
""
""
""
""
""
""
""
""
""
0.046074558
""
""
""
""
""
0.0056691677
""
""
""
""
""
""
""
""
""
-0.040637571
""
""
0.071251824
""
-0.041525789
""
""
""
""
""
-0.0037442765
-0.10691727
""
""
""
""
0.06122471
0.002569611
0.037686419
-0.090991758
""
""
0.021853337
0.012463918
0.046639759
-0.082139418
""
-0.022142038
""
""
""
-0.05111561
""
""
""
""
0.021255691
""
""
""
""
""
""
""
""
0.039554633
""
""
""
""
0.083156027
""
""
""
""
""
""
""
""
""
-0.14391714
0.10617552
0.10668918
""
-0.034505013
0.091484696
""
""
""
0.060212616
""
""
""
""
""
""
""
""
""
""
""
""
""
""
""
""
""
""
""
""
""
""
""
""
""
""
""
""
0.099347718
""
""
""
""
""
""
""
""
""
""
""
""
""
""
""
""
0.075974785
-0.026341349
0.029573614
""
0.011648435
""
-0.020919744
-0.025481537
-0.042999405
0.020192908
-0.01369405
-0.023014503
-0.016906109
-0.0011110139
0.0079442356
0.028101483
-0.054785457
-0.037485164
0.084060937
0.0028651117
0.020039078
-0.013066459
""
0.030028423
0.052625321
0.14369878
0.038419563
0.041342597
0.011438569
0.02942034
0.073628291
""
0.037760068
0.070625648
0.02904523
0.10977092
-0.030004663
0.034695078
0.00017386362
0.002112133
0.0029061951
0.065626971
-0.0013771419
0.046923712
-0.015079214
-0.098630279
-0.050585221
-0.016111262
0.048109867
-0.0028575659
-0.00011475915
0.060746644
0.030244077
0.025161337
0.078517742
0.012573282
0.026121555
0.0077213249
-0.066912748
0.0027391838
-0.020867469
-0.006582805
-0.018500641
0.0058464161
-0.0049590543
-0.028736496
-0.013495495
0.015443973
0.017958194
0.0046176799
0.091237664
""
""
0.16710138
""
""
""
0.21469741
0.082163244
-0.094439872
""
""
-0.01758655
""
""
-0.082795076
""
""
""
""
0.11988386
""
""
""
""
""
0.044510715
0.054452296
-0.0020685582
""
""
""
""
""
""
""
""
""
""
""
""
""
""
""
""
""
""
""
""
""
""
""
""
""
0.012889046
0.0091580302
""
-0.009498735
""
""
""
""
""
""
""
""
""
""
-0.056203652
-0.080380633
-0.044623844
""
""
""
""
0.15532641
-0.0092811566
""
0.00062733452
0.035227608
""
""
""
""
""
""
""
""
""
""
""
""
""
0.074241184
""
""
0.0070658135
0.02366166
0.028337564
""
""
""
""
""
""
""
""
""
""
""
""
""
""
""
""
""
""
""
""
""
""
-0.013576805
""
""
""
""
""
""
""
""
""
""
""
""
""
""
""
""
""
""
""
""
""
""
""
""
""
""
""
""
""
""
""
""
""
""
""
""
""
""
""
0.16870034
-0.037033863
-0.015732713
-0.010293799
-0.0057384213
0.051499311
-0.032324098
0.0281142
0.022285046
0.0361109
0.014844551
0.012909826
-0.018237209
0.10433453
0.044694196
0.0051236539
0.024142759
0.014045598
0.012757859
0.011685566
0.047033325
0.022304501
0.09881787
-0.022281462
-0.029090056
-0.027306341
0.094263628
""
-0.022695115
0.019604336
-0.040172074
0.02562198
""
""
-0.050182492
""
0.044066429
-0.017277353
""
""
-0.00070192135
0.011018256
0.076191023
-0.010491324
0.062917344
0.045205388
0.095805414
0.019301616
-0.016674006
0.0070915907
-0.0019597206
""
-0.11997403
""
0.0048772516
""
0.027273115
0.079602197
0.063870855
0.066266701
0.11837737
""
0.055174612
0.076009057
-0.0020163555
0.037035979
""
""
""
""
""
""
""
""
""
""
""
""
""
""
""
""
""
""
""
""
""
-0.070592605
""
""
""
""
""
0.013799448
""
""
""
0.13495073
-0.036567636
0.036806889
0.01188775
""
0.034557462
0.061360255
-0.00051149726
0.040729288
0.1151005
0.17667088
-0.0089378916
0.038593564
""
-0.045861363
""
0.0093364706
""
""
""
""
""
""
0.099958055
0.081505522
""
""
""
""
""
""
""
""
""
""
""
-0.0033020424
-0.018365668
-0.00067159854
0.0066598258
-0.015230633
0.1101163
0.010660383
0.070751801
-0.021616502
0.00038502173
0.0090102786
0.17893356
0.054428324
-0.013436602
-0.025397178
0.0096108504
0.029634202
0.061608184
0.015718058
0.011638683
0.010599894
0.0096971411
-0.0025009378
-0.059967913
0.064884804
0.099019833
-0.045435898
-0.025685864
0.048693594
-0.028918985
0.01272154
-0.016457424
-0.041628573
0.10989944
0.01642856
-0.046887774
-0.028560609
0.014649877
0.033417735
-0.0032080612
0.034275535
0.021651868
0.011538697
0.011633116
-0.016995879
-0.039058845
-0.0043954472
0.035670262
0.01089984
-0.009367221
-0.011649064
-0.02124463
-0.039189525
0.053597916
0.036671575
-0.011553741
0.051981822
""
""
-0.01493461
""
-0.0067936326
0.043202288
-0.010666564
0.021775629
0.016481169
-0.00020801269
-0.0048116976
-0.0074462686
0.030546542
-0.01379088
0.015533575
0.0039138384
0.0050185416
-0.00016062535
0.0045502004
0.050028063
0.025418246
-0.012273969
-0.0039800587
0.015216684
0.023611108
0.0081946626
0.055266257
-0.020828869
-0.0047444152
0.014946995
-0.018539116
0.084100895
0.010211272
""
0.031892058
""
0.049416054
0.075656839
0.023493083
0.0070343749
-0.027289476
0.016230639
0.0094053932
0.0026839685
0.076922916
0.034374081
0.0075135692
0.23122197
-0.054842487
0.030983124
0.022193316
0.059457198
-0.0075115315
0.028308611
0.01953925
0.0076666041
0.044247657
0.05280932
0.071723104
0.075434364
0.050690178
-0.009972929
-0.0048666513
-0.021814629
-0.016224848
0.011779036
0.0003887988
0.0056762253
0.048625689
-0.0051160236
-0.00020605685
-0.01110079
0.015603695
0.052120902
-0.020184461
0.053421777
""
0.030548697
-0.02751198
0.084600694
0.0015250428
0.018868323
0.054043196
0.021165784
0.045919195
-0.064464726
0.0093827108
-0.021658145
-0.047861025
0.0039280402
0.042775203
0.013307366
-0.0025063506
-0.0056869276
""
""
""
0.0013685577
0.037487898
-0.030699885
0.034759697
-0.025749926
-0.01733209
0.0035684751
0.078925781
0.03644881
-0.041607607
-0.00079116231
0.012766693
0.046354502
0.041554801
0.020391976
-0.038415756
""
""
""
0.0072746556
0.0015105469
-0.028787611
0.032415241
-0.0087509397
-0.011016264
-0.043976717
0.027494552
0.0063599683
0.044582888
-0.049015749
0.019211624
0.0083292266
-0.092043221
0.057003088
""
0.02581439
-0.038208336
0.0059885373
""
0.027708778
-0.014942096
-0.015643926
0.017846651
0.045000628
0.011278956
0.05447926
0.0034178062
0.024851775
0.082957104
-0.020654144
0.052104056
-0.017602621
0.057014186
-0.0044261711
-0.016821086
0.010128727
0.02430176
-0.012663041
-0.019260067
-0.01789229
-0.0035368281
-0.032407351
0.07611578
0.004594659
0.097384036
0.034193613
-0.050088052
0.071652211
-0.031410597
""
-0.0032301086
-0.022039484
-0.027363455
0.056817651
0.031210981
-0.032001849
-0.030431939
-0.063065134
0.06188941
-0.010700753
-0.030300017
0.034027394
0.0060147876
0.004454595
0.010467471
0.0047253123
-0.019381143
0.037661672
0.019008091
0.033924367
-0.0033026915
0.017253246
""
""
0.0080824234
-0.029383019
0.001881497
0.055207137
0.0075760502
-0.059394561
-0.0083359117
""
0.066250846
-0.032250032
0.069812082
-0.059828315
-0.027558841
0.16077164
0.0084429346
-0.0065887566
-0.017764751
0.0090887286
""
0.066273078
0.057474449
-0.049730591
-0.028079169
""
-0.0077012889
-0.0099306386
-0.0003430098
0.024403876
""
""
0.0090485904
0.04019792
""
-0.010578915
0.025144674
0.035055358
-0.033312991
0.010764315
-0.028659832
0.080010541
-0.014663705
-0.0042216494
-0.026304694
""
""
""
""
""
""
""
""
""
-0.015765836
0.051091641
0.021556035
0.0097079789
0.022036582
""
""
""
-0.037716739
0.035121541
0.038154509
-0.044796135
-0.040065266
-0.0047937301
0.010551178
0.017702531
0.011139322
-0.00033381605
0.031459901
""
-0.010359555
-0.0094529176
""
0.019823641
""
-0.0094033983
-0.052099243
""
0.040864475
-0.021807842
-0.016668882
0.022543089
-0.0075618075
0.01336917
0.010897435
""
0.021864858
-0.054537293
-0.12253341
-0.10022637
-0.066707678
0.025191374
0.033374052
-0.024995347
-0.011671935
0.031007515
0.012222288
0.033095617
0.05194433
-0.0032207612
0.022755759
0.042255025
-0.020704858
0.050826248
-0.025885709
-0.0044769137
-0.019791877
-0.089811146
-0.025494374
0.057380978
""
0.04916558
0.12624533
0.10038815
""
0.069180124
""
""
""
0.10278093
-0.025176724
-0.0028478373
-0.02000683
0.0097086504
-0.018028019
0.056527603
0.029905289
0.058238503
-0.14814483
""
-0.045794047
0.089232534
0.091764979
0.01017387
-0.012088832
""
-0.0381945
0.017998772
""
0.079022981
-0.14816041
0.011464422
-0.00021830236
0.01636445
""
""
""
""
-0.088226676
""
""
""
-0.018165471
0.033936836
-0.014430122
0.018706473
0.00037763154
0.030149275
0.027970582
-0.014682609
0.00045664841
-0.017702466
""
-0.0052085384
0.013139725
0.059423998
0.065565363
-0.052764386
-0.066134721
-0.012952983
0.0068167984
-0.011132018
0.055676583
-0.019725524
0.020408634
-0.0023205501
-0.028390091
0.0047626952
0.071105972
0.016801652
0.074872293
-0.010389715
-0.0064643365
-0.010450118
""
""
-0.0076122247
-0.025153968
""
""
0.037919134
-0.00069679128
""
-0.00077773666
0.0052955877
-0.015035297
-0.026994826
0.0477181
0.038121667
0.0052673356
0.029015504
0.014179159
0.012341916
""
""
0.044489656
8.3731516e-05
0.011909044
""
0.026336547
0.025746087
""
""
""
0.01999536
""
0.022426683
-0.067649364
0.16530514
0.042180233
0.037922189
0.016110279
""
0.064626984
-0.0094024381
-0.25253475
""
0.033095732
""
0.011779485
""
0.11881375
0.034991357
0.015564518
0.018514747
0.10331232
0.0099154823
0.0026961167
0.041006628
""
-0.019006988
0.028469633
-0.0090013072
-0.053055044
-0.0072456365
0.0090091284
-0.070430756
0.0098740784
""
""
0.23381133
""
""
""
""
""
""
""
""
""
""
""
""
""
""
""
""
""
0.011196141
""
""
""
""
""
""
""
""
""
""
""
""
""
""
""
""
""
""
""
""
""
""
""
""
""
""
""
""
""
""
""
""
""
""
""
""
""
""
""
""
""
""
""
""
""
""
""
""
""
""
""
""
""
""
""
""
""
""
""
""
""
""
""
""
""
""
-0.0022883532
-0.0043426976
-0.005951751
0.0032307971
0.035034258
0.2124902
""
-0.033814169
0.020122901
0.085560873
-0.011084116
0.0010910743
0.033376705
0.036062174
""
-0.020484313
-0.023842597
-0.0072905249
0.084905274
0.0082761105
0.0028873598
0.0070780246
0.079255193
0.0040845191
-0.019023888
-0.00029483772
-0.0001678413
0.075551361
0.076449186
-0.020368293
-0.023393771
-0.0035449981
0.0067469822
0.060935456
-0.027368445
2.9359973e-05
0.026339475
0.097555503
0.034864981
0.0060105752
0.022942681
0.00012082444
-0.0047514965
0.016549731
0.025752846
-0.0035041634
0.019095076
-0.0053883679
0.0067928778
-0.0043418086
0.01261395
-0.015990319
0.025577977
0.024695776
-0.025478376
0.030541154
0.01111511
-0.028908079
0.027279882
-0.015418217
-0.024524435
-0.00038109857
""
-0.01200211
0.033726189
0.03835367
0.035623938
-0.011046939
0.015889607
0.037272274
-0.041523848
0.021653045
0.0070305504
""
-0.026570002
0.0041212761
-0.0011402172
-0.010082539
-0.003148647
-0.19663164
""
0.00015671142
0.094310693
-0.0056498693
-0.026787238
0.012652577
0.070057623
-0.01778084
-0.0042344346
0.074335977
-0.01757391
""
0.052034646
-0.010803638
-0.021148721
""
""
-0.038740356
0.018026106
0.33140287
0.10209831
-0.013332224
-0.014787362
0.011540648
0.018437009
0.0092422254
0.0705797
-0.058374703
0.024494082
0.058444325
0.0072306832
""
-0.011338251
0.027146529
-0.0016718395
-0.0063932808
0.057977978
0.023969453
0.022769414
0.059342008
0.12789091
-0.010713453
0.020732718
0.020740088
-0.010374106
-0.010509002
-0.016955173
0.007902748
0.0099123046
0.022199001
0.038846735
0.0095806438
0.029614441
0.019140312
0.026430899
0.032065712
0.0022156574
-0.017149774
0.0063406485
-0.0080727302
0.017938409
0.048985586
0.011947449
0.084971189
-0.0074673574
0.033889327
0.052603908
0.010407063
0.030822188
0.073366195
-0.0097209057
0.0040471237
0.0047269654
0.0239168
0.015009626
-0.010642169
0.016270548
0.0051051546
-0.06962841
0.0018088643
0.0376679
0.029730251
0.0025630281
-0.0012861873
0.049442954
0.023464151
0.042172782
0.0066022966
-0.021478808
-0.0043493444
-0.029551463
""
-0.0094452184
0.0096004009
-0.11254352
0.014278302
""
""
-0.028477497
""
-0.0041057002
""
0.013991023
-0.10190196
-0.035491813
-0.0023503162
0.069860227
0.018007565
0.0057734954
-0.03687343
0.012817618
0.0078025614
-0.0088832332
-0.017646743
-0.0095229466
""
""
-0.0094398828
0.019157823
0.033626419
-0.00020087101
""
0.029062591
""
0.0053294138
""
-0.0075100628
""
""
0.0042169783
""
""
0.030000465
""
-0.0086948751
0.023820302
""
0.024268098
""
""
""
""
""
-0.022984363
0.051282104
-0.02756501
-0.059725847
-0.0047888472
-0.0076103532
-0.0070452197
""
""
0.035824846
""
0.0095619261
-0.0053732083
""
""
""
0.0017581342
-0.010288182
-0.03122855
-0.021908665
""
-0.0024448275
0.097576886
0.021770582
0.016129822
0.047500681
""
0.0011387063
-0.16624959
0.025398105
""
-0.022309959
0.0034242871
""
0.013373906
-0.042347733
0.030018045
0.053191081
0.014208244
-0.035499137
0.017357718
-0.0018057224
0.012447352
0.010622567
""
0.035297934
0.045186818
0.025949331
-9.6926065e-05
0.016280686
""
0.011186535
0.027499
0.000642072
-0.032061167
-0.011954056
0.11241852
-0.027386818
-0.0045204833
0.035814729
""
0.022763385
-0.0032320062
0.0050957999
0.0084296297
0.077261493
0.05820189
""
0.0019964203
0.077596433
-0.081364632
0.050056379
0.027930107
0.056458179
0.1484873
0.010286592
0.010362179
0.0081999637
-0.0039823838
-0.017175486
0.039951444
0.019660339
0.031742521
-0.0094927438
-0.030860325
""
-0.014191065
-0.042221949
""
0.010743357
0.0046256571
0.012425488
-0.009287647
-0.013305898
""
0.058620833
0.083721749
0.02749384
""
""
""
""
""
""
0.0077133183
0.022432432
0.0075576566
0.017983332
0.071566507
""
""
""
""
""
""
""
""
""
""
""
""
""
""
""
""
""
""
""
""
""
""
""
""
""
""
""
""
""
""
""
""
""
""
""
""
""
""
""
""
""
""
""
""
""
""
""
""
""
""
""
""
""
""
""
""
""
""
""
""
""
""
""
""
""
""
""
""
""
""
""
""
""
""
""
""
""
""
""
""
""
""
""
""
""
""
""
""
""
""
""
""
""
""
""
""
""
0.084978685
""
""
-0.012869112
""
""
""
""
""
-0.00028792868
0.017092289
""
""
""
""
""
""
""
""
""
""
""
""
""
""
""
""
""
""
""
""
""
""
""
""
""
""
""
""
""
""
""
""
""
""
""
""
""
""
""
""
""
""
""
""
""
""
""
""
""
""
""
""
""
""
""
""
""
""
""
""
""
""
""
""
""
""
""
""
""
""
""
""
""
""
""
""
""
""
""
""
""
""
""
""
""
""
""
""
""
""
""
""
""
""
""
""
""
""
""
""
""
""
""
""
""
""
""
""
""
""
""
""
""
""
""
""
""
""
""
""
""
""
""
""
0.029851379
""
""
""
""
""
""
""
""
""
""
""
""
""
""
""
""
""
""
""
""
""
""
""
""
""
""
""
""
""
""
""
""
""
""
""
""
""
""
""
""
""
-0.0023064727
""
""
""
""
""
""
""
""
""
""
-0.028417017
""
""
-0.016116014
-0.079004079
""
0.030589657
""
""
0.041661162
-0.034755021
-0.055128731
""
""
-0.016839415
""
""
""
""
""
-0.032755047
""
""
""
""
""
""
""
""
""
""
""
""
""
""
""
""
""
""
""
""
""
""
""
""
""
""
""
""
""
""
""
""
""
""
""
""
""
""
""
""
""
""
""
""
""
""
""
""
""
""
""
0.0038236943
""
""
""
""
-0.045517024
""
""
""
""
-0.022573277
""
""
""
0.034329653
-0.00057724892
-0.030501101
-0.0077380645
0.033861209
-0.07271412
""
""
""
""
""
""
""
""
""
""
""
""
""
""
""
""
""
""
""
""
""
""
""
""
""
""
""
""
""
""
""
""
""
""
""
""
""
""
""
""
""
""
""
""
""
""
""
""
""
""
""
""
""
""
""
""
""
""
""
""
""
""
""
""
""
""
""
""
""
""
""
""
""
""
""
""
""
""
""
""
""
""
""
""
""
""
""
""
""
""
""
""
""
""
""
""
""
""
""
""
""
""
""
""
""
""
""
""
""
""
""
""
""
""
""
""
""
""
""
""
""
""
""
""
""
""
""
""
""
""
""
""
""
""
""
""
""
""
""
""
""
""
""
""
""
""
""
""
""
""
""
-0.047517415
""
""
""
""
""
""
-0.055209812
""
""
0.0048038149
""
""
""
""
""
""
""
""
""
""
""
""
""
""
""
""
""
""
""
""
""
""
""
""
""
""
""
""
""
""
""
""
""
""
""
""
""
""
""
""
""
""
""
""
""
""
""
""
""
""
""
""
""
""
""
""
""
""
""
""
""
""
""
""
""
""
""
""
""
""
""
""
""
""
""
""
""
""
""
""
""
""
""
""
""
""
""
""
""
""
""
""
""
""
""
""
""
""
""
""
""
""
""
0.072892755
""
0.018211089
-0.031704355
""
""
""
""
""
""
""
""
""
""
""
""
""
""
""
""
""
0.068192542
""
""
""
""
""
""
""
0.0048864312
""
-0.02827278
""
0.00034431074
-0.039773863
-0.084267348
""
""
""
""
""
0.03622485
""
""
0.044892918
""
0.017927838
""
""
""
""
""
""
""
""
""
0.045958612
""
""
""
0.088122673
0.078336976
""
0.076534592
""
""
0.011796902
0.025843989
""
-0.0092296153
0.021214467
""
0.13768925
-0.036106974
0.023297369
0.11815948
-0.0037284067
0.010660478
0.028274858
0.0027694423
0.028764203
0.045731973
0.030422527
-0.019145662
0.00748308
-0.0041068196
-0.019794105
0.035714813
0.0058602365
0.019340165
-0.019334529
-0.0069103115
0.00067424693
-0.0062136487
0.03356804
-0.0046828832
0.075976782
0.024023008
""
-0.023316517
""
-0.00066934939
""
0.025970677
0.0095287617
-0.091274522
0.021101275
""
-0.0061056996
0.060341083
""
0.0067528435
""
0.046916299
""
-0.013489492
0.15127349
0.046584506
-0.04919732
0.010351428
""
0.0064991862
""
0.0038082774
0.012752105
-0.021223767
""
-0.0028431797
""
-0.011970595
""
""
0.054783694
""
0.10276137
-0.00079621904
0.0070443987
""
""
""
""
""
""
""
0.069881082
""
""
""
""
""
""
-0.040717028
""
""
""
""
""
""
0.11849537
""
0.11639895
""
0.055709843
0.11829295
""
0.061781716
""
-0.015757373
0.084808782
""
""
""
""
""
""
""
""
""
""
-0.028654581
""
""
0.088825405
""
0.13673934
""
-0.035456929
""
-0.011095465
""
""
""
""
-0.045884747
0.0034580999
0.011652777
""
0.009979818
""
-0.029610271
""
""
0.046233065
""
-0.017666394
""
""
""
""
""
0.013818449
""
""
""
""
""
""
""
""
0.040682312
""
""
0.094377957
""
0.024647819
-0.043665614
-0.073631525
0.015901081
""
0.01650166
""
""
0.0033364226
""
""
""
""
""
""
""
""
""
""
""
""
""
-0.040930972
""
""
-0.00019900296
""
0.0033358836
0.27102745
""
-0.0092240246
-0.021430518
-0.00014178189
""
-0.0024733425
0.1426124
""
""
0.032019909
""
""
""
""
""
""
""
""
""
""
""
-0.0025343159
""
""
""
""
""
""
""
""
""
-0.014240775
""
0.069116376
0.31890866
0.11333416
-0.0034299891
""
-0.022310918
-0.014451967
0.038818642
""
""
""
0.049653731
0.011960601
""
-0.031897865
""
0.043714639
0.13872617
""
""
0.05581576
0.025306065
""
-0.018605163
""
0.1705429
""
0.019864228
""
""
""
0.012924851
""
""
""
-0.017969739
-0.022554785
""
""
0.024463682
0.0079650031
-0.046468616
0.045913693
""
""
""
""
""
0.033482827
""
""
0.28712067
-0.0003783014
""
""
""
-0.020943472
""
0.0083101904
""
-0.0041587604
""
0.11086883
""
0.0024514676
""
-0.0078545222
""
-0.029271035
""
0.022950092
""
-0.00096855185
""
0.37154365
""
""
""
0.095116876
""
0.14268129
""
0.069251671
""
""
-0.014671163
""
-0.005348159
""
-0.00067347783
""
0.0099829789
""
0.092281051
""
-0.014465101
0.025604842
-0.035882529
""
0.022258529
""
-0.01041982
-0.05557562
0.07858935
""
0.060740098
-0.020554651
0.030321904
""
0.0033782006
""
0.013922874
""
0.0029097837
""
-0.060737431
""
0.015558781
""
-0.083439112
""
""
0.0032016966
""
""
""
0.037931509
""
""
""
""
""
""
""
""
-0.036495559
-0.0008892396
0.027786911
0.033444945
0.051086552
0.0086755753
0.090296067
-0.01267061
-0.0094944993
-0.0087239211
-0.040708497
0.034278899
""
-0.00079201488
-0.012294365
-0.013145142
0.020805985
""
-0.0062606321
-0.14899416
-0.075479433
""
""
0.00043066987
0.010285709
0.030630499
-3.7537109e-05
0.053911
0.035799824
""
-0.028932558
0.12173164
-0.023381038
0.046098396
-0.020212553
0.056588598
-0.0094907638
0.026723754
""
0.083503515
-0.0034673451
""
-0.0033123051
-0.0012580032
0.02497833
0.0079203211
0.062030751
-0.0050181402
0.017212261
""
-0.089248829
""
0.0081589147
""
""
""
-0.028411373
""
""
""
-0.0036342673
""
""
-0.022147244
""
-0.0043924437
""
0.052063968
""
-0.0088220909
""
0.011488429
""
""
""
""
""
""
-0.011528004
""
0.020941135
""
-0.029744662
""
""
""
""
""
-0.019434031
""
""
0.024285998
""
""
-0.026019141
""
""
""
""
""
""
""
-0.11225101
""
-0.046335321
""
""
""
""
""
""
""
""
""
""
""
""
""
""
""
0.01302518
""
""
""
""
""
""
""
""
""
""
""
""
""
""
""
""
""
""
""
""
""
""
""
""
""
""
""
""
""
""
""
""
""
""
""
""
""
""
""
""
""
-0.0036624277
""
0.075040482
""
""
""
""
""
""
""
""
""
""
-0.081604995
-0.021673162
-0.014132302
""
-0.016984498
0.022843111
-0.041035783
""
""
-0.01821509
""
0.03216058
""
""
""
""
0.1747262
0.01219934
0.094631955
-0.097938947
""
""
""
""
""
""
""
""
""
0.26250055
-0.011903598
""
0.16649504
""
0.026346587
""
""
""
""
""
""
""
""
""
""
""
""
""
""
""
""
""
""
""
""
""
""
""
0.020867757
""
""
""
-0.01754898
""
""
""
""
0.0012432012
0.25838181
0.0071005705
0.021692369
0.10357564
0.042061873
0.026483759
0.01248422
0.039239161
""
0.21704997
""
""
""
""
""
""
""
0.020926315
""
""
""
""
-0.003578413
""
""
""
""
""
""
""
0.047084134
""
""
""
""
""
""
""
""
""
""
""
""
""
""
""
""
""
""
""
""
""
0.092562243
-0.0026641814
-0.024875045
""
""
0.16275254
0.010237787
0.014388147
0.0067849639
-0.0092979111
0.023823885
0.0042315745
0.073456489
-0.071313784
-0.10844617
0.019179162
""
-0.044142384
0.0030448593
-0.0019740078
-0.018810425
0.007076466
-0.021553423
0.042830862
-0.002735209
0.057259705
0.023756545
-0.029739197
0.032305207
-0.0064672334
-0.032391969
-0.0058992892
0.0016747108
-0.016456768
-0.0046285973
-0.019737167
0.047370717
0.014656674
-0.01535107
0.035629649
-0.0066169039
0.01882764
0.044965483
-0.04484513
0.022919321
0.14444464
0.064047046
0.035687231
-0.027149357
-0.030692544
-0.00080810051
0.043568082
0.08538013
""
-0.019309657
""
-0.013751341
""
""
""
""
""
""
""
""
""
""
""
""
""
""
""
""
""
""
""
""
""
""
""
""
""
""
""
""
""
""
""
""
""
""
""
""
""
""
-0.058266819
0.023223134
""
-0.13437665
""
0.054706026
-0.25970203
-0.039133936
0.0085076233
0.14813927
-0.018432133
0.019259641
""
""
""
""
""
""
""
""
""
""
""
0.063445121
""
0.24294549
0.05651895
0.040248893
-0.012303144
-0.032473229
0.075473852
0.035026979
0.0052838954
-0.014719595
-0.056324471
-0.0064391554
0.044433344
-0.0024545493
""
-0.032210819
-0.015675601
""
""
""
""
""
""
""
""
""
""
""
""
""
""
""
""
""
0.00168591
0.048502009
0.038253397
0.038358741
0.1450043
0.01902841
""
""
0.03149803
""
-0.041768134
0.028505284
-0.016334539
""
""
""
""
0.0055334424
0.01351223
""
""
""
""
-0.073689356
""
""
""
""
""
-0.010526097
""
""
""
""
""
""
""
""
""
""
""
""
""
""
""
""
""
""
""
""
""
""
""
""
""
""
""
""
""
""
""
""
""
""
""
""
""
""
""
""
""
""
""
""
""
""
""
""
""
""
""
""
""
""
""
""
-0.028669195
""
""
""
""
""
""
""
0.016443318
""
-0.036562003
""
""
""
""
""
""
""
0.064063489
""
""
0.033954307
""
""
""
""
""
""
""
""
""
""
""
""
""
""
""
""
""
""
""
""
""
""
""
""
""
0.013920575
-0.086789541
0.03886858
""
0.010976111
""
0.016585751
-0.004405919
""
""
""
""
""
""
""
""
""
""
0.00012441822
0.070950761
0.023790585
""
-0.045987554
""
""
""
-0.00091662887
""
0.0070888991
0.088040702
""
""
""
""
0.025650101
""
-0.04493564
""
""
0.061627466
""
""
""
""
""
""
-0.018919822
-0.00062544498
-0.1009963
""
-0.077884167
0.0037667465
""
""
""
""
0.022691756
-0.014792802
-0.0026308305
-0.0029201421
0.030866629
""
-0.030860959
0.058797147
0.019276518
-0.0066724685
-0.030745808
-0.029324077
""
""
""
""
-0.0045337677
0.029491831
-0.016631916
0.001020225
-0.0010677853
0.0024489248
""
-0.0064932774
0.0069717718
""
""
""
""
0.050899174
0.026197162
""
""
0.0039303163
-0.02725637
""
""
""
""
-0.02296409
-0.0013399404
-0.055896636
-0.030585645
0.027860012
0.016158704
-0.03418478
0.11407144
0.034900907
0.054777548
-0.039217841
""
-0.004688859
0.0088592824
-0.0052539944
0.024417257
0.036373813
-0.011033769
0.038122285
-0.01507262
""
-0.063662745
0.043081302
-0.03754586
0.010543766
0.0065380991
""
""
""
0.12358811
0.00056382391
0.031590123
0.035166577
0.054053448
-0.0018251161
-0.033648741
""
""
""
""
-0.0061068325
-0.020910457
""
0.079949111
-0.045131296
0.028745003
0.013995717
-0.015446397
-0.0085449973
0.0049056835
-0.0013079244
0.064917967
0.010442535
0.0097839059
-0.010373812
""
""
""
""
""
-0.056968931
0.037746735
0.010393886
""
0.015190385
0.083397023
-0.006014552
0.0015486821
0.029577667
-0.028042192
""
""
""
-0.070394486
-0.019105874
0.071323499
""
0.16212182
-0.0053670397
""
""
-0.0086456919
-0.026852198
0.0080632782
""
""
-0.0023421599
-0.00089612516
0.0032260818
0.032134369
-0.0044863895
-0.037159048
0.12197147
0.16273014
0.057232782
0.0051680221
-0.014921139
0.036235619
""
""
""
0.021121988
0.018844407
""
""
""
""
""
""
""
""
""
""
""
""
""
0.069155648
0.074763775
""
""
""
0.01267805
0.040293399
-0.0066343085
-0.01479099
""
""
""
0.042570967
0.010235638
""
-0.0064008017
""
0.05555062
0.024463249
""
0.034653451
""
""
""
""
""
""
0.023643246
""
""
""
""
""
""
""
""
""
""
""
-0.0098841824
-0.008827961
0.0075731254
-0.0037423761
-0.0096367262
""
""
""
""
""
""
""
""
""
""
""
""
""
""
""
-0.0028640938
0.037313715
""
""
0.013870372
""
""
""
""
""
""
""
""
""
""
""
""
""
""
""
""
0.00072919548
""
-0.0079454174
-0.0014619553
""
-0.0047263554
""
-0.011967046
""
""
0.010906933
-0.0051383311
""
0.026987648
-0.053305876
""
""
""
-0.053874135
-0.012454964
""
-0.0080065243
""
0.10908721
0.18973081
0.013037423
0.019433044
""
0.00096532295
""
-0.02387982
-0.018369641
""
0.030561544
""
-0.031878546
0.0048106667
""
""
0.2552186
""
0.02084966
""
""
0.018446939
-0.029831665
""
""
""
""
""
""
""
""
""
""
""
""
""
""
""
""
""
""
""
0.012331487
""
""
""
""
""
""
""
""
""
""
""
""
""
""
0.022670347
""
0.07074371
""
""
""
""
""
""
0.023286141
""
""
-0.066845179
0.0030061591
""
""
""
-0.0059184032
""
""
""
""
""
""
""
""
""
""
""
""
-0.00045175946
""
""
""
""
""
""
""
""
""
""
""
""
-0.00041832699
""
-0.016750017
""
""
0.0047201924
""
0.1073627
""
""
""
0.011412614
""
0.051427901
-0.011937027
0.051532656
""
0.0013146859
""
""
""
""
""
""
""
""
""
""
""
""
""
""
0.011169433
-0.0053758752
""
0.0094231181
""
0.033828843
0.0042833588
""
""
-0.084534772
-0.043773774
""
0.014852903
""
-0.012347248
""
0.014892736
-0.023361361
0.019566344
-0.013202144
0.014996118
-0.015502438
-0.012890323
-0.032520276
0.039203625
-0.02135383
0.074499533
0.014711524
0.043588758
0.015621935
-0.015888421
0.028588703
-8.9983514e-05
-0.010104376
0.039699577
-0.0043122531
0.047229245
""
0.094424993
-0.0037317278
0.024397587
-0.0057892855
""
-0.060999908
0.00085586763
0.011646981
0.023012813
0.00063207711
-0.011098397
""
""
""
0.025981376
""
""
-0.02774303
""
""
-0.017076813
""
0.69209975
-0.055060465
-0.049493138
-0.0037933725
""
0.0015681876
""
""
0.0064855292
-0.014175993
0.0084262798
0.027617872
""
""
-0.00049970776
-0.03498783
0.15215744
0.019025352
0.066332102
-0.074222915
""
-0.0016086568
0.033533037
0.11283839
0.0081925411
-0.0057087918
0.087333739
-0.017384317
""
""
-0.011664256
0.027196752
""
0.017583005
""
0.02902885
0.085240267
0.14172299
0.0061221784
0.032416213
0.015918424
0.017446743
0.046763737
0.053255372
0.0083864341
-0.024297507
""
0.051769674
-0.0085842721
0.0099385679
-0.010190467
0.0036891226
-0.0053924746
0.015451569
-0.045704812
0.021486502
0.013681422
""
0.0076107541
0.029781403
0.010858928
0.0053597647
-0.0052634864
-0.007893756
-0.0021624034
-0.0043097162
-0.021510096
-0.011790015
""
""
""
""
""
""
""
""
""
""
""
""
""
""
""
""
""
""
""
""
""
""
""
""
""
""
""
""
""
""
""
""
""
""
""
""
""
""
""
""
""
""
""
""
""
""
""
""
""
""
""
""
""
""
""
""
""
""
""
""
""
""
""
""
""
""
""
0.03150928
""
""
""
""
""
""
""
""
""
""
""
""
""
""
""
""
""
""
""
""
""
""
""
0.0032957324
""
""
""
""
""
""
""
""
""
""
""
""
""
""
""
""
""
""
""
""
""
""
""
""
""
""
""
""
""
""
""
""
""
""
""
""
0.13238484
""
""
""
""
""
""
""
""
""
""
""
""
""
""
""
""
""
""
""
""
""
""
""
""
""
""
""
""
""
""
""
0.10290138
""
""
""
""
""
""
-0.22945844
""
""
""
""
""
""
""
""
""
""
""
""
""
""
""
""
""
""
""
""
""
""
""
""
""
""
""
""
""
""
""
""
""
""
""
""
""
""
""
""
""
""
""
""
""
""
""
""
""
""
""
""
""
""
""
""
""
""
""
""
""
""
""
""
""
""
""
""
""
""
""
""
""
""
""
""
""
""
""
""
""
""
""
""
""
""
""
""
""
""
""
""
""
""
""
""
""
""
""
""
""
""
""
""
""
""
""
""
""
""
""
""
""
""
""
""
""
""
""
""
""
""
""
""
""
""
""
""
""
0.20328389
""
""
""
""
-0.019863781
-0.014810166
0.0099810036
-0.02794343
-0.0023626362
-0.07244499
0.0026029497
0.069300912
-0.0024606225
0.04071717
0.062000573
0.013049922
""
""
""
""
-0.0018697415
-0.047475558
-0.001480754
-0.045824207
-0.018379517
0.028578732
0.030953616
0.016384242
""
""
""
""
0.014521795
0.018122172
-0.050301276
0.08959844
""
""
""
""
""
""
-0.093869917
""
""
-0.039702579
""
""
0.012386529
0.039624739
0.040890854
-0.036133219
""
-0.059222754
""
0.037369642
4.2314401e-05
0.086802639
""
0.033481978
0.0065360386
""
""
""
0.087223403
-1.159128e-05
""
0.11984533
0.025573893
0.037743464
""
""
""
""
0.052663799
0.047711994
""
""
""
""
""
-0.0015184645
-0.023719272
""
""
""
""
""
""
""
""
""
""
""
""
""
""
""
""
""
""
""
""
""
""
""
""
""
""
""
""
""
""
""
""
""
""
""
""
""
""
""
""
""
""
""
""
""
""
""
""
""
""
""
""
""
""
""
""
""
""
""
""
""
""
""
""
0.013934348
""
""
-0.029791879
""
""
""
""
""
-0.013078888
""
""
0.015392704
0.089774266
-0.0060148216
-0.016345847
-0.023529183
0.038200431
-0.0030154265
-0.0017842154
-0.0023541509
0.026854245
""
-0.04714635
-0.024821004
-0.02592575
0.016477894
0.031370781
-0.055933964
-0.10075669
0.023862215
0.010427453
0.026412014
0.00083106285
0.037176371
0.063583329
-0.00632445
-0.052268691
-0.0060470775
0.0067414567
0.058839761
0.014637395
""
0.0048941043
""
0.00418024
0.053572461
-0.031770311
0.055410855
0.033544008
-0.0053033978
0.013207848
-0.0013268704
-0.043951824
0.047372721
-0.0046663168
-0.0030520873
0.032481402
0.02167931
0.0028495861
0.023683893
-0.042642634
0.0051906942
-0.049076699
-0.013799606
""
-0.012599278
0.0054740892
0.04001892
0.0025735421
0.0063861534
-0.033332225
-0.0093866363
""
-0.00050927262
""
0.01037005
-0.0030204442
""
0.00093981944
-0.012698789
0.028105697
-0.010246326
-0.0069070086
""
-0.020497952
-0.038225889
-0.015692504
-0.024154419
-0.011467612
0.025786519
""
-0.018092236
-0.011508912
0.002568587
-0.058566812
-0.038373854
""
0.0069546476
-0.013595824
-0.00012416687
""
0.013955046
-0.0048161442
0.077183641
-0.057334095
""
-0.0065569524
""
-0.0050679529
""
0.037122693
0.0034078499
0.016412385
-0.02057948
-0.030252505
0.0025004281
-0.050215669
""
""
0.012251141
-0.045657903
-0.018049393
-0.028277904
0.046370503
-0.055322804
-0.0021760487
0.079503238
1.4158273e-05
0.036216252
0.010852788
-0.0020030935
-0.029933019
-0.0266064
0.15808018
0.088977084
0.039410148
-0.01216262
0.022405911
-0.011897164
""
""
-0.023410978
""
-0.025380556
""
""
0.00085587002
0.020679245
0.052809577
-0.018536285
""
""
0.019155096
0.049329396
""
-0.00066795078
""
-0.012397411
""
""
""
""
""
0.20033588
""
""
0.013707469
0.1315562
-0.0080711106
0.0019357321
-0.01414254
-0.001444248
""
0.039261203
0.0010898332
""
""
-0.023291236
0.021180572
-0.049932849
0.038994908
0.085818417
0.010572529
-0.020891773
""
-0.0036869952
0.0063195294
0.021799318
-0.015242303
0.06671863
0.025936378
""
""
-0.018712958
""
-0.00075019459
""
0.0015506463
""
0.031628232
""
-0.039736997
0.0093393149
0.012315368
""
0.011152748
""
0.013149589
""
0.0056331791
""
0.0067182295
""
-0.0066987621
""
0.022294801
""
-0.0010221316
""
-0.01074354
0.0069592264
0.019668689
0.001188333
-0.0060709757
""
""
0.010940871
""
""
-0.00066339172
-0.017210593
-0.00031005454
-0.020670647
""
0.026051797
""
-0.0042524654
-0.004696568
""
0.07808169
-0.0027426637
-0.00061099097
-0.017217109
-0.008377295
""
-0.02837711
0.019664343
""
0.027863536
0.013745917
0.081789091
""
0.039088562
""
""
-0.027522793
0.0020481066
""
0.0062386882
-6.0887378e-05
0.034235261
""
""
""
""
""
0.0031178747
""
0.0038943533
""
0.037228294
""
0.030650947
-0.0022389642
0.013913174
-0.0039721536
0.00062736898
""
-0.0027687566
""
""
-0.0076549253
""
""
0.0047364179
0.0089417184
0.035053506
""
-0.017893422
-0.05041372
-0.002162239
0.0081944121
0.00086367788
0.055851508
""
""
-0.015043028
-0.011231627
""
-0.0038492221
-0.037627157
0.009868864
0.0069965427
0.10521904
-0.0087102121
-0.037825607
""
-0.0014846541
""
0.0029032505
-0.028430954
0.020316284
-0.0018227408
0.0078335777
0.025507091
0.02223229
0.018623466
""
0.006244787
-0.014244321
-0.013543084
-0.0034742868
""
-0.011925696
-0.0026893674
0.016293626
""
0.0029680235
0.0089036385
-0.012847197
""
0.0093568722
-0.0088439472
-0.033132028
""
""
""
""
""
""
""
""
""
""
""
""
0.050462563
""
""
""
""
""
""
""
-0.032908965
""
""
""
-0.067443557
""
""
0.028562741
""
""
-0.0029226362
0.028230783
-0.013119405
0.0087040057
-0.016872553
0.015096703
-0.030908564
-0.0019572068
0.022957331
0.024108957
-0.019161429
-0.052897181
-0.018255463
0.010436597
-0.035006307
0.017171059
-0.019335162
""
0.009380118
-0.0040329308
0.00094033248
""
0.0098833758
-0.0010135352
-0.069838002
-0.004371705
-0.17284732
0.0042352481
""
0.040195107
-0.011826589
-0.038302023
-0.0018616756
""
0.012926247
""
-0.011768238
""
0.022492029
""
""
""
""
-0.082374923
""
""
""
""
""
0.0076356353
""
""
""
""
""
""
""
-0.0024601654
""
""
0.040715471
""
5.2821097e-06
0.043087237
""
""
""
""
""
""
-0.026670512
""
""
""
""
""
""
0.070915163
0.02414922
""
""
""
0.12284488
""
""
0.016147831
""
""
""
""
""
0.020508457
0.040096886
""
0.024525458
-0.00028623422
""
-0.06606707
""
""
-0.018677216
""
""
""
""
0.011134062
""
""
""
-0.01457703
""
0.0077380268
0.025685653
""
0.014648565
""
""
""
""
""
""
0.0055256025
-0.00057326822
0.017580325
""
""
0.091935702
""
""
""
0.019151339
""
-0.026780618
-0.037307847
-0.041770104
""
-0.030813534
0.011295881
""
""
""
""
0.0077556134
-0.01205725
0.12407723
""
""
-0.031268895
-0.0023069358
0.02034208
0.040372044
-0.0017215778
-0.016418416
0.079496935
0.0012681326
""
0.054510202
-0.0038450025
0.044625778
0.0078250095
-0.011167535
""
-0.015530095
0.17722893
-0.10296095
""
-0.043259013
-0.030801635
-0.011284789
0.081348777
""
""
""
0.012502562
""
0.027761463
""
0.0041245478
""
""
""
-0.03573646
-0.034918752
0.21442887
0.069900207
""
0.049546331
0.0062818704
0.0094468547
0.050221052
0.0097632576
0.043825906
""
""
""
-0.064082488
0.13823885
""
""
""
""
0.0010735831
0.022908937
""
""
-0.028577141
0.022808418
""
""
""
0.074740276
0.056491252
""
-0.040086281
0.020555988
""
""
""
""
""
""
""
""
""
""
""
""
""
""
-0.0062986072
0.063438363
0.025717355
-0.0081834951
-0.01101796
-0.024188315
-0.023978986
0.029881392
""
-0.010952485
""
7.1827337e-05
-0.036436561
""
""
""
""
""
0.031221239
""
-0.050648216
0.052193712
-0.01272558
-0.012892183
-0.03987322
""
0.038051911
""
""
""
""
""
""
""
0.001365787
""
""
""
0.017524736
""
-0.049075287
""
""
""
""
""
-0.021032071
-0.025286678
""
""
0.033703357
""
""
""
""
""
""
0.021900939
""
""
0.047949616
""
""
""
-0.011375588
""
0.010879735
""
0.039688237
""
0.0040653185
0.016045926
-0.01162362
""
""
""
""
""
""
""
""
""
""
""
""
""
""
""
""
""
""
""
""
""
""
""
""
""
""
""
""
""
""
""
""
""
""
""
""
""
""
""
""
""
""
""
""
-0.073532283
-0.010534291
-0.023067163
0.18337597
""
""
0.013337067
""
-0.012694242
""
0.0076610087
-0.07506045
""
-0.012015167
-0.0016933484
""
0.062189877
""
0.0096615609
""
0.020732228
0.024243923
-0.0041548917
""
0.0078140013
""
""
-0.0079303039
-0.034118846
-0.047401503
-0.02105834
0.10304215
""
""
""
-0.014776698
0.051056668
""
0.014129711
""
""
""
0.10751133
-0.01156888
""
-0.0015665225
""
0.0068823965
""
-0.019484598
0.020016868
""
""
""
-0.015137975
""
""
""
""
0.020509224
0.0075289859
""
-0.010600401
-0.025219122
-0.062470555
-0.015833648
""
""
""
""
0.0038717058
""
""
""
-0.029349031
0.034726437
0.0050516408
0.021780912
""
""
0.018727744
0.0028269326
-0.056993388
""
-0.0028156091
-0.0063440446
""
""
-0.059434708
""
""
-0.022377972
""
0.0049000732
""
0.053794704
0.0043128706
""
-0.12115437
0.0053487383
0.0075118784
0.0056534065
0.028400205
0.021649282
0.089862928
""
""
-0.031818118
0.01266923
-0.020923598
0.0095803179
""
-0.013414424
0.0027408521
0.00063092186
-0.0024918087
0.0068583982
""
""
""
""
""
""
""
-0.0038028394
0.042506773
0.074167959
-0.0091749914
0.040542144
-0.03253701
""
""
0.03750404
0.031598181
-0.026586389
0.033041947
-0.0016829865
""
""
""
""
-0.0002980376
""
""
-0.027581628
0.0012344999
""
""
""
""
""
""
-0.006922069
""
""
""
-0.018849274
-0.025508298
-0.085981302
0.032085344
""
""
-0.017101718
""
""
""
""
""
""
""
""
""
""
""
""
""
""
""
""
""
""
""
""
""
""
""
""
""
""
""
""
""
""
""
""
""
""
""
""
""
""
""
""
""
""
""
""
""
""
""
""
""
""
""
""
""
""
""
""
""
""
""
""
""
""
""
""
""
""
""
""
""
""
""
""
""
""
""
""
""
""
""
""
""
""
""
""
""
""
""
""
""
""
""
-0.018311052
""
-0.038831647
""
""
""
""
""
""
""
""
""
""
""
""
""
""
""
""
""
""
""
""
""
""
""
""
""
""
""
""
""
""
""
""
""
""
""
""
""
""
""
""
""
""
""
""
""
""
""
""
""
""
""
""
""
""
""
""
""
""
""
""
""
""
""
""
""
""
""
""
""
""
""
""
""
""
""
""
""
""
""
""
""
""
""
""
""
""
""
""
""
""
""
""
""
""
""
""
""
""
""
-0.0019906757
""
0.006003439
0.00017911846
0.039183699
0.023448294
""
""
""
""
""
-0.042725842
0.031475119
""
""
""
""
""
""
""
""
""
""
""
""
""
""
""
""
""
0.0066960207
""
""
""
""
-0.022223122
""
0.02084088
0.11194329
-0.029667869
-0.010095309
-0.0015164305
0.00048715854
""
-0.065290861
""
0.15242468
""
""
0.00028028045
-0.041987062
-0.025120629
-0.017876226
0.013919084
0.026732806
-0.0079987263
-0.039154019
0.028512182
0.045499455
-0.013157269
""
0.0087679513
-0.039156392
-0.013905807
""
-0.00054930395
0.011320112
""
""
0.022352885
-0.1069183
""
0.075950198
""
""
0.0081943665
""
""
0.050063819
""
""
0.021488581
""
""
""
""
""
""
""
""
""
""
""
""
""
""
""
""
""
""
""
""
""
""
""
""
""
""
0.049980976
0.011703078
0.024942366
-0.044072863
-0.015784211
0.0019682252
0.014830184
0.062901363
""
0.070329703
0.0019567369
0.031112488
""
0.050889216
-0.014906581
-0.0017093519
0.00084311044
0.0040034465
0.037450384
0.019506499
-0.014073722
0.045310263
0.009852428
0.057333067
0.0022339448
-0.022052631
0.008258922
""
-0.010056172
""
0.045598362
0.037516646
-0.015659204
-0.0088423975
-0.055550922
""
""
""
""
""
0.020368926
0.0089983931
0.0050309966
-0.005939764
0.055009235
""
""
""
""
""
""
""
""
""
""
-0.02065715
-0.0094100311
0.017837631
""
-0.038706377
-0.0062036864
""
""
""
""
""
""
""
""
""
""
""
""
0.020235827
""
""
""
""
-0.013768104
0.030077355
0.039043661
""
""
""
""
-0.049078781
""
-0.057775453
""
0.027869347
""
""
-0.033033032
""
""
0.100568
-0.035466176
-0.00059120008
""
-0.032694437
""
""
""
0.12491324
0.023975588
""
""
""
""
""
""
""
""
""
""
""
""
""
0.01378582
0.0079500061
0.021832546
0.0083180778
""
""
-0.021530921
-0.027692936
0.01343812
""
""
""
0.0045378227
0.0025890793
""
0.013054732
""
0.046458315
-0.033793617
0.017950058
""
0.046582952
0.045842387
-0.010575644
-0.023279596
0.042919364
0.013994305
-0.036351446
0.043237574
""
0.0015156796
""
""
""
""
0.010592517
""
0.10706273
0.0018914937
""
""
-0.0084391944
-0.0032473793
0.062277541
0.11496538
0.22393808
""
-0.011772551
""
""
""
""
""
""
""
""
""
""
""
""
""
""
""
0.10621816
""
""
""
""
""
""
""
""
""
""
""
""
""
""
""
""
0.038505837
""
""
0.0039107082
""
""
""
""
""
""
0.003540881
""
""
""
""
""
""
""
""
""
-0.032142185
""
""
""
""
""
""
""
""
""
""
""
""
""
""
""
""
""
""
""
""
""
""
""
""
""
""
""
""
""
""
""
""
""
""
""
""
""
""
""
""
""
""
""
""
""
""
""
""
""
""
""
""
""
""
""
""
""
""
""
""
""
""
""
""
""
""
""
""
""
""
""
""
""
""
""
-0.01838446
-0.01787878
""
""
""
""
""
-0.012189873
""
""
""
""
""
""
""
""
""
""
""
""
""
""
""
""
""
""
""
""
""
""
""
""
""
""
""
""
""
""
""
""
""
""
""
""
""
""
""
""
""
""
""
""
""
""
""
""
""
""
""
""
""
""
-0.028678199
0.023295118
""
""
""
""
""
""
0.0016208634
0.066051655
""
-0.041464858
0.007543901
0.018037731
0.072445109
-0.023905726
-0.00010762311
0.001845608
-0.025259534
0.023992285
0.073409818
0.022419561
""
0.012320975
0.037266433
""
0.13128603
0.048565779
0.0028431695
-0.013124256
0.015745588
0.011031332
0.032737721
""
0.027963949
""
""
0.024727127
""
0.075385898
-0.0050054882
""
""
0.034620389
-0.080348894
""
-0.015776316
""
-0.01013912
""
""
""
""
""
""
""
-0.010335802
0.0020567358
""
""
""
""
""
""
""
""
""
""
0.086791977
-0.076307669
0.011295513
0.090886481
-0.0550851
""
0.025711186
-0.075903557
0.017798815
""
""
""
""
""
""
""
""
""
""
""
0.0042649391
""
0.0024577326
-0.0089739654
-0.014904448
-0.016386744
0.10032284
-0.0044388967
0.071512163
-0.012866303
-0.010138398
0.020235129
-0.027579034
-0.0047049313
-0.09209767
""
""
""
""
""
""
0.036795311
0.02215928
0.017887436
""
""
""
0.033469561
0.0012557259
-0.00051904441
0.011949149
-0.026460221
0.0031551032
""
""
""
""
""
""
""
0.010511542
0.026000159
-0.0073382589
0.081538022
-0.014572414
-0.0061417432
0.023046779
0.01719705
-0.10616202
0.011778871
""
""
""
""
""
""
""
""
""
""
-0.063521482
0.036276821
""
""
""
""
""
""
""
0.0047592381
0.032157697
""
""
""
-0.016253475
""
""
-0.015693024
0.056355972
""
""
""
""
""
""
0.1249516
""
""
""
""
""
""
""
""
""
0.023079088
0.030468347
0.042352639
""
""
""
""
""
-0.056737605
0.039537542
0.018766319
0.014256079
0.066793688
0.0035113429
""
""
""
0.025103591
0.047163617
-0.015812075
0.011445032
0.040022355
""
""
""
""
-0.02923264
0.019014871
""
-0.034481864
""
-0.013770926
""
0.0032947818
""
0.019720141
""
""
""
""
""
""
""
""
""
""
""
""
""
""
""
""
""
""
""
""
""
""
""
""
""
""
""
""
""
-0.036343914
-0.0054373154
""
""
""
""
""
""
""
""
-0.02565638
""
""
""
""
""
0.15037866
""
""
""
""
""
""
""
""
""
""
""
""
""
""
""
""
""
""
""
""
""
""
""
""
""
""
""
""
""
""
""
""
""
""
""
""
""
""
""
""
""
""
""
""
""
""
""
""
""
""
""
""
""
""
""
""
""
""
""
""
""
""
""
""
""
""
""
""
""
""
""
""
""
""
""
""
""
""
""
""
""
""
""
""
""
""
""
""
""
""
""
""
""
""
""
""
""
""
""
""
""
""
""
""
""
""
""
""
""
""
""
-0.28161862
""
""
""
""
""
""
""
""
""
""
""
""
""
""
""
""
""
""
""
""
""
""
""
""
""
""
""
""
""
""
""
""
""
""
""
""
""
""
""
""
""
""
""
""
""
""
""
""
-0.048514221
""
""
""
""
""
""
""
""
""
""
""
""
""
""
""
""
""
""
""
""
""
""
""
""
""
""
""
""
""
""
""
""
""
""
""
""
""
""
""
""
""
""
""
""
""
""
""
""
""
""
""
""
""
""
""
""
""
""
""
""
""
""
""
""
""
""
""
""
""
""
""
""
""
""
""
""
""
""
""
""
""
""
""
""
""
""
""
""
""
""
""
""
""
""
""
""
""
""
""
""
""
""
""
""
""
""
""
""
""
""
""
""
""
""
""
""
-0.10736284
""
0.01418054
""
""
""
""
""
""
""
""
""
""
""
""
""
""
""
""
""
""
""
""
""
""
""
""
""
""
""
-0.011424791
0.041264862
""
""
""
""
""
""
""
""
""
""
""
""
""
""
""
""
""
""
""
""
""
""
""
""
""
""
""
""
""
""
""
""
""
""
""
""
""
""
""
""
""
""
""
""
""
""
""
""
""
""
""
""
""
""
""
""
""
""
""
""
""
""
""
""
""
""
""
0.0035687478
0.030828953
""
0.064007081
0.097179301
""
""
""
-0.0072624777
""
""
""
0.17278235
""
""
""
""
""
0.0011455416
""
0.032568742
-0.0058055716
""
0.0013505981
-0.042202633
-0.025223136
""
-0.098550931
-0.07741113
""
0.085765868
""
""
0.080993965
0.048272766
0.13822182
0.033579696
""
""
""
""
""
""
""
0.035499215
-0.0017335678
0.021148736
-0.012613638
-0.012017937
-0.010465204
""
0.0030232561
0.025910975
-0.036545418
0.02446424
0.02720847
""
-0.022863699
0.010966826
0.00031918098
0.034483202
-0.03610605
""
""
-0.0036820923
0.038452625
0.019982219
-0.024602195
""
""
""
""
""
""
""
""
""
""
""
""
""
""
""
""
""
""
""
""
""
""
""
""
""
""
""
""
""
""
""
""
""
""
""
""
""
""
""
""
""
""
""
""
""
""
""
""
""
""
""
""
""
""
""
""
""
""
""
0.061880022
""
""
""
""
""
""
""
""
""
""
""
""
""
""
""
""
""
""
""
""
""
""
""
""
""
""
""
""
""
""
""
""
""
""
""
""
""
""
""
""
""
""
""
""
""
""
""
""
""
""
""
-0.0040430757
""
-0.074003674
""
""
""
""
""
""
""
""
""
""
""
""
""
""
""
""
""
""
""
""
""
""
""
""
""
""
""
""
""
""
""
""
""
""
""
""
""
""
""
""
""
""
""
""
""
""
""
""
""
""
""
""
""
""
""
""
""
""
""
""
""
-0.13811556
""
""
""
""
""
""
""
""
""
""
""
""
""
""
""
""
""
""
""
""
-0.0078689475
""
""
""
""
""
""
""
""
""
""
""
""
-0.00732785
""
""
""
""
""
""
-0.090697728
""
""
""
""
""
""
""
""
""
""
""
""
""
""
""
""
""
""
""
""
""
""
""
""
""
""
""
""
""
""
""
""
""
""
""
""
""
""
""
""
""
""
""
""
""
""
""
""
""
""
""
""
""
""
""
""
""
""
""
""
""
""
""
""
""
""
""
""
""
""
""
""
""
""
""
""
""
""
""
""
""
""
""
""
""
""
""
""
""
""
""
""
""
""
""
""
""
""
""
""
""
""
""
""
""
""
""
""
""
""
""
""
""
""
""
""
""
""
""
""
""
""
""
""
""
""
""
""
""
""
""
""
""
""
""
""
""
""
""
""
""
""
""
""
""
""
""
""
""
0.05008366
""
""
""
""
""
""
""
""
""
""
""
""
""
""
""
""
""
""
""
""
""
""
""
""
""
""
""
""
""
""
""
""
""
""
""
""
""
""
""
""
""
""
""
""
""
""
""
""
""
""
""
""
""
""
""
""
""
""
""
""
""
""
""
""
""
""
""
""
""
""
""
""
""
""
""
""
""
""
""
""
""
""
""
""
""
""
""
""
""
""
""
""
""
""
""
""
""
""
""
""
""
""
""
""
""
""
""
""
""
""
""
""
""
""
""
""
""
""
""
""
""
""
""
""
""
""
""
""
""
""
""
""
""
""
""
""
""
""
""
""
""
""
""
""
""
""
""
""
""
""
""
""
""
""
""
""
""
""
""
""
""
""
""
""
""
""
""
""
""
""
""
""
-0.072890997
-0.013754175
""
""
""
""
""
""
""
""
""
""
""
""
""
""
""
""
""
""
""
""
""
""
""
""
""
""
""
""
""
""
""
""
""
""
""
""
""
""
""
""
""
""
""
""
""
""
""
""
""
""
""
""
""
""
""
""
""
""
""
""
""
""
""
""
""
""
0.065169714
0.094404303
""
""
""
""
""
""
""
0.011396377
""
""
""
""
""
""
""
""
""
""
""
""
""
""
-0.065946266
""
-0.09492024
""
""
""
""
""
-0.028511818
""
""
""
""
""
""
""
""
""
""
""
""
""
""
""
""
""
""
""
""
""
""
""
""
""
""
""
-0.045072779
""
""
""
""
""
""
""
""
""
""
""
""
""
""
""
""
""
""
""
""
""
""
""
""
""
""
""
""
""
""
""
""
""
""
""
""
""
""
""
""
""
""
""
""
""
""
""
""
""
""
0.0092333052
""
""
""
""
0.07242845
""
""
""
""
""
""
""
0.072171941
""
0.13625139
0.04214517
""
""
-0.053817261
""
0.077326052
-0.013160148
0.019490466
""
""
""
-0.042027142
-0.014674758
""
-0.0041670422
""
""
""
""
""
""
""
""
""
""
""
""
""
""
""
""
""
""
""
""
""
""
""
""
""
""
""
""
""
""
-0.042632282
""
0.059933171
0.037322048
""
""
""
""
""
""
""
""
""
0.029861549
-0.007017293
0.24470919
""
""
""
""
""
""
""
""
""
""
""
""
""
""
""
""
""
""
""
""
""
0.019129634
""
""
""
""
""
""
""
""
""
""
""
""
""
""
""
""
""
""
""
""
""
""
""
""
""
""
""
""
""
""
""
""
""
""
""
""
""
""
""
""
""
""
""
""
""
""
""
""
""
""
""
""
""
""
""
""
""
""
""
""
""
""
""
""
""
""
""
""
""
""
""
""
""
""
""
""
""
""
""
""
""
""
""
""
0.075016811
""
""
""
""
""
""
""
""
""
""
""
""
""
""
""
""
""
""
""
""
""
""
""
""
""
""
""
""
""
""
""
""
""
""
""
""
""
""
""
""
""
""
""
""
""
""
""
""
""
""
""
""
""
""
""
""
""
""
""
""
""
""
""
""
""
""
""
""
""
""
""
""
""
""
""
""
""
""
""
""
""
""
""
""
""
""
""
""
""
""
""
""
""
""
""
""
""
""
""
""
""
""
""
""
""
""
""
""
""
""
""
""
""
""
""
""
""
""
""
""
""
""
""
""
""
""
""
""
""
""
""
""
""
""
""
""
""
""
""
""
""
""
""
""
""
0.006898711
""
0.044265445
-0.011252434
""
""
0.099569596
-0.0016391168
0.0012077723
""
""
""
-0.0070079453
-0.033424553
0.028652472
0.025095722
-0.046106499
""
0.072609521
0.049767654
""
""
""
""
""
""
""
""
""
""
""
""
""
""
""
""
""
""
""
""
""
""
""
""
""
""
""
""
""
""
""
""
""
""
""
""
""
""
""
""
""
""
""
""
""
""
""
""
""
""
""
""
""
""
""
""
""
""
""
""
""
""
""
""
""
""
""
""
""
""
""
""
""
""
""
""
""
""
""
""
""
""
""
""
""
""
""
""
""
""
""
""
""
""
""
""
""
""
""
""
""
""
""
""
""
""
-0.071227908
""
""
-0.095660478
""
0.036977589
""
""
""
""
""
""
""
""
""
""
""
""
""
""
""
""
""
""
""
""
""
""
""
""
""
""
""
""
""
""
""
""
""
""
""
""
""
""
""
""
""
""
""
""
""
""
""
""
""
""
""
""
""
""
""
""
""
""
""
""
""
""
""
""
""
""
""
""
""
""
""
""
""
""
""
""
""
""
""
""
0.179308
""
""
""
""
""
""
""
""
""
""
""
""
""
""
""
""
""
""
""
""
""
""
""
""
""
""
""
""
""
""
""
""
""
""
""
""
""
""
""
""
""
""
""
""
""
""
""
""
""
""
""
""
""
""
""
""
""
""
""
""
""
""
""
""
""
""
""
""
""
""
""
""
""
""
""
""
""
""
""
""
""
""
""
""
""
""
""
""
""
""
""
""
""
""
""
""
""
""
""
""
""
""
""
""
""
""
""
""
""
""
""
""
""
""
""
""
""
""
""
""
""
""
""
""
""
""
""
""
""
""
""
""
""
""
""
""
""
""
""
""
""
""
0.022149717
""
""
-0.020608906
""
""
""
""
""
""
""
""
""
""
""
""
""
""
""
""
""
""
""
""
""
""
""
""
""
""
""
""
""
""
""
""
""
""
""
""
""
""
""
""
""
""
""
""
""
""
""
""
""
""
""
""
""
""
""
""
""
""
""
""
""
""
""
""
""
""
""
""
-0.007079842
-0.13051578
""
""
""
""
""
0.043717045
-0.0014601958
""
""
""
""
""
""
""
""
""
""
""
""
""
""
""
""
""
""
""
""
""
""
""
""
""
""
""
""
""
""
""
""
""
""
""
""
""
""
""
""
""
""
""
""
""
""
""
""
""
""
""
""
""
""
0.068411589
""
""
""
""
""
""
""
""
""
""
""
""
""
""
""
""
""
""
""
""
""
""
""
""
""
""
""
""
""
""
""
""
""
""
""
""
""
""
""
""
""
""
""
""
""
""
""
""
""
""
""
""
""
""
""
""
""
""
""
""
""
""
""
""
""
""
""
""
""
""
""
""
""
""
""
""
""
""
""
""
""
""
""
""
""
""
""
""
""
""
""
""
""
""
""
""
""
""
""
""
""
""
""
""
""
""
""
""
-0.10556594
""
""
""
""
0.10553275
""
0.25519744
""
""
""
""
""
""
""
""
0.012309067
""
""
""
""
""
""
""
""
""
""
""
""
""
""
""
""
""
""
""
""
""
""
""
""
""
""
""
""
""
""
""
""
""
""
""
""
""
""
""
""
""
""
""
""
""
""
""
""
""
""
""
""
""
""
""
""
""
""
""
""
""
""
""
""
""
""
""
""
""
""
""
""
""
""
""
""
""
""
""
""
""
""
""
""
""
""
""
""
""
""
""
""
""
""
""
""
""
""
""
""
""
""
""
""
""
""
""
""
""
""
""
""
""
""
""
""
""
""
""
""
""
""
""
""
""
""
""
""
""
""
""
""
""
""
""
""
""
""
""
""
""
""
""
""
""
""
0.058624707
""
""
""
""
""
""
""
""
""
""
""
""
""
""
""
""
""
""
""
""
""
""
""
""
""
""
""
""
""
""
""
""
""
""
""
""
""
""
""
""
""
""
""
""
""
""
""
""
""
""
""
""
""
""
""
""
""
""
""
""
""
""
""
""
""
""
""
""
""
""
""
""
""
""
""
""
""
""
""
""
""
""
""
0.41867164
""
""
""
""
""
""
""
""
""
""
""
""
0.0019307112
""
""
""
""
""
""
""
""
""
""
""
""
""
""
""
""
""
""
""
""
""
""
""
""
""
""
""
""
""
""
""
""
""
""
""
""
""
""
""
""
""
""
""
""
""
""
""
""
""
""
""
""
""
""
""
""
""
""
""
""
""
""
""
""
""
""
""
""
""
""
""
""
-0.13834006
""
""
""
""
""
""
""
""
""
""
""
""
""
""
""
""
""
""
""
""
""
""
""
""
""
""
""
""
""
""
""
""
""
""
""
""
""
""
""
""
""
""
""
""
""
""
""
""
""
""
""
""
""
""
""
""
""
""
""
""
""
""
""
""
""
""
""
""
""
""
""
""
""
""
""
""
""
""
""
""
""
""
""
""
""
""
""
""
""
""
""
""
""
""
""
""
""
""
""
""
""
""
""
""
""
""
""
""
""
""
""
""
""
""
""
""
""
""
""
""
""
""
""
""
""
""
""
""
""
""
""
""
""
""
""
""
""
""
""
""
""
""
""
""
""
""
""
""
""
""
""
""
""
""
""
""
""
""
""
""
""
""
""
""
""
""
""
""
""
""
""
""
""
""
""
""
""
""
""
""
""
""
""
""
""
""
""
""
""
""
""
""
""
""
""
""
""
""
""
""
""
""
""
""
""
""
""
""
""
""
""
""
""
""
""
""
""
""
""
""
""
""
""
""
""
""
""
""
""
""
""
""
""
""
""
""
""
""
""
""
""
""
""
""
""
""
""
""
""
""
""
""
""
""
""
""
""
""
""
""
""
""
""
""
""
""
""
""
""
""
""
""
""
""
""
""
""
""
""
""
""
""
""
""
""
""
""
""
""
""
""
""
""
""
""
""
""
""
""
""
""
""
""
""
""
""
""
""
-0.088086747
""
""
""
-0.058307003
0.083699256
0.039459094
0.10675004
-0.021665171
0.0070731207
0.065440767
-0.065698758
0.046577543
0.0087064682
0.045174394
-0.12455069
0.015353087
""
""
-0.054348662
-0.0037692753
-0.025291972
-0.062915444
0.073583737
""
""
""
0.014274557
-0.032279059
0.13787603
-0.0053906231
-0.014022718
0.051736549
0.0049443324
-0.02649237
0.058199726
0.0095335534
""
-0.10678435
""
""
""
""
""
""
""
""
""
""
""
""
""
""
""
""
""
""
""
""
""
""
""
""
""
""
""
""
""
""
""
""
""
""
""
""
""
""
""
""
""
""
""
""
""
""
""
""
""
""
""
""
""
""
""
""
""
""
""
""
""
""
""
""
""
""
""
""
""
""
""
""
""
""
""
""
""
""
""
""
""
""
""
""
""
""
""
""
""
""
""
""
""
""
""
""
""
""
""
""
""
""
""
""
""
""
""
""
""
""
""
""
""
""
""
""
0.0062668594
""
""
""
""
""
""
""
-0.0060886974
""
""
0.00041121987
""
-0.025991643
""
""
""
""
""
""
""
""
""
""
""
""
""
""
""
""
""
""
""
""
""
""
""
""
""
""
""
""
""
0.037653487
0.026029598
""
""
""
""
""
""
""
""
""
""
""
""
""
""
""
""
""
""
""
""
""
""
""
""
""
""
""
""
""
""
""
""
""
""
""
""
""
""
""
""
""
""
""
""
""
""
""
""
""
""
""
""
""
""
""
""
""
""
""
""
""
""
""
""
""
""
""
""
""
""
""
""
""
""
""
""
""
""
""
""
""
""
""
""
""
""
""
""
""
""
""
""
""
""
""
""
""
""
""
""
""
""
""
""
""
""
""
""
""
""
""
""
""
""
""
""
""
""
""
""
""
""
""
""
""
""
""
""
""
""
""
""
""
""
""
""
""
""
""
""
""
""
""
""
""
""
""
""
""
""
""
""
""
""
""
""
""
""
""
""
""
""
""
""
""
""
""
""
""
""
""
""
""
""
""
""
""
""
""
""
""
""
""
""
""
""
""
""
""
""
""
""
""
""
""
""
""
""
""
""
""
""
""
""
""
""
""
""
""
""
""
""
""
""
""
""
""
""
""
""
""
""
""
""
""
""
""
""
""
""
""
""
""
""
""
""
""
""
""
""
""
""
""
""
""
""
""
""
""
""
""
""
""
""
""
0.055508897
""
""
""
0.15053448
-0.0063741351
-0.021355305
0.012865381
0.017214281
""
""
""
""
""
""
""
""
""
""
""
""
""
""
""
""
""
""
""
""
""
""
""
""
""
""
""
""
""
""
""
""
""
""
""
""
""
""
""
""
""
""
0.034278374
""
0.016394483
""
""
""
""
""
""
""
""
""
""
""
""
""
""
""
""
""
""
""
""
""
""
""
""
""
""
""
""
""
""
""
""
""
""
""
""
""
""
""
""
""
""
""
""
""
""
""
""
""
""
""
""
""
""
""
""
""
""
""
""
""
""
""
""
""
""
""
""
""
""
""
""
""
""
""
""
""
""
""
""
""
""
""
""
""
""
""
""
""
""
""
""
""
""
""
""
""
""
""
""
""
""
""
""
""
""
""
""
""
""
""
""
""
""
""
""
""
""
""
""
""
""
""
""
""
""
""
""
""
""
""
""
""
""
""
""
""
""
""
""
""
""
""
""
""
""
""
""
""
""
""
""
""
""
""
""
""
""
""
""
""
""
""
""
""
""
""
""
""
""
""
""
""
""
""
""
""
""
""
""
""
""
""
""
""
""
""
""
""
""
""
""
""
""
""
""
""
""
""
""
""
""
""
""
""
""
""
""
""
""
""
""
""
""
""
""
""
""
""
""
""
""
""
""
""
""
""
""
""
""
""
""
""
""
""
""
""
""
""
""
""
""
""
""
""
""
""
""
""
""
""
""
""
""
""
""
""
""
""
""
""
""
""
""
""
""
""
""
""
""
""
""
""
""
""
""
""
""
""
""
""
""
""
""
""
""
""
""
""
""
""
""
""
""
""
""
""
""
""
""
""
""
""
""
""
""
""
""
""
""
""
""
""
""
""
""
""
""
""
""
""
""
""
""
""
""
""
""
""
""
""
0.20481493
""
""
-0.015271666
-0.043053694
0.012629416
""
""
""
""
""
""
""
""
""
""
""
""
""
""
""
""
""
""
""
""
""
""
""
""
""
""
""
""
""
""
""
""
""
""
""
""
""
""
""
""
""
""
""
""
""
""
""
""
""
""
""
""
""
""
""
""
""
""
""
""
""
""
-0.0024956984
""
""
""
""
""
""
""
""
""
""
""
""
""
""
""
""
""
""
""
""
""
""
""
""
""
""
""
""
""
""
""
""
""
""
""
""
""
""
""
""
""
""
""
""
""
""
""
""
""
""
""
""
""
""
""
""
""
""
""
""
""
""
""
""
""
""
""
""
""
""
""
""
""
""
""
""
""
""
""
""
""
""
""
""
""
""
""
""
""
""
""
""
""
""
""
""
""
""
""
""
""
""
""
""
""
""
""
""
""
""
""
""
""
""
""
""
""
""
""
""
""
""
""
""
""
""
""
""
""
""
""
""
""
""
""
""
""
""
""
""
""
""
""
""
""
""
""
""
""
""
""
""
""
""
""
""
""
""
""
""
""
""
""
""
-0.0090702642
""
""
""
""
""
""
""
""
""
""
""
""
""
""
""
""
""
""
""
""
""
""
""
""
""
""
""
""
""
""
""
""
""
""
""
""
""
""
""
""
""
""
""
""
""
""
""
""
""
""
""
""
""
""
""
""
""
""
""
""
""
""
""
""
""
""
""
""
""
""
-0.037051164
0.091289632
-0.0078013674
""
""
""
-0.039752021
""
""
""
""
""
""
""
""
""
""
""
""
""
""
""
""
""
-0.026993152
-0.061014786
""
""
0.024547039
""
""
""
""
""
""
""
""
""
""
""
""
""
""
""
""
""
""
""
""
""
""
""
""
""
""
""
""
""
""
""
""
0.017947629
""
""
""
""
""
""
""
""
""
""
""
""
""
""
""
""
""
""
""
""
""
""
""
""
""
""
""
""
""
""
""
""
""
""
""
""
""
""
""
""
""
""
""
""
""
""
""
""
""
""
""
""
""
""
""
""
""
""
""
""
""
""
""
""
""
""
""
""
""
""
""
""
""
""
""
""
""
""
""
""
0.028353408
""
""
0.041637003
0.031492792
""
""
""
""
""
""
""
""
""
""
""
""
""
""
""
""
""
""
""
""
""
""
""
""
""
""
""
""
""
""
""
""
""
""
""
""
""
""
""
""
""
""
""
""
""
""
""
""
""
""
""
""
""
""
""
""
""
""
""
""
""
""
""
""
""
""
""
""
""
""
""
""
""
""
""
""
""
""
""
""
""
""
""
""
""
0.023461979
""
0.0163255
0.040693074
""
0.047547091
-0.01720647
0.023128394
0.041624248
0.056732446
0.032899491
0.040579155
0.064762533
-0.0067850095
0.0032174336
0.0088507533
-0.015414789
-0.044266198
0.010081861
0.0055155638
""
""
""
""
0.0039617964
""
""
""
""
""
""
""
""
""
""
""
""
""
""
""
""
""
""
""
""
""
""
""
""
""
""
""
""
""
""
""
""
""
""
""
""
""
""
""
0.023416085
0.21345252
""
""
0.0067057232
""
0.050472163
""
""
""
0.10225041
0.041409664
""
""
""
""
""
""
""
""
""
-0.00021357519
0.015220722
""
""
""
""
""
""
""
""
""
""
""
0.4237158
""
""
""
""
""
""
""
0.0069727204
""
0.028533159
-0.010196502
""
""
""
-0.008303564
0.039789591
-0.0069559063
0.0017845847
0.044102106
""
-0.021091536
0.0041702059
0.025733888
0.20537217
""
""
""
""
""
0.0067778663
""
""
""
""
""
""
""
""
""
""
""
""
""
-0.080211185
""
""
""
""
""
""
""
""
-0.0068187998
""
""
""
""
""
""
""
""
""
""
""
""
""
""
""
""
""
""
""
""
-0.024713321
""
""
""
""
""
""
""
""
""
""
""
""
""
""
""
""
""
0.018975062
""
-0.019636862
""
""
""
""
""
""
""
""
""
""
""
""
""
""
""
""
0.049445331
""
""
""
""
""
""
0.0055376352
""
""
""
-0.054617412
""
""
""
""
""
""
""
""
""
""
""
0.066969462
0.0093998117
""
""
""
""
""
""
""
""
""
""
""
""
""
""
""
""
""
""
""
""
""
""
""
""
""
""
""
""
""
""
""
""
""
""
""
""
""
0.0075499038
""
""
""
""
""
""
""
""
""
""
""
""
""
""
""
""
""
""
""
""
""
""
""
""
""
""
""
""
""
""
""
""
""
""
""
""
""
""
""
""
""
""
""
""
""
""
""
""
""
""
""
""
""
""
""
""
""
""
""
""
""
""
""
""
""
""
""
""
""
""
""
""
""
""
""
""
""
""
""
""
""
""
""
""
""
""
""
""
""
""
""
""
""
""
""
""
""
""
""
""
""
""
""
""
""
""
""
""
""
""
""
""
""
""
""
""
""
""
""
""
""
""
""
""
""
""
""
""
""
""
""
""
""
""
""
""
""
""
""
""
""
""
""
""
""
""
""
""
""
""
""
""
""
""
""
""
""
""
""
""
""
""
""
""
""
""
""
""
""
""
""
""
""
""
""
""
""
""
""
""
""
""
""
""
""
""
""
""
""
""
""
""
""
""
""
""
""
""
""
""
""
""
""
""
""
""
""
""
""
""
""
""
""
""
""
""
""
""
""
""
""
""
0.020706188
""
""
""
""
""
""
""
""
""
""
""
""
""
""
""
""
""
""
""
""
""
""
""
""
""
""
""
""
""
""
""
""
""
""
""
""
""
""
""
""
""
""
""
""
""
""
""
""
""
""
""
""
""
""
""
""
""
""
""
""
""
""
""
""
""
""
-0.0025387078
""
""
""
-0.028758727
""
0.015460237
""
""
""
""
""
""
""
""
""
""
""
""
""
""
""
""
""
""
""
""
""
""
""
""
""
""
""
""
""
""
""
""
""
""
""
""
""
""
""
""
""
""
""
""
""
""
""
""
""
""
""
""
""
""
""
""
""
""
""
""
""
""
""
""
""
""
""
""
""
""
""
""
""
""
""
""
0.0076772803
""
-0.021842111
""
""
""
""
""
""
""
""
""
""
""
""
""
""
""
""
""
""
""
""
""
""
""
""
""
""
""
""
""
""
""
""
""
""
""
""
""
""
""
""
""
""
""
""
""
""
""
""
""
""
""
""
""
""
-0.019375702
""
0.023634017
-0.0047845975
0.018273115
-0.19905421
0.047222931
0.0059095649
""
0.0098138945
""
""
""
""
""
""
""
""
""
""
""
""
""
""
""
""
""
""
""
""
""
""
""
""
""
-0.043983765
-0.00060044014
""
""
""
""
""
""
""
""
""
""
""
""
""
""
""
""
""
""
""
""
""
""
""
""
""
""
""
""
""
""
""
""
""
""
""
""
""
""
""
""
""
""
""
""
""
""
""
""
""
""
""
""
""
""
""
""
""
""
""
""
""
""
""
""
""
""
""
""
""
""
""
""
""
""
""
""
""
""
""
""
""
""
""
""
""
""
""
""
""
""
""
""
""
""
""
""
""
""
""
""
""
""
""
""
""
""
""
""
""
""
""
""
""
""
""
""
""
""
""
""
""
""
""
""
""
""
""
""
""
""
""
""
""
""
""
""
""
""
""
""
""
""
""
""
""
""
""
""
""
""
""
""
""
""
""
""
""
""
""
""
""
""
""
""
""
""
""
""
""
""
""
""
""
""
""
""
""
""
""
""
""
""
""
""
""
""
""
""
""
""
""
""
""
""
""
""
""
""
""
""
""
""
""
""
""
""
""
""
""
""
""
""
""
""
""
""
""
""
""
""
""
""
""
""
""
""
""
""
""
""
""
""
""
""
""
""
""
""
""
""
""
""
""
""
""
""
""
""
""
""
""
""
""
""
""
""
""
""
""
""
""
""
""
""
""
""
""
""
""
""
""
""
""
""
""
""
""
""
""
""
""
""
""
""
""
""
""
""
""
""
""
""
""
""
""
""
""
""
""
""
""
""
""
""
""
""
""
""
""
""
""
""
""
""
""
""
""
""
""
""
""
""
""
""
""
""
""
""
""
""
""
""
""
""
""
""
""
""
""
""
""
""
""
""
""
""
""
""
""
""
""
""
""
""
""
""
""
""
""
""
""
""
""
""
""
""
""
""
""
""
""
""
""
""
""
""
""
""
""
""
""
""
""
""
""
""
""
""
""
""
""
""
""
""
""
""
""
""
""
""
""
""
""
""
""
""
""
""
""
""
""
""
""
""
""
""
""
""
""
""
""
""
""
""
-0.077535771
""
""
""
0.015255241
""
""
""
""
""
-0.0020392574
""
""
""
-0.0097382972
""
""
""
""
""
""
""
""
""
""
""
""
""
""
""
""
""
""
""
""
""
""
""
""
""
""
""
""
""
""
""
""
""
""
""
-0.05550072
""
""
-0.010942317
0.044574726
""
""
""
""
""
""
""
""
""
""
""
""
""
""
""
""
""
""
""
""
""
""
""
-0.0069674347
""
""
""
""
""
""
""
""
""
""
""
""
""
""
""
""
""
""
""
""
""
""
-0.0017235335
""
""
""
""
""
""
-0.025306508
""
""
""
""
""
""
""
""
""
""
""
""
""
""
""
""
0.0825864
""
""
""
""
""
""
""
""
""
""
""
""
""
""
""
""
""
""
""
0.022707859
""
-0.059786674
""
""
""
""
""
0.045657109
""
""
""
""
0.047553133
""
""
-0.012655142
""
0.011875445
""
0.018556345
""
""
""
""
""
""
""
""
""
0.011749883
""
""
-0.0040523061
0.028575445
""
""
""
""
-0.083386749
0.027946427
""
""
""
""
""
""
""
""
""
""
""
""
""
""
""
0.088614874
0.075946912
-0.013078892
-0.055380505
-0.0066470597
0.0039529316
-0.0074232081
0.010623927
""
""
-0.069076985
""
""
""
""
0.0094439834
""
-0.031394579
""
""
0.031580687
""
0.0017174414
""
""
-0.062921256
""
""
""
0.015005609
""
""
""
""
""
""
""
""
""
""
""
""
""
""
""
""
""
""
""
""
""
""
""
""
""
""
""
""
""
-0.011571188
0.050578762
""
""
""
""
""
""
""
""
""
""
""
""
""
""
""
""
""
0.094757676
""
""
0.39002165
""
""
-0.038600627
""
""
-0.033829652
0.33416137
""
""
""
""
""
""
""
""
""
""
""
""
""
""
""
""
""
""
""
""
""
""
""
0.020336905
0.1432135
""
""
""
""
""
""
""
""
""
""
""
""
""
""
-0.00072453992
0.002620507
-0.10108931
-0.07261771
-0.01673379
""
""
""
""
""
""
-0.013046404
0.074836247
""
""
-0.01926424
0.40497115
""
""
""
""
""
""
""
""
""
""
-0.078437254
""
""
""
""
""
""
""
""
""
""
""
""
""
""
""
""
""
""
""
""
""
""
""
-0.0061986553
""
""
""
""
""
""
""
0.063583225
""
""
""
""
""
""
0.035222296
""
""
""
""
""
""
""
""
""
""
""
""
""
""
""
""
""
""
""
0.075503059
""
""
""
""
""
""
""
""
""
""
""
""
""
""
""
""
""
""
""
0.017620275
""
""
0.27940395
""
""
""
""
""
""
""
""
""
""
""
""
""
""
""
""
""
""
""
""
0.089799024
""
""
""
""
""
0.55803502
""
-0.51659715
""
""
""
""
""
""
""
""
0.45666727
""
""
0.098008171
0.11425411
0.054286849
""
""
""
""
""
""
""
0.23080412
""
""
""
""
""
""
-0.025216404
""
-0.049727537
-0.048525024
-0.051743437
0.11091477
0.00057702832
-0.027058322
-0.030019943
-0.01373076
-0.15015292
-0.0055520041
""
""
""
0.064547807
-0.068358079
-0.061644126
-0.097033985
0.19949125
""
0.15319149
-0.0041893576
-0.029658211
""
-0.069910347
""
""
""
0.03623797
""
0.047175877
""
""
""
""
""
""
""
""
""
""
""
""
""
""
0.0041244114
""
""
""
-0.026845206
""
""
""
0.009290033
-0.080230087
""
0.16730866
""
""
""
""
""
""
-0.077768311
""
-0.015586038
0.088515177
0.024147777
""
0.23750153
0.12903386
0.012542046
""
0.058014192
""
""
0.17023833
0.013013878
0.017195836
0.026638174
-0.066476628
0.021706985
-0.029229624
0.011915103
-0.17103311
""
""
0.0012247764
0.030032776
""
""
0.069075644
0.00063304981
""
0.0093243793
""
0.0085683176
""
""
-0.040907305
""
-0.0076012644
0.041222665
""
""
""
""
0.076109096
""
""
""
0.034656771
""
""
-0.021957684
""
-0.055344559
""
""
""
0.013696537
""
""
""
""
""
""
""
""
""
""
""
""
""
""
""
""
""
""
""
""
""
""
""
""
""
""
""
""
""
""
""
""
""
""
""
""
""
""
""
""
""
""
""
""
""
""
""
""
0.0016550887
""
""
""
""
""
""
0.002495761
""
""
""
""
""
""
""
""
""
""
""
""
""
""
""
-0.12701114
""
""
""
""
""
""
""
""
""
""
""
""
""
""
""
""
""
""
""
""
""
""
""
""
""
""
""
""
""
""
""
""
""
""
""
""
""
""
""
""
""
""
""
""
""
""
""
""
""
""
""
""
""
""
""
""
""
""
""
""
""
""
""
""
""
""
""
""
""
""
""
""
""
""
""
""
""
""
""
""
""
""
""
""
""
""
""
""
""
""
""
""
""
""
""
""
""
""
""
""
""
""
""
""
""
""
""
""
""
""
""
""
""
""
""
""
""
""
""
""
""
""
""
""
""
""
""
""
""
""
""
""
""
""
""
""
""
""
""
""
""
""
""
""
""
""
""
""
""
""
""
""
""
""
0.02764832
-0.087525561
""
""
""
""
""
""
""
0.079537936
-0.010174954
""
""
""
-0.019762633
-0.031053321
""
""
""
-0.12092637
-0.027279895
""
""
""
""
""
""
-0.045700502
0.025374042
0.010430442
-0.037967626
-0.034185812
""
""
""
""
0.030718289
-0.00031784683
""
""
""
""
""
""
""
""
""
""
""
""
""
""
""
""
""
""
""
""
""
""
""
""
""
""
""
""
""
""
""
""
""
""
""
""
""
""
""
""
-0.0055748196
""
""
""
""
""
0.096128769
""
""
""
""
""
""
""
""
""
""
""
""
""
0.052223783
""
-0.071475059
-0.0068727634
0.02990447
0.050834622
""
""
-0.037611168
""
0.011591163
""
""
""
-0.027783804
""
""
""
""
""
""
""
""
""
""
-0.04776495
""
""
""
""
""
""
""
""
""
""
""
""
""
""
""
""
""
""
""
0.073100641
""
""
-0.038255747
""
-0.03465879
""
""
""
""
""
""
""
""
""
""
""
-0.040323347
""
""
""
""
""
""
""
""
""
""
""
""
0.080701679
0.12474392
""
""
0.14357151
""
0.0092328433
0.019616537
0.0028607317
0.06679906
""
""
""
""
""
""
""
""
""
""
""
""
""
""
""
""
""
""
""
""
""
""
""
""
""
""
""
""
""
""
""
""
""
""
""
-0.02230427
""
""
""
""
""
""
""
""
""
""
""
""
""
""
""
""
""
0.023189407
0.16318095
-0.026540408
""
""
""
""
""
""
-0.020953499
""
""
""
0.021562589
""
""
""
""
""
""
""
""
""
""
""
""
""
""
""
""
""
""
""
""
""
""
""
""
""
-0.0022248372
""
""
""
""
""
""
-0.033960562
-0.046476942
""
0.028416408
0.036181405
0.01170294
""
0.019791083
""
""
-0.017746503
0.081516132
""
0.076936118
""
""
""
""
""
""
""
""
-0.091666259
-0.028663738
""
""
""
""
""
""
-0.0028016912
""
""
""
-0.034384646
0.06144128
-0.018891357
0.0034102164
""
""
""
""
""
""
-0.06149362
""
""
-0.041046955
""
""
-0.025310684
""
""
""
""
""
""
""
""
-0.027229739
""
""
""
""
""
""
""
""
""
""
""
""
""
""
""
-0.017156953
""
""
""
""
""
""
""
""
""
-0.039979059
""
""
""
""
-0.095197715
""
""
""
""
0.045542844
""
""
""
""
""
""
""
""
""
""
""
""
""
""
""
""
-0.060281791
0.0087800315
""
""
""
""
""
""
-0.059298009
""
-0.018801998
-0.039818127
""
""
0.0016348673
0.037307501
""
""
""
""
""
""
""
""
""
""
""
""
0.15585479
0.21134047
""
""
""
""
""
""
""
""
""
""
""
""
""
-0.0052061249
0.025894996
0.021898516
0.0094321026
-0.11228688
-0.0065853996
-0.0034428369
-0.020987604
-0.010076127
""
""
0.013298149
0.028594067
0.088364333
0.089725398
-0.0077323224
""
-0.016896676
0.094745599
0.012901113
0.051369194
-0.039158337
-0.069535293
-0.051814646
0.0049399734
-0.010641753
-0.016820958
""
-0.012898139
0.011599346
-0.043408267
0.043125391
""
""
""
""
""
""
""
""
""
0.013571813
""
""
""
""
""
0.081287809
0.020642757
""
0.015023047
""
""
""
0.020545021
-0.037462436
-0.029740667
-0.040945671
0.0051285247
""
0.10185675
""
-0.013468684
""
""
""
""
""
""
""
""
""
""
""
""
""
""
-0.071733616
""
0.0028610637
-0.05529299
0.0042115636
0.1002254
0.046821654
""
-0.14466648
""
""
""
""
""
""
""
""
""
""
""
""
""
""
""
""
""
""
""
""
""
""
""
""
""
""
""
""
""
""
""
""
""
""
0.045475341
""
""
""
""
""
-0.0063601537
""
""
""
""
""
""
""
0.045504652
""
""
0.037113402
-0.033279054
0.12446851
""
""
""
""
""
""
""
-0.0073690922
""
""
-0.038458548
""
""
""
""
""
""
0.090607025
0.021788372
-0.020066228
-0.011631525
""
""
""
""
""
""
""
""
""
""
""
""
""
""
""
""
""
""
""
""
""
""
""
""
""
""
""
""
""
""
""
""
""
""
""
""
""
""
""
""
""
""
""
""
0.0092954058
""
""
""
-0.058938853
""
""
""
0.012637815
-0.004677678
0.010183605
0.12438326
-0.06793946
""
0.067624524
0.1048644
0.065720022
-0.095114492
-0.035815824
0.09992861
-0.038145013
-0.037130915
-0.047477454
0.0012722056
0.0059566293
0.056188364
""
0.045734562
0.0050765346
""
-0.041997723
-0.0078104171
0.062274609
-0.00049111387
-0.011511465
0.13037859
0.10030685
0.03191261
0.083858311
0.090300433
-0.16763398
""
0.01054556
""
-0.033825707
""
0.088443726
""
0.078284122
""
""
0.065647423
0.10349201
""
0.0021664698
""
0.14908046
""
-0.0023554931
-0.058165364
0.049488872
0.21449839
0.0091013936
-0.010472947
0.029840371
""
0.072170042
0.060787231
""
-0.050208658
""
""
0.26027432
0.026772836
""
""
""
""
""
""
""
""
0.028767291
-0.14612815
-0.034698177
""
0.019048655
""
""
""
""
-0.037729472
""
""
""
""
""
""
0.028724292
""
""
""
0.0014739895
""
""
""
""
""
""
""
""
""
""
""
""
""
""
""
""
""
""
""
""
""
""
""
""
""
""
0.028960664
""
""
0.43399164
""
""
-0.098707169
""
""
""
""
-0.031052893
""
-0.034683686
""
0.057193067
-0.042430919
-0.028269451
""
""
""
""
""
""
""
""
""
""
""
""
""
""
""
""
""
""
""
""
""
""
""
""
""
""
""
""
""
""
""
""
""
""
""
""
""
""
-0.022776034
0.0097002117
""
""
""
""
""
-0.0093595432
""
-0.012901289
""
""
""
-0.011656153
-0.028433142
0.03306238
-0.037044588
""
""
0.010775402
0.0026319216
""
0.1283478
""
-0.076124057
""
-0.043881614
""
-0.098116957
""
0.016650783
-0.0043012109
0.31125566
0.033351544
0.040800516
0.014900199
0.018831922
""
""
""
""
""
0.010455213
0.018502997
""
-0.008730161
0.038406093
""
0.013221532
""
-0.040392458
0.061028868
-0.052662663
0.030780021
0.010140028
0.019685088
0.0028645922
0.029292762
""
""
""
0.016425569
0.028121637
-0.026085757
0.037605993
-0.041310146
""
""
0.018782968
""
0.15686758
0.11080632
""
""
""
""
""
""
""
""
""
""
""
0.016296327
0.050383203
""
""
""
0.01418485
""
0.012471188
0.13393639
-0.010984985
0.044642743
0.026361236
""
""
""
""
""
""
""
""
""
""
""
""
""
""
0.18437232
-0.0040085926
""
-0.023210395
""
""
""
""
""
""
""
""
""
""
""
""
""
""
-0.050488625
""
""
""
-0.023296224
0.0034017144
""
-0.0039576404
0.039961159
0.087182134
-0.010920407
-0.038795359
""
0.0047036754
0.076913625
0.040234171
""
0.021722142
""
""
""
""
""
""
0.22558355
0.083249822
-0.028829457
0.040553987
""
0.027249433
""
0.0087444261
""
""
0.035288561
0.097351767
""
-0.0515403
-0.051247872
-0.055562206
""
""
""
""
""
""
""
""
""
""
""
""
0.060175825
""
-0.035477061
""
0.013854238
""
""
""
-0.021242362
""
""
""
-0.0076330197
0.081820279
0.019009648
""
-0.030777035
0.20388301
0.029376911
0.028885363
""
-0.081559844
0.087289751
-0.024999097
-0.019748764
""
""
""
""
""
""
-0.013133759
0.0023563984
0.008772444
0.037572082
0.016560331
-0.023688214
0.046369564
""
""
""
""
""
""
0.032307602
0.028056357
0.017026734
-0.029160472
""
0.28571615
""
""
""
""
0.008662913
-0.051487993
-0.007041561
0.1206723
0.010358146
0.00045934471
""
""
""
""
""
""
""
""
""
-0.055374153
""
""
""
""
""
""
""
""
""
""
""
""
""
""
""
""
""
""
""
""
""
""
""
""
""
""
""
""
""
""
""
""
""
""
""
""
""
""
""
""
""
""
""
""
""
""
""
""
""
""
""
""
""
""
""
""
""
""
""
""
""
""
""
""
""
""
""
""
""
""
""
""
""
""
""
""
""
""
""
""
""
""
""
""
""
""
""
""
""
""
""
""
""
""
""
""
""
""
""
""
""
""
""
""
""
""
""
""
""
""
""
""
""
""
""
""
""
""
""
""
""
""
""
""
""
""
""
""
""
""
""
""
""
""
""
""
""
""
""
""
""
""
""
""
""
""
""
""
""
""
""
""
""
""
""
""
""
""
""
""
""
""
""
""
""
""
""
""
""
""
""
""
""
""
""
""
""
""
""
""
""
""
""
""
""
""
""
""
""
""
""
""
""
""
""
""
""
""
""
""
""
""
""
""
""
""
""
""
""
""
""
""
""
""
""
""
""
""
""
""
""
""
""
""
""
""
""
""
""
""
""
""
""
""
""
""
""
""
""
""
""
""
""
""
""
""
""
""
""
""
""
""
""
""
""
""
""
""
""
""
""
""
""
""
""
""
""
""
""
""
""
""
""
""
""
""
""
""
""
""
""
""
""
""
""
""
""
""
""
""
""
""
""
""
""
""
""
""
""
""
""
""
""
""
""
""
""
""
""
""
""
""
""
""
""
""
""
""
""
""
""
""
""
""
""
""
""
""
""
""
""
""
""
""
""
""
""
""
""
""
""
""
""
""
""
""
""
""
""
""
""
""
""
""
""
""
""
""
""
""
""
""
""
""
""
""
""
""
""
""
""
""
""
""
""
""
""
""
""
""
""
""
""
""
""
""
""
""
""
""
""
""
""
""
""
""
""
""
""
""
""
""
""
""
""
""
""
""
""
""
""
""
""
""
""
""
""
""
""
""
""
""
""
""
""
""
""
""
""
""
""
""
""
""
""
""
""
""
""
""
""
""
""
""
""
""
""
""
""
""
""
""
""
""
""
""
""
""
""
""
""
""
""
""
""
""
""
""
""
""
""
""
""
""
""
""
""
""
""
""
""
""
""
""
""
""
""
""
""
""
""
""
-0.039593678
0.041079927
-0.0045800325
-0.054386046
0.004733887
""
0.062984169
0.06646093
-0.029847462
0.02355016
0.00015825289
0.15218234
0.044255141
0.073506482
0.15825078
0.099185266
0.29040855
-0.081424005
-0.062514439
-0.061233222
0.022630069
-0.14514136
0.041988283
-0.0093223499
0.018018743
-0.057980631
""
""
""
""
""
""
""
""
""
""
""
""
-0.029689521
""
""
""
""
""
""
""
0.015004306
""
""
""
""
""
""
""
""
""
""
""
""
""
""
""
""
""
""
""
""
""
0.1123872
""
""
0.069661573
""
""
""
""
""
""
""
""
""
""
""
""
""
""
""
""
""
""
""
""
""
""
""
""
""
""
""
""
""
""
""
""
""
""
""
""
""
""
""
""
""
""
""
""
""
""
""
""
""
""
""
""
""
""
""
""
""
""
""
""
""
""
""
""
""
""
""
""
""
""
""
""
""
0.070283756
0.0061282767
""
""
""
""
0.09035185
""
0.18603203
""
-0.01452638
-0.079866417
""
""
""
""
""
""
0.012878371
-0.045958199
""
""
""
""
""
""
""
""
""
""
""
""
""
""
""
""
""
""
0.13428049
""
""
""
""
""
""
""
""
""
""
""
""
""
""
""
""
""
""
""
""
""
""
""
""
""
""
""
""
""
""
""
""
""
""
""
""
""
""
""
""
""
""
""
""
""
""
""
""
""
""
""
""
""
""
""
""
""
""
""
""
""
""
""
""
""
""
""
""
""
""
""
""
""
""
""
""
""
""
0.087716483
-0.0071273241
""
""
""
""
""
""
""
""
""
""
""
""
""
""
""
""
""
""
""
""
""
""
""
""
""
""
""
""
""
""
""
""
""
""
""
""
""
""
""
""
""
""
""
""
""
""
""
""
""
""
""
""
""
""
""
""
""
""
""
""
""
""
""
""
""
""
""
""
""
""
""
""
""
""
""
""
""
""
""
""
""
""
""
""
""
""
""
""
""
""
""
""
""
""
""
""
""
""
""
""
""
""
""
""
""
""
""
""
""
""
""
""
""
""
""
""
""
""
""
""
""
""
""
""
""
""
""
""
""
""
""
""
""
""
""
""
""
""
""
""
""
""
""
""
""
""
""
""
""
""
""
""
""
""
""
""
""
""
""
""
""
""
""
""
""
""
""
""
""
""
""
""
""
""
""
""
""
""
""
""
""
0.087853208
""
0.14942446
""
""
""
""
""
""
""
""
""
""
""
""
""
0.029947607
""
0.015274623
""
""
""
""
""
""
""
""
""
""
-0.052267432
""
""
""
""
""
""
""
""
""
""
""
""
""
""
0.011829262
0.19108513
""
""
0.20972688
""
-0.083829723
-0.21846156
""
""
""
""
""
""
""
""
""
""
""
""
0.061209995
""
""
""
""
""
""
""
""
""
""
""
""
0.0056044925
""
""
""
""
""
""
""
""
""
""
""
""
""
""
""
""
""
""
""
""
""
""
""
""
""
""
""
""
""
""
""
""
""
""
""
""
""
""
""
""
""
""
""
""
""
""
""
""
""
""
""
""
""
""
""
""
""
""
""
""
""
""
""
""
""
""
""
""
""
""
""
""
""
""
""
""
""
""
""
""
""
""
""
""
""
""
""
""
""
""
""
""
""
""
""
""
""
""
""
""
""
""
""
""
""
""
""
""
0.091620795
""
""
""
""
""
""
""
""
""
""
""
""
""
""
""
""
""
""
""
""
""
""
""
-0.011228353
0.14757481
""
""
0.47557008
0.1464801
-0.017498054
0.0094554909
-0.024812087
0.015276373
""
""
""
""
0.11046878
""
""
""
""
-0.14948982
""
""
""
""
""
""
""
""
""
0.22327392
""
""
-0.22785844
""
""
""
""
""
""
""
""
""
""
""
""
""
""
""
""
""
""
""
""
""
""
""
""
""
""
""
""
""
""
""
""
""
""
""
""
""
""
""
""
""
""
""
""
""
""
""
""
""
""
""
""
""
""
""
""
""
""
""
""
""
""
""
""
""
""
""
""
""
""
""
""
""
""
""
""
""
""
""
""
""
""
""
""
""
""
""
""
""
""
0.19069591
0.77500165
""
""
""
""
""
""
""
""
""
""
""
""
""
""
""
""
""
""
""
""
""
""
""
""
""
""
""
""
""
""
""
""
""
""
""
""
""
""
""
""
""
""
""
""
""
""
""
""
""
""
""
""
""
""
""
""
""
""
""
""
""
""
""
""
""
""
""
""
""
""
""
""
""
""
""
""
""
""
""
""
""
""
""
""
""
""
""
""
""
""
""
""
""
""
""
""
""
""
-0.074214593
""
""
0.25034803
""
""
""
""
""
""
""
""
""
""
""
""
""
""
""
""
""
""
""
""
""
""
""
""
""
""
""
""
""
""
""
""
""
""
""
""
""
""
""
""
""
""
""
""
""
""
""
""
""
""
""
""
""
""
""
""
""
""
""
""
""
""
""
""
""
""
""
""
""
""
""
""
""
""
""
""
""
""
""
""
""
""
""
""
""
""
""
""
""
""
""
""
""
""
""
""
""
""
""
""
""
""
""
""
""
""
""
""
""
""
""
""
""
""
""
""
""
""
""
""
""
""
""
""
""
""
""
""
""
""
""
""
""
""
""
""
""
""
""
""
""
""
""
""
""
""
""
""
""
""
""
""
""
""
""
""
""
""
""
""
""
""
""
""
""
""
""
""
""
""
""
""
""
""
""
""
""
""
""
""
""
""
""
""
""
""
""
""
""
""
""
""
""
""
""
""
""
""
""
""
""
""
""
""
""
""
""
""
""
""
""
""
""
""
""
""
""
""
""
""
""
""
""
""
""
""
""
""
""
""
""
""
""
""
""
""
""
""
""
""
""
""
""
""
""
""
-0.07857009
0.095613629
0.022626165
-0.088886946
0.026374254
-0.077316567
-0.040675595
0.020946234
0.088410452
-0.0085019162
-0.12027071
-0.0037287271
-0.022430098
""
""
""
""
""
""
""
""
""
""
""
""
""
""
""
""
""
""
""
9.0469352e-05
""
""
""
""
""
""
0.097112872
""
""
""
0.029659506
""
""
""
""
""
""
""
""
-0.022405108
""
""
""
""
""
""
""
""
""
""
-0.10465045
""
""
""
""
0.027193721
""
""
""
""
""
-0.056840226
-0.0079981526
""
""
""
""
""
0.07497514
""
""
""
""
""
""
""
""
""
""
""
""
""
""
""
0.093051106
""
""
""
""
""
""
""
""
""
""
""
""
""
""
""
""
""
""
""
""
""
""
""
""
""
""
""
""
-0.030170718
0.038533751
0.1200719
0.24448459
0.31706992
-0.10049994
""
""
""
""
""
""
""
""
""
""
""
""
""
""
""
""
""
""
""
""
""
""
""
""
""
0.051156398
0.075636998
-0.11911714
0.051106546
-0.025445612
-0.04683714
0.084452704
0.1542028
-0.15717892
-0.080151029
0.020365709
""
0.093336008
-0.0045823161
0.063112944
-0.013038674
-0.039939724
0.077242211
0.0041092443
0.0084759071
0.020840432
""
""
""
""
""
""
""
""
""
""
""
""
""
""
""
""
0.27342319
""
""
""
0.28992894
""
""
""
""
""
""
""
""
""
""
""
""
""
""
""
""
""
""
""
""
""
-0.029409269
""
""
""
""
""
""
""
""
0.055453364
0.02517903
0.064864703
0.13995641
""
""
""
""
""
""
""
""
""
""
""
""
""
""
""
""
""
""
""
""
""
""
""
""
""
""
""
""
""
""
""
""
""
""
""
""
""
""
""
""
""
""
""
""
""
""
""
""
""
""
""
""
""
""
""
""
""
""
""
""
""
""
""
""
""
""
""
""
""
""
""
""
""
""
""
""
""
""
""
""
""
""
""
""
""
""
""
""
""
""
""
""
""
""
-0.091656402
""
""
0.045927316
""
""
""
""
""
""
""
""
""
""
""
""
""
""
""
""
""
""
""
""
""
""
""
""
""
""
""
""
""
""
""
""
""
""
""
""
""
""
""
""
""
""
""
""
""
""
""
""
""
""
""
""
""
""
""
""
""
""
""
""
""
""
""
""
""
""
""
""
""
""
""
""
""
""
""
""
""
""
""
""
""
""
""
""
""
""
""
""
""
""
-0.042932447
""
0.038517531
""
""
-0.04875363
-0.0026727519
""
""
""
""
""
""
0.084054656
""
0.0041304482
""
""
-0.0077565024
0.044897579
0.011758305
""
""
""
""
""
""
0.13003246
""
""
""
""
""
""
""
""
""
""
""
""
""
""
""
""
""
""
""
""
""
""
""
""
""
""
""
""
""
""
""
""
""
0.0083589321
""
""
""
""
""
""
""
""
""
""
""
""
""
""
""
""
""
""
""
""
""
""
""
""
""
""
""
""
""
""
""
""
""
""
""
""
""
""
""
""
""
""
""
""
""
""
""
""
""
""
""
""
""
""
""
""
""
""
""
""
""
""
""
""
""
""
""
""
""
""
0.10278721
""
""
""
""
""
""
""
""
""
""
""
""
""
""
""
""
""
""
""
""
""
""
""
""
""
""
""
""
""
""
""
""
""
""
""
""
""
""
""
""
""
""
""
""
""
""
""
""
""
""
""
""
""
""
""
""
""
""
""
""
""
""
""
""
""
""
""
""
""
""
""
""
""
""
""
""
""
""
""
""
""
""
""
""
""
""
""
""
""
""
""
""
""
""
""
""
""
""
""
""
""
""
""
""
""
""
""
""
""
""
""
""
""
""
-0.030142915
""
""
-0.04119968
-0.033969637
0.0058561265
-0.0035068993
""
-0.036289662
-0.010009338
""
0.027737064
0.079450756
""
-0.028289048
0.030197749
""
-0.067263067
""
""
""
""
""
""
""
""
""
""
""
""
""
""
""
""
""
""
""
""
""
""
""
""
""
""
""
""
""
""
""
""
""
""
""
""
""
""
""
""
""
""
0.1896987
""
""
""
""
""
""
""
""
""
""
""
""
""
""
""
""
""
""
""
""
""
""
""
""
""
""
""
""
""
""
""
""
""
""
""
""
""
""
""
""
""
""
""
""
""
""
""
""
""
""
""
""
""
""
""
""
""
""
""
""
""
""
""
""
""
""
""
""
""
""
""
""
""
""
""
""
""
""
""
""
""
""
""
""
""
""
""
""
""
""
""
-0.020719821
""
""
""
""
""
""
""
""
""
""
""
""
""
""
""
""
""
""
""
""
""
""
""
""
""
""
""
""
""
""
""
""
""
""
""
""
""
""
""
""
""
""
""
""
""
""
""
""
""
""
""
""
""
""
""
""
""
""
""
""
""
""
""
""
""
""
""
""
""
""
""
""
""
""
""
""
""
""
""
""
""
""
""
""
""
""
-0.0079812417
""
0.28099048
""
""
""
""
""
""
""
""
""
0.14751968
-0.010454516
""
""
0.34096217
-0.034843683
0.033295341
-0.11322457
""
""
""
""
""
""
""
""
""
""
""
""
""
0.10784088
0.080571197
0.049422063
0.16608365
0.051190495
-0.11052974
-0.083542697
""
""
""
""
0.075969152
0.056206129
-0.012050262
0.10142237
0.10096622
0.20153269
0.10531247
0.098174378
0.0016043503
""
""
""
""
""
""
""
""
""
""
""
""
""
""
""
""
""
""
""
""
""
""
""
""
""
""
""
""
""
""
""
""
""
""
""
""
""
""
""
""
""
""
""
""
""
""
""
""
""
""
""
""
""
""
""
""
""
""
""
0.085325763
0.033194162
0.11090921
-0.013333032
-0.14333074
""
""
""
""
""
""
""
""
""
0.15205012
0.14137366
0.013459763
0.0049992213
-0.0062833214
0.021636266
0.11280368
0.014359946
-0.033928536
0.069139153
""
0.012139635
""
0.0095548052
0.059233919
-0.0243215
0.092843182
0.057397477
-0.019957179
-0.030941552
""
""
""
0.010017824
0.035780709
-0.0095687835
0.03187215
0.096563458
0.0041771578
""
""
""
""
0.058404986
""
""
""
""
""
""
""
""
""
""
""
""
""
0.088622026
""
0.099713065
""
""
""
""
""
""
""
""
""
""
""
""
""
""
""
""
""
""
""
""
""
""
""
""
""
""
""
""
""
""
""
""
""
""
""
""
""
""
""
""
""
""
""
""
""
""
0.33160976
""
""
""
""
0.063339181
0.033928286
""
""
""
""
""
""
0.10115523
""
""
""
""
""
""
""
""
""
""
""
""
""
""
""
""
""
""
""
""
""
0.04485267
0.033808943
""
""
0.098409332
""
""
""
""
""
""
""
""
""
""
""
""
""
""
""
""
""
""
""
""
""
""
""
""
""
""
""
""
""
""
""
""
""
""
""
""
""
""
""
""
""
""
""
""
""
""
""
""
""
""
""
""
""
""
""
""
""
""
""
""
""
""
""
""
""
""
""
""
""
""
""
""
""
""
""
""
""
""
""
""
""
""
""
""
""
""
""
""
""
""
""
""
""
""
""
""
""
""
""
""
""
""
""
""
""
""
""
""
""
""
""
""
""
""
""
""
""
""
""
""
""
""
""
""
""
""
""
""
""
""
""
""
""
""
""
""
""
""
""
""
""
""
""
""
""
""
""
""
""
""
""
""
""
""
""
""
""
""
""
""
""
""
""
""
""
""
""
""
""
""
""
""
""
""
""
""
""
""
""
""
""
""
""
""
""
""
""
""
""
""
""
""
""
""
""
""
""
""
""
""
""
""
""
""
""
""
""
""
""
""
""
""
""
""
""
""
""
""
""
""
""
""
""
""
""
""
""
""
""
""
""
""
""
""
""
""
""
""
""
""
""
""
""
""
""
""
""
""
""
""
""
""
""
""
""
""
""
""
""
""
""
""
""
""
""
""
""
""
""
""
""
""
""
""
""
""
""
""
""
""
""
""
""
""
""
""
""
""
""
""
""
""
""
""
""
""
""
""
""
""
""
""
""
""
""
""
""
""
""
""
""
""
""
""
""
""
""
""
0.37244144
0.19170627
0.20398456
""
-0.090926036
0.089953601
0.26410016
""
""
-0.015663188
-0.041246168
-0.1799157
""
0.067481451
0.017350214
""
""
""
""
""
""
""
""
""
""
""
""
""
""
""
""
""
""
""
""
""
""
""
""
""
""
""
""
""
""
""
""
""
""
""
""
""
""
""
""
""
""
""
""
""
""
""
""
""
""
""
""
""
""
""
""
""
""
""
""
""
""
""
""
""
""
""
""
""
""
""
""
""
""
""
""
""
""
""
""
""
""
""
""
""
""
""
""
""
""
""
""
""
""
""
""
""
""
""
""
""
""
""
""
""
""
""
""
""
""
""
""
""
""
""
""
""
""
""
""
""
""
""
""
""
""
""
""
""
""
""
""
""
""
""
""
""
""
""
""
""
""
""
""
""
""
""
0.0048760166
-0.015059701
-0.014311905
0.058174044
-0.012839911
0.056632094
-0.040429227
0.020497853
""
""
0.011072653
0.016662017
-0.013412791
0.029768519
-0.001259728
0.0070287869
-0.029909944
-0.010822774
0.04517277
0.047967549
0.005995871
-0.021945739
-0.0159557
-0.010625578
-0.022668723
""
0.02819499
-0.061409973
-0.01903029
0.024668714
0.047462713
""
""
""
""
""
""
""
""
""
""
""
""
""
""
""
""
""
""
-0.0039850306
0.017497627
-0.019867815
-0.0033628184
""
""
""
""
""
""
""
""
""
""
0.031061424
""
""
""
""
""
""
""
""
""
""
""
""
""
""
""
""
""
""
""
""
""
""
""
""
""
""
""
0.019599782
0.045096513
0.056930006
""
""
""
""
-0.0072936569
""
""
""
""
""
""
0.011546146
""
-0.0053277151
0.017069895
-0.030516034
-0.013997549
-0.053980056
0.058588408
""
""
""
""
0.019965196
0.023492515
""
-0.012879148
""
""
""
""
""
""
0.060050577
""
-0.021681637
""
0.33805478
""
""
""
""
""
""
""
0.025300352
""
""
""
""
""
""
""
""
""
""
""
""
""
""
""
""
""
""
""
""
""
""
""
""
""
""
""
""
""
""
""
""
""
""
""
""
""
""
""
""
""
""
""
""
""
""
""
""
""
""
""
""
""
""
""
""
""
""
""
""
""
""
""
""
""
""
""
""
""
""
""
""
""
""
""
""
""
""
""
""
""
""
""
""
""
""
""
""
""
""
""
""
""
""
""
""
""
""
""
""
""
""
""
""
""
""
""
""
""
""
""
""
""
""
""
""
""
""
""
""
""
""
""
""
""
""
""
""
""
""
""
""
""
""
""
""
""
""
""
""
""
""
""
""
""
""
""
""
""
""
""
""
""
""
""
""
""
""
""
""
""
""
""
""
""
""
""
""
""
""
""
""
""
""
""
""
""
""
""
""
""
""
""
""
""
""
""
""
""
0.12204257
0.0088964282
""
""
-0.016901962
""
""
""
-0.026420942
""
""
""
""
""
""
""
""
""
""
""
""
""
""
""
""
""
""
""
""
""
""
""
""
""
""
""
""
""
""
""
""
""
""
""
""
""
""
""
""
""
""
""
""
""
""
""
""
""
""
""
""
""
""
""
""
""
""
""
""
""
""
""
""
""
""
""
""
""
""
""
""
""
""
""
""
""
""
""
""
""
""
""
""
""
""
""
""
""
""
""
""
""
""
""
""
""
""
""
""
""
""
""
""
""
""
""
""
""
""
""
""
""
""
""
""
""
""
""
""
""
""
""
""
""
""
""
""
""
""
""
""
""
""
""
""
""
""
""
""
""
""
""
""
""
""
""
""
""
""
""
""
""
""
""
""
""
""
""
""
""
""
""
""
""
""
""
""
""
""
""
""
""
""
""
""
""
""
""
""
""
""
""
""
""
""
""
""
""
""
""
""
-0.019372128
""
""
""
""
""
""
""
""
""
""
""
""
""
""
""
""
""
""
""
""
""
""
""
""
""
""
""
""
""
""
""
""
""
""
""
""
""
""
""
""
""
""
""
""
""
""
""
""
""
""
""
""
""
""
""
""
""
""
""
""
""
""
""
""
""
""
""
""
""
""
""
""
""
""
""
""
""
""
""
""
""
""
""
""
""
""
""
""
""
""
""
""
""
""
""
""
-0.032602098
""
""
""
""
""
""
""
""
""
""
""
""
""
""
""
""
""
""
""
""
""
""
""
""
""
""
""
""
""
""
""
""
""
""
""
""
""
""
""
""
""
""
""
""
""
""
""
""
""
""
""
""
""
""
""
""
""
""
""
""
""
""
""
""
""
""
""
""
""
""
""
""
""
""
""
""
""
""
""
""
""
""
""
""
""
""
""
""
""
""
""
""
""
""
""
""
""
""
""
""
""
""
""
""
""
""
""
""
""
""
""
""
""
""
""
""
""
""
""
""
""
""
""
""
""
""
""
""
""
""
""
""
""
""
""
""
""
""
""
""
""
""
""
""
""
""
""
""
""
""
""
""
""
""
""
""
""
""
""
""
""
""
""
""
""
""
""
""
""
""
""
""
""
""
""
""
""
""
""
""
""
""
""
""
""
""
""
""
""
""
""
""
""
""
""
""
""
""
""
""
""
""
""
""
""
""
""
""
""
""
""
""
""
""
""
""
""
""
""
""
""
""
""
""
""
""
""
""
""
""
""
""
""
""
""
""
""
""
""
""
""
""
""
""
""
""
""
""
""
""
""
""
""
""
""
""
""
""
""
""
""
""
""
""
""
""
""
""
""
""
""
""
""
""
""
""
""
""
""
""
""
""
""
""
""
""
""
""
""
""
""
""
""
""
""
""
""
""
""
""
""
""
""
""
""
""
""
""
""
""
""
""
""
""
""
""
""
""
""
""
""
""
""
0.0030969931
""
""
""
""
""
""
""
""
""
""
""
""
""
""
""
""
""
""
""
""
""
""
""
""
""
""
""
""
""
""
""
""
""
""
""
""
""
""
""
""
""
""
""
""
""
""
""
""
""
""
""
""
""
""
""
""
""
""
""
""
""
""
""
""
""
""
""
""
""
""
""
""
""
""
""
""
""
""
""
""
""
""
""
""
""
""
-0.05563812
""
""
""
""
""
""
""
""
""
""
""
""
""
""
""
""
""
""
""
""
""
""
""
""
""
""
""
""
""
""
""
""
""
""
-0.021225087
-0.03696854
""
""
""
""
""
""
""
""
""
""
-0.075332478
""
-0.018721707
""
""
""
""
""
""
""
""
-0.024436869
""
""
""
""
""
""
""
""
""
""
""
""
""
""
""
""
""
""
""
""
""
""
""
""
""
""
""
""
""
""
""
""
""
""
""
""
""
""
""
""
""
""
""
""
""
""
""
""
""
""
""
""
""
""
""
""
""
""
""
""
""
""
""
""
""
""
""
""
""
""
""
""
""
""
""
""
""
""
""
""
-0.0067309332
""
""
""
""
""
""
""
""
""
""
""
""
""
""
""
""
""
""
""
""
""
""
""
""
""
""
""
""
""
""
""
""
""
""
""
""
""
""
""
""
""
""
""
""
""
""
""
""
""
""
""
""
""
""
""
""
""
""
""
""
""
""
""
""
""
""
""
""
""
""
""
""
""
""
""
""
""
""
""
""
""
""
""
""
""
""
""
""
""
""
""
""
""
""
""
""
""
""
""
""
""
""
""
""
""
""
""
""
""
""
""
""
""
""
""
""
""
""
""
""
""
""
""
""
""
""
""
""
""
""
""
""
""
""
""
""
""
""
""
""
""
""
""
""
""
""
""
""
""
""
""
""
""
""
""
""
""
""
""
""
""
""
""
""
""
""
""
""
""
""
""
""
""
""
""
""
""
""
""
""
""
""
""
""
""
""
""
""
""
""
""
""
""
""
""
""
""
""
""
0.057790402
""
""
""
""
""
""
""
""
""
0.0037893227
""
""
""
""
""
""
""
-0.008036064
""
""
""
""
""
""
""
""
""
""
""
""
""
""
""
""
""
""
""
""
""
""
""
""
""
""
""
""
""
""
""
""
""
""
""
0.0082089435
""
""
""
""
""
""
""
""
""
""
""
""
""
""
""
""
""
""
""
""
""
""
""
""
""
""
""
""
""
""
""
""
""
""
""
""
""
""
""
""
""
""
""
""
""
""
""
""
""
""
""
""
""
""
""
""
""
""
""
""
""
""
""
""
""
""
""
""
""
""
""
""
""
""
""
""
""
""
""
""
""
""
""
""
""
""
""
""
""
""
""
""
""
""
""
""
""
""
""
""
""
""
""
""
""
""
""
""
""
""
""
""
""
""
""
""
""
""
""
""
""
""
""
""
""
""
""
""
""
""
""
""
""
""
""
""
""
""
""
""
""
""
""
""
""
""
""
""
""
""
""
""
""
""
""
""
""
""
""
""
""
""
""
""
""
""
""
""
""
""
""
""
""
""
""
""
""
""
""
""
""
""
""
""
""
""
""
""
""
""
""
""
""
""
""
""
""
""
""
""
""
""
""
""
""
""
""
""
""
""
""
""
""
""
""
""
""
""
""
""
""
""
""
""
""
""
""
""
""
""
""
""
""
""
""
""
""
""
""
""
""
""
""
""
""
""
""
""
""
""
""
""
""
""
""
""
""
""
""
""
""
""
""
""
""
""
""
""
""
""
""
""
""
""
""
""
""
-0.051793639
""
""
""
""
""
""
""
""
""
""
""
""
""
""
""
""
""
""
""
""
""
""
""
""
""
""
""
""
""
""
""
""
""
""
""
""
""
""
""
""
""
0.012782744
-0.015876848
""
""
""
""
""
""
""
""
""
""
""
""
""
""
""
""
""
""
""
""
""
""
""
""
""
""
""
""
""
""
""
""
""
""
""
""
""
""
""
""
""
""
""
""
""
""
""
""
""
""
0.031551175
""
""
-0.053132202
""
""
""
""
""
""
""
""
""
""
""
""
""
""
""
""
""
""
""
""
""
""
""
""
""
""
""
""
""
""
""
""
""
""
""
""
""
""
""
""
""
""
""
""
""
""
""
""
""
""
""
""
""
""
""
""
""
""
""
""
""
""
""
""
""
""
""
""
""
""
""
""
""
""
""
""
""
""
""
""
""
""
""
""
""
""
""
""
""
""
""
""
""
""
""
""
""
""
""
""
""
""
""
""
""
""
""
""
""
""
""
""
""
""
""
""
""
""
""
""
""
""
""
""
""
""
""
""
""
""
""
""
""
""
""
""
""
""
""
""
""
""
""
""
""
""
""
""
""
""
""
""
""
""
""
""
""
""
""
""
""
""
""
""
""
""
""
""
""
""
""
""
""
""
""
""
""
""
""
""
""
""
""
""
""
""
""
""
""
""
""
""
""
""
""
""
""
""
""
""
""
""
""
""
""
""
""
""
""
""
""
""
""
""
""
""
""
""
""
""
""
""
""
""
""
""
""
""
""
""
""
""
""
""
""
""
""
""
""
""
""
""
""
""
""
""
""
""
""
""
""
""
""
""
""
""
""
""
""
""
""
""
""
""
""
""
""
""
""
""
""
""
""
""
""
""
""
""
""
""
""
""
""
""
""
""
""
""
""
""
""
""
""
""
""
""
""
""
""
""
""
""
""
""
""
""
""
""
""
""
""
""
""
""
""
""
""
""
""
""
""
""
""
""
""
""
""
""
""
""
""
""
""
""
""
""
""
""
""
""
""
""
""
""
""
""
""
""
""
""
""
""
""
""
""
""
""
""
""
""
""
""
""
""
""
""
""
""
""
""
""
""
""
""
""
""
""
""
""
""
""
""
""
""
""
""
""
""
""
""
""
""
""
""
""
""
""
""
""
""
""
""
""
""
""
""
""
""
""
""
""
""
""
""
""
""
""
""
""
""
""
""
""
""
""
""
""
""
""
""
""
""
""
""
""
0.02201505
""
""
""
""
""
""
""
""
""
""
""
""
""
""
""
""
""
""
""
""
""
""
""
""
""
""
""
""
""
""
""
""
""
""
""
""
""
""
""
""
""
""
""
""
""
""
""
""
""
""
""
""
""
""
""
""
""
""
""
""
""
""
""
""
""
""
""
""
""
""
""
""
""
""
""
""
""
""
""
""
""
""
""
""
""
""
""
""
""
""
""
""
""
""
""
""
""
""
""
""
""
""
""
""
-0.085588753
0.019092856
0.10798612
0.047167581
""
""
-0.043831956
-0.045369927
0.0073483801
""
-0.015616289
""
""
""
""
""
""
""
""
""
""
""
-0.0098105166
""
""
""
""
""
""
""
""
""
""
""
""
""
""
""
""
""
""
""
""
""
""
""
""
""
""
""
""
""
""
""
""
""
""
""
""
""
""
""
""
""
""
""
""
""
""
""
""
""
""
""
""
""
""
""
""
""
""
""
""
""
""
""
""
""
""
""
""
""
""
""
""
""
""
""
""
""
""
""
""
""
""
""
""
""
""
""
""
""
""
""
""
""
""
""
""
""
""
""
""
""
""
""
""
""
""
""
""
""
""
""
""
""
""
""
""
""
""
""
""
""
""
""
""
""
""
""
""
""
""
""
""
""
""
""
""
""
""
""
""
""
""
""
""
""
""
""
""
""
""
""
""
""
""
""
""
""
""
""
""
""
""
""
""
""
""
""
""
""
""
""
""
""
""
""
""
""
""
""
""
""
""
""
""
""
""
""
""
""
""
""
""
""
""
""
""
""
""
""
""
""
""
""
""
""
""
""
""
""
""
""
""
""
""
""
""
""
""
""
""
""
""
""
""
""
""
""
""
0.085643925
0.01782364
""
""
""
""
""
""
""
""
""
""
""
""
""
""
""
""
""
-0.0090020355
""
0.026518641
""
""
0.0016311243
""
""
""
""
""
""
""
""
""
""
""
""
""
0.082721911
""
""
""
""
""
""
""
""
""
""
""
""
""
""
""
""
""
""
""
""
""
""
""
""
""
""
""
""
""
""
""
""
""
""
""
""
""
""
""
""
""
""
""
""
""
""
""
""
""
""
""
""
""
""
""
""
""
""
""
""
""
""
""
""
""
""
""
""
""
""
""
""
""
""
""
""
""
""
0.017536988
""
""
""
""
""
""
""
""
""
""
""
""
""
""
""
""
""
""
""
""
""
""
""
""
""
""
""
""
""
""
""
""
""
""
""
""
""
""
""
""
""
""
""
""
""
""
""
""
""
""
""
""
""
""
""
""
""
""
""
""
""
""
""
""
""
""
""
""
""
""
""
""
""
""
""
""
""
""
""
""
""
""
""
""
""
""
""
""
""
""
""
""
""
""
""
""
""
""
""
""
""
""
""
""
""
""
""
""
""
""
""
""
""
""
-0.012928396
""
""
""
""
""
""
""
""
""
""
""
""
""
""
""
""
""
""
""
""
""
""
""
""
""
""
""
""
""
""
""
""
""
""
""
""
""
""
""
""
""
""
""
""
""
""
""
""
""
""
""
""
""
""
""
""
""
""
""
""
""
""
""
""
""
""
""
""
""
""
""
""
""
""
""
""
""
""
""
""
""
""
""
""
""
""
""
""
""
""
""
""
""
""
""
""
""
""
""
""
""
""
""
""
""
""
""
""
""
""
""
-0.019554161
""
""
""
""
""
""
""
""
0.0031785257
""
""
""
""
""
""
""
""
""
""
""
""
""
""
""
""
""
""
""
""
""
""
""
""
0.07869377
-0.053133313
0.40171024
-0.25131577
-0.15576659
""
""
""
0.10949074
-0.0095817335
-0.058253899
0.15827568
""
""
0.016406573
-0.13557121
-0.0367672
0.014923093
0.083988063
-0.01053932
-0.0041810516
-0.015331864
0.053157084
""
0.019176438
0.023448274
-0.060780909
""
""
0.14533469
""
-0.0038730339
-0.022417409
0.3029682
""
""
""
""
0.017901819
0.0046005459
0.004830624
0.013501296
-0.093220994
0.023269691
0.089496791
0.026015356
-0.00016770896
-0.074706674
-0.04611513
""
""
0.082876995
0.010930407
0.031944197
0.064378396
""
0.039111521
""
0.04265324
-0.016922927
-0.00452027
-0.011367495
0.079498664
-0.013272189
0.0064837993
0.015224749
0.0046780934
0.073343836
0.1190961
-0.033749308
""
0.044356372
-0.016844999
0.045819379
0.00090875599
-0.069688611
-0.070166737
""
-0.1237126
0.034659799
0.0046610134
0.015592373
-0.02425793
0.0027286829
0.093975089
0.20661633
0.033665877
-0.035423696
-0.024915259
-0.016864004
""
0.0055022254
0.017812787
0.012743901
""
-0.078600459
-0.039306965
-0.064231634
-0.017702857
-0.083856918
0.030959461
0.10509095
0.050281052
-0.024572734
0.13873097
0.1003679
0.0019957495
0.030875273
-0.055333566
0.045110926
0.011205706
0.020716975
0.03896454
""
-0.0048022601
-0.050364941
""
0.065417118
0.0036198543
-0.044860207
0.086876079
0.16473749
-0.011289631
0.004152149
""
""
-0.11166857
-0.053061079
0.09728574
0.044166677
""
0.065564536
""
-0.081688792
0.14323333
""
""
0.027476065
""
0.020966006
-0.01370791
0.012315637
0.026121544
0.35301089
0.13262409
-0.078006551
-0.08286994
-0.0036046237
0.023676464
0.017349027
-0.0041300347
-0.028275454
0.0070980703
-0.0091321701
0.018885463
-0.019356703
-0.030466648
0.0048825727
-0.0047058235
0.027032143
-0.010969316
-0.0022578451
0.029157026
-0.009662332
-0.020975759
0.04344533
0.0093551995
-0.0060106949
0.015264589
0.073571332
0.019708164
0.016330412
-0.0072749937
0.033839811
0.018396214
0.013034565
0.015281399
0.016666381
0.021428332
-0.0082574794
0.0078234915
0.032438081
0.038995959
0.021131324
0.0087811435
0.0084805451
-0.0037644384
0.019846346
0.016987279
0.063466586
0.069708586
0.0061875237
0.0063809385
-0.0052578733
0.032153327
-0.007987652
0.0035900269
0.039494291
-0.013694084
-0.094451465
0.022755085
0.03833057
-0.070082836
-0.014150229
""
""
""
""
0.23811164
-0.021144118
-0.010208996
0.068774022
-0.0093793683
0.23801966
0.021165913
-0.050571628
0.0044622319
0.023091665
0.1587414
0.049866654
0.052210841
-0.0052958475
-0.0302484
0.039993826
0.0081763081
0.042882703
0.015127056
0.0008889414
-0.026121637
-0.040198185
0.05212988
0.020455351
-0.010667942
-0.03072143
""
0.016515248
-0.085323483
0.013395645
0.0092538232
""
0.00093618938
0.012163853
0.078875914
0.031461641
0.027546532
0.022054275
0.020275729
0.0038956234
0.033347376
0.041477781
-0.013953842
0.05162026
0.020344544
-0.024831412
-0.007430729
-0.0044445326
-0.011158152
0.036198597
0.020134723
-0.029111069
0.017170109
0.00012257921
-0.0027050707
-0.00094384316
-0.0065688035
-0.016426336
-0.035161357
0.020619418
0.0059436397
-0.045372151
-0.00046409335
0.0084722387
-0.024113517
0.019716531
0.022378923
0.047808126
-0.0080660265
0.06587217
0.014300663
0.010686649
0.0433672
0.17748812
0.034624476
0.0093753906
0.0048309634
0.097585633
-0.022886811
0.0079127066
-0.0015565774
-0.024041854
0.013053869
0.022848992
-0.0035337778
0.023564076
0.013214809
0.013241106
-0.0034490181
-0.0030313188
-0.051593058
0.0024494426
0.018115282
0.040677339
-0.08897835
0.0068034357
0.039547823
-0.0045687039
-0.03627988
-0.05933024
-0.027582264
0.15995894
-0.052250989
-0.013387277
-0.061910708
-0.0016225453
-0.0097950902
0.036698263
0.048894964
0.021678867
-0.011751208
0.0062704501
-0.010300534
-0.010389498
0.027935673
0.001092069
0.060026653
0.005674534
0.06592796
-0.0003457735
0.053078368
-0.003455366
0.086203739
0.018220598
0.042324733
0.02308625
-0.009872837
0.11576454
-0.016428269
0.027180761
0.039725039
-0.0042462624
0.0025241098
0.079601735
-0.0035044039
0.020011803
0.011140337
0.063294724
0.013327743
-0.053741608
-0.0012489507
0.01848316
0.02584313
-0.039701764
0.013343145
0.053017434
0.0029245864
-0.063094422
0.021895144
""
""
-0.0082584163
0.036435444
-0.0073333737
0.012120653
0.030760337
0.0092254831
0.036103282
-0.043632668
0.032643795
0.023438307
-0.0070626866
-0.0054276409
0.019892333
-0.0090366406
0.0062564714
-0.0043208739
0.018426089
0.0053759017
-0.0045485236
-0.002685769
-0.036120292
0.0041075922
0.033849034
0.031279493
0.010916919
0.00089501694
-0.016411487
0.00082582468
-0.018482368
0.0040786411
0.017280366
0.0076713869
0.0137529
-0.0068866643
0.012969606
0.012852145
-0.004934927
0.018891418
0.026916716
0.032487322
0.027449265
-0.0033649371
0.032355472
0.0041848421
-0.003042798
0.018590908
-0.0044435053
0.0095472205
0.012634489
-0.0015994116
0.00046713965
0.01605887
0.11990311
0.03975343
0.0057424204
""
0.0066385646
0.013393415
0.056545392
0.039802238
0.0065395012
0.005541841
-0.032557312
-0.039283555
0.0097604003
0.0033100836
-0.009913723
0.019295007
""
-0.018099098
0.013381215
0.026870562
-0.030237891
-0.022776408
0.062335175
0.029300217
0.075678639
0.081196956
-0.0029830406
""
0.064771011
-0.052424766
-0.0037029369
-0.013301273
-0.045023989
0.058596361
9.4622112e-05
0.01208628
0.090643726
0.013730542
0.020209368
-0.023547169
-0.026857784
-0.026608136
-0.0090082865
""
-0.026581267
-0.020367919
0.040320233
0.044960879
-0.014744632
0.0356973
0.12972052
0.03439885
0.0070538078
0.010912445
0.020203391
-0.064788632
0.0029598479
-0.0020942746
-0.0034912508
-0.0097189825
-0.0095758531
-0.025144776
-0.0046362719
-0.020264773
0.011666156
""
0.025484642
0.031217156
0.075765572
0.034674298
0.022087151
""
-0.0049389829
""
""
""
""
""
-0.082450591
0.018722918
-0.068572208
-0.12962335
0.035187323
0.0099427802
0.020558653
0.014674664
0.1751188
-0.0091170501
""
""
""
0.1174051
""
0.10945616
""
0.082419544
""
""
""
-0.011333936
""
""
""
""
""
""
""
""
""
""
""
""
""
""
""
""
""
""
""
""
-0.001667456
-0.032232232
0.017421857
0.030735334
0.013046658
-0.088188462
0.048233036
0.021866903
0.0033493969
-0.018032851
0.03884048
-0.050613381
0.0052246251
-0.041196272
0.018609246
0.02976016
0.0092734676
-0.0007046723
0.02749688
-0.01410932
-0.063272484
""
0.024320213
-0.010490366
0.0043757786
0.01554983
0.06992618
0.0085965609
0.050145511
-0.019742161
0.00059954042
""
0.084201053
-0.0042859539
""
0.020135751
0.022661442
0.089493312
0.067257591
0.03384557
0.009710202
0.017042363
-0.014776082
-0.010667899
-0.040460922
0.015154774
""
-0.032656331
-0.025800709
-0.019310094
-0.071605399
0.010326225
""
0.014184029
-0.079032354
-0.0052388683
0.072659343
-0.035418205
0.04372067
0.022876289
0.067565843
-0.0065756598
0.0048531541
-0.020715909
-0.00025290501
""
""
""
""
0.055556718
""
""
""
""
""
-0.0031937067
-0.096361622
""
""
""
-0.032346379
""
""
""
""
""
""
""
""
""
""
-0.016403584
0.018432604
-0.062322583
""
0.0057447255
0.011687659
""
""
""
""
-0.14972177
0.046363626
-0.077479713
-0.056604993
-0.088932328
0.09486936
0.0091718072
""
""
-0.094622701
-0.022222029
""
""
0.021992037
""
0.045462489
-0.033192527
0.029522404
""
0.031956062
0.090727441
""
0.096905738
-0.038450405
0.061354686
0.049322177
0.022837466
0.02893642
""
0.046610281
-0.00087253615
0.040697407
""
0.043454092
-0.028980989
0.031504348
-0.025986521
""
0.0088808928
0.0064256438
-0.0076193241
0.020984782
0.018531663
0.021666979
-0.0035519544
0.010573397
0.0060502375
-0.0095993532
-0.013069766
-0.020539837
0.036818787
-0.0022562158
0.015653476
-0.053608887
0.0019551057
-0.0040833219
-0.001109806
-0.00093095715
0.0050801942
0.010832412
0.016859591
-0.053052921
0.0087323217
0.0019001104
-0.039471574
0.028062185
0.038586542
-0.035261378
-0.028965743
-0.022152992
0.011970797
-0.027042113
""
-0.0054520383
0.0093063591
-6.1230341e-05
0.070602559
-0.031237334
-0.047393888
-0.0072143902
-0.028323937
-0.051044643
-0.027058028
-0.0074450085
-0.00066406548
0.032208525
0.0076733776
0.001051796
-0.014448772
-0.01448935
0.001642303
0.024669152
-0.0053569647
0.0029445402
-0.024490332
0.033338856
0.01634174
0.063577451
-0.019938897
0.026801571
-5.294157e-05
0.0076946774
-0.0071346667
-0.012575947
-0.080167338
-0.018134804
0.042815056
0.0044314922
0.010210223
-0.059068911
0.0072691934
-0.0021518674
-0.0063511771
0.031873558
0.008354459
-0.025946619
-0.026570398
0.013374758
0.0011314936
0.0066238772
-0.012419987
-0.01564849
""
""
""
""
-0.04255661
""
""
""
""
""
""
""
""
""
""
-0.018963302
0.047918707
0.054903585
0.015719816
""
""
-0.0032243272
0.13384034
""
-0.046094306
""
-0.054810543
-0.13683067
0.12463151
""
""
""
""
""
""
-0.031001853
""
""
""
0.10189058
""
""
-0.0075053792
""
""
""
""
""
-0.11625788
""
""
""
""
-0.017347179
0.054861717
""
0.025995081
0.045097705
""
0.097543225
""
""
""
""
""
""
""
""
""
""
""
""
""
""
""
""
""
""
""
""
""
""
""
""
""
""
""
""
""
0.013779284
""
0.088307604
0.015348765
-0.048166372
0.05574882
0.037230458
-0.032943133
-0.028146405
-0.03384883
0.0032257808
-0.10241438
""
""
0.013339572
0.018880134
-0.027181689
-0.042604133
-0.053077769
0.076395832
""
0.034393433
""
""
""
-0.01230772
""
""
0.10946612
-0.034055948
""
-0.054178391
""
0.045975361
""
0.035966963
0.077860162
0.0067502283
0.089924052
-0.0096112108
0.11662471
0.14053383
-0.037115399
-0.010216891
""
0.075078383
-0.025200389
-0.039911766
0.040122721
-0.024694717
""
-0.036925264
0.045478091
-0.035333797
""
-0.20508105
""
""
""
""
-0.076521188
0.21011592
""
""
""
0.10672517
""
0.0051813833
0.0226609
""
0.025363801
""
""
""
""
""
""
""
""
""
""
""
""
""
""
0.12255319
""
""
""
""
""
""
""
-0.1543792
0.13267434
""
""
""
""
0.048929684
0.010310998
0.019088449
0.0044698776
""
0.041539725
""
0.0029929872
0.052646723
0.18192881
-0.0071942485
""
-0.051923927
0.1076958
-0.019640835
0.03536807
0.026003039
0.0044110245
0.060032573
-0.056087676
0.012385677
-0.030040881
-0.023811962
0.0087600974
""
-0.1382744
-0.035378609
0.035924677
-0.10446154
0.019708479
-0.030962033
0.030700458
-0.021350693
0.031548288
0.064634793
-0.036101602
""
0.036359098
""
0.08829391
-0.086501025
0.0067856684
-0.0172396
""
""
""
""
-0.053624682
-0.040319443
""
""
0.044359896
""
""
""
-0.02238792
0.16192247
0.062783487
-0.0071904808
0.096579708
""
0.00010240429
0.086888462
""
0.029129988
-0.0027710451
-0.061210874
-0.038915277
0.027830411
""
""
-0.00064145983
-0.047286261
-0.090395786
0.1073673
-0.14073673
0.16423015
""
0.057276208
0.041112881
""
0.079419233
""
0.0013846584
-0.012040488
-0.020058295
0.074041203
-0.032813828
-0.014573348
0.24364546
""
""
0.074195385
-0.033770721
-0.010675708
0.048800558
-0.023996117
0.019816248
0.00033045784
""
0.13819396
-0.02928124
0.096896686
-0.011371459
0.025408065
0.16823027
0.0033487538
-0.1026519
0.0063140048
""
""
""
""
""
""
0.00074093259
""
""
0.034035493
0.072667971
""
""
""
""
""
""
""
-0.13275887
""
""
0.023974087
-0.0373739
0.029342582
-0.0012703636
0.013763217
0.026679065
0.061955098
0.060234558
-0.067474924
0.042854983
0.016442506
0.075016558
-0.019842427
-0.041811038
0.072912022
0.021379478
0.011466471
0.17700355
0.0067519448
0.11886974
""
0.13497846
0.0017868871
-0.027809251
0.0097387796
0.15698098
0.02722018
-0.0046001519
0.037341826
0.02071155
0.054892544
0.043420751
""
0.003560324
-0.0098479269
0.028935822
""
-0.049463037
""
""
""
""
""
0.029273363
0.032144368
""
0.022511147
-0.042578634
""
-0.056903597
-0.020037251
-0.13205235
-0.043722276
0.020483788
""
-0.025001673
""
-0.028223369
-0.16238846
0.050378673
0.25401869
-0.024094401
""
""
""
""
""
""
""
""
-0.018888531
0.075982988
0.011371328
-0.00022092127
0.23425508
-0.092085831
""
-0.0086607682
0.14824982
""
""
0.21904406
0.11682551
0.027280821
-0.039084449
0.035586588
-0.018165603
0.024299065
0.026006367
0.096232809
0.022185689
-0.071112216
0.057493694
0.098464049
""
""
-0.08031521
0.095826022
0.026547626
0.0055418145
-0.0010647153
""
0.01346836
-0.01903634
0.054495826
0.036036629
0.01109482
0.014676771
0.032771073
-0.015344811
-0.16587088
-0.028859794
0.075601622
0.16380167
0.033175442
0.012678128
0.028722106
-0.0268391
0.025041927
0.05103723
0.0076843332
-0.021176502
0.0031535199
-0.0065975739
0.10258365
""
0.078630783
""
""
0.10680003
""
""
0.079916619
""
""
0.056666013
0.02049139
0.014385197
-0.012171765
0.029291494
0.070091516
0.026917018
-0.011045767
0.02193886
0.029098339
-0.050076522
-0.015738502
-0.11523377
""
0.15385021
0.0038111659
0.037059553
0.14352737
-0.0039918409
0.0070885061
0.0057116635
0.032142565
0.056002803
0.089195736
0.077215962
-0.016886706
-0.091669582
0.030994289
0.062838532
-0.010434078
-0.017769702
-0.048204407
-0.016029842
-0.026800513
""
""
-0.21715035
0.1145279
""
""
""
""
0.11375481
0.081074089
""
""
""
-0.022121251
""
0.014386776
-0.076531708
""
""
-0.065088987
""
0.033429034
""
0.16032316
""
""
0.10739321
-0.026767511
0.0083453162
-0.0021571955
-0.053408537
0.061587729
-0.044465691
0.087417938
0.00018297709
""
-0.012871367
0.011112669
0.079590961
0.095303819
""
""
0.023750534
0.094935752
0.15270206
""
0.048867542
-0.0036409178
-0.028592855
""
-0.085628606
-0.056666639
0.11954978
-0.027100651
-0.085848995
0.0077418769
0.081560947
""
""
""
-0.02056627
-0.010226978
""
""
""
-0.054443795
""
-0.14121877
""
0.091860697
""
""
""
-0.025411312
0.074095875
""
""
0.0063483999
0.0027585931
-0.13738559
0.0064544464
-0.10940962
-0.02750686
""
""
0.0033687064
-0.012857378
-0.0025499591
0.014690553
0.018107792
-0.0086595267
0.10493613
-0.070697851
0.002463351
-0.0074347127
0.024851745
0.073412769
-0.00043072045
0.051501926
0.04270792
0.015619734
0.0028789004
0.010410607
-0.023782251
0.04719929
-0.024710618
0.090033971
0.014452723
0.036652442
0.011485113
0.012022885
-0.021589747
-0.017432123
-0.0071991547
-0.0032286248
0.020988001
-0.054341469
-0.094512247
-0.026519323
-0.044714037
-0.054607838
0.011671748
0.0243412
0.01234026
0.0047171675
0.0099528302
0.025111357
0.069215089
0.021079095
-0.12433202
-0.0070657856
0.020143136
0.013150689
0.0019366692
0.013844445
0.010338354
0.021679932
-0.031469613
-0.021764856
0.017824966
-0.0037077945
-0.0076036281
0.039138518
-0.0074208803
0.0087211933
0.14063001
""
""
0.028937291
0.023767332
""
0.036551889
0.0097894436
0.01491266
0.0087182391
-0.073794536
""
-0.005724703
0.13034683
0.048535831
-0.011162199
0.019659102
-0.055282485
""
-0.028967088
-0.036773391
""
0.060999077
-0.032915268
-0.033996619
-0.014920985
0.012767632
0.013367798
-0.0099593522
0.1070675
0.030066825
0.042273842
-0.052036531
0.0024443436
0.094872139
0.047962807
0.040151101
-0.019671986
0.017507739
0.017831799
-0.049320206
0.063367248
0.068660766
-0.0031635945
0.032426864
-0.0016502569
0.051096968
0.027361283
-0.021830866
-0.01026172
0.035347097
0.039091855
0.014181026
0.010213867
0.034340762
-0.021000454
0.036991734
-0.053457849
0.012849255
0.021769699
-0.0034616694
0.037230127
-0.0062168725
0.054068621
-0.011172857
0.057913277
0.029723598
0.029847387
0.078912191
-0.034340482
0.093515858
-0.036436323
0.0044329683
-0.01761546
0.018489253
-0.10717509
-0.012590118
-0.10035083
0.065722451
0.0044944598
-0.058394525
0.05061296
-0.051122922
-0.061950281
-0.032881208
0.062381037
-0.041315097
0.0024052553
0.035606779
-0.010543347
0.02480942
0.0061556343
0.063564368
-0.021560432
0.01293106
-0.0027379044
-0.046681117
0.039601371
-0.095163234
0.16090131
-0.087030716
0.073726714
0.022812415
0.030292366
""
-0.010697042
0.12406696
0.045155313
0.041055191
0.004769105
0.10779603
0.0029695232
0.092916645
-0.023821611
""
-0.077045128
0.023137307
0.024388684
-0.031597652
0.047452904
-0.016147345
-0.062106539
0.0081548383
0.026710121
-0.072624505
0.13125785
-0.064262547
-0.046932589
""
0.019704835
-0.053848233
""
""
0.092099726
-0.024019698
0.10619788
-0.062717848
0.022474861
""
0.0098602483
0.033549033
""
-0.023062775
0.066124812
0.16092405
""
""
""
""
""
""
""
""
0.045871492
-0.037510466
0.041379534
""
""
0.01861424
0.071431682
""
-0.032213736
""
""
0.0027699065
-0.034358934
-0.073807366
-0.054412603
-0.021957785
0.045304473
0.038541928
-0.01232044
""
""
0.0065323901
""
""
""
""
""
""
""
""
""
0.082032658
0.086097971
""
-0.0069125574
""
""
""
0.083617434
0.035986084
-0.072195098
0.00075517956
-0.080914751
""
""
-0.042797919
0.070469774
-0.043840349
0.044447973
-0.047977608
0.095223613
""
""
0.060931474
""
-0.011044862
0.13584039
-0.093541458
0.067785032
""
-0.034080211
-0.083387397
""
-0.095050268
""
0.067665182
""
-0.029815705
""
-0.04730707
""
""
-0.076039761
""
""
""
""
-0.032293968
0.016362378
""
""
0.015056471
-0.00031180133
-0.014570444
""
-0.010735682
""
""
""
""
0.026895458
""
0.17833188
0.11645248
0.018545296
0.008615071
0.044523571
0.0050812657
""
""
-0.1243177
""
0.21486589
""
""
""
0.027195886
""
0.064647496
-0.061061542
""
0.011122644
0.082844168
""
""
-0.0092144217
-0.0039099334
""
""
0.030671483
""
""
""
-0.00011979834
-0.00017218114
""
""
""
""
""
""
""
""
0.13319887
""
""
""
""
""
""
""
-0.0092321178
0.0068829013
""
0.0026928324
0.08386486
-0.012369161
0.012904861
""
""
-0.061535027
""
""
""
""
""
""
""
0.16047919
0.067005545
0.080535352
-0.033287913
-0.08173082
-0.047595125
-0.0036743595
-0.099684648
""
""
-0.0033029127
0.073778428
-0.016785879
0.093966186
0.0090891439
0.06521567
""
""
0.013466671
-0.039866328
0.0066905776
-0.014065469
0.053960696
-0.056075025
0.0090723857
0.025083862
0.017441757
0.0040023364
0.044798389
0.0018307257
0.0057209679
-0.00038975454
-0.024061026
-0.018511921
-0.024208914
0.0343486
0.016188333
-0.012803731
-0.011208196
-0.036061183
0.027056606
0.16977292
0.035335768
0.018916029
0.017094444
-0.025240449
0.26334038
0.046428349
0.05693537
0.007899696
0.0069439174
0.058921449
""
""
""
""
""
0.018848393
""
-0.031437803
0.054359887
0.041667007
0.0055889916
""
-0.0049291295
""
""
0.0037394145
""
0.073261224
0.095631659
0.068034902
0.13371004
0.028858358
0.13089053
-0.027216293
0.0023772202
0.13830902
0.014419581
0.0058206031
0.040341083
0.041823398
-0.022653867
0.01545743
-0.0087333461
-0.007382073
0.016615968
0.01097427
-0.0026338443
0.030160444
0.0081355711
-0.02622381
-0.0036029043
0.021567205
0.0038077661
-0.0039339429
0.029522629
0.037389584
-0.012829402
0.00090606668
-0.023742409
0.0028043203
-0.00072648679
0.031113544
-0.0071259462
-0.0011942241
-0.0091884909
0.0064976178
0.0082817664
0.022625405
-0.0040054768
-0.012651182
-0.0014452401
0.0050707958
-0.00081017008
0.013817323
-0.0016894554
-0.0031350525
0.0041630198
0.019306449
0.010244326
0.012295009
-0.03070486
-0.01020926
0.014763209
0.039488941
0.0011664645
-0.019536929
-0.010499031
-0.014937938
0.061792951
0.0053397543
0.062532358
0.050868448
-0.0046604672
-0.0057922439
-0.013653623
0.022812819
0.0018268452
-0.0022964804
0.045205802
-0.0026412976
-0.0062392568
0.041408822
-0.0044821971
-0.0079197939
0.0037672378
0.0047600204
0.017956702
-0.019357828
-0.016586211
0.039003313
-0.0060894466
0.0063261534
0.015545149
0.0044009956
-0.019658843
0.011369374
-0.0095169162
-0.0049647982
0.030458365
0.0365404
0.020145306
0.0010713455
-0.00097468641
-0.0066467025
0.013424094
0.013525564
0.012074291
-0.0043719495
0.0029949464
-0.0013913134
0.0081564812
0.020619949
-0.0040122624
0.051541504
-0.026855521
0.04563247
0.073456399
-0.015328802
-0.011337226
-0.0032669292
0.023317212
-0.017178275
0.020180594
0.00023659316
0.030004777
0.015692024
-0.0048334561
-0.043313939
-0.022332199
0.0011549196
-0.00048420904
0.0054874076
0.014261228
0.0013184043
0.0042047077
-0.0029479905
-0.034414571
-0.0030060159
0.039002288
-0.0062913438
0.0021211598
0.0012956256
0.0093874605
-0.0013070361
-0.014457899
-0.003362573
0.056803782
0.0052192449
-0.033774387
0.1423789
0.059887335
0.02499287
0.0089465547
-0.0086455159
-0.037275724
0.053296335
0.018161094
0.11939073
0.0011557648
0.042646781
-0.010566411
-0.01089703
0.032241154
0.0013014774
-0.0474751
0.012109374
0.031231739
0.04647072
0.042022437
-0.022556093
-0.011375852
0.089385539
-0.039967705
0.048416335
-0.27526355
0.069670729
""
""
""
-0.0016973865
0.020878425
0.03569993
-0.039956409
0.0058774743
""
0.049957827
0.14581835
0.094032452
""
""
""
""
""
""
""
""
""
""
""
""
""
""
0.014518616
""
0.030014137
-0.060169719
""
""
-0.015552951
-0.015628444
-0.047994837
""
-0.00066726113
-0.02876693
-0.013021507
-0.054317582
0.09708745
0.027044879
0.020389978
-0.0021985981
""
-0.019842248
0.0070046401
-0.04738282
-0.02734861
0.089849092
0.044690564
-0.00094254501
-0.014234325
-0.025452221
-0.004710949
""
-0.018132528
""
-6.9957176e-05
-0.043447167
0.035155289
0.05032935
-0.011008489
""
0.10293061
-0.022273747
-0.01208223
0.02472203
0.019950552
0.048897848
-0.022850676
-0.012774974
-0.0046919156
0.087109379
0.099293947
0.077043019
""
""
-0.016264139
0.030821066
""
""
0.013311251
-0.0071652895
0.01025251
""
0.059908427
-0.046765614
""
0.010248153
0.029941723
-0.038370352
0.0014365043
0.027263872
0.10716463
0.027384544
""
""
-0.025439549
""
0.050004955
-0.022944391
-0.01189703
0.020896109
0.036232885
0.0074802479
-0.0077562472
0.0056960578
0.039956816
-0.043001354
-0.011787763
0.012274975
""
""
""
""
""
""
""
""
-0.023225712
""
0.019493677
0.029820669
0.039400119
0.072806254
-0.027562482
-0.01231159
-0.013534917
""
-0.10266811
-0.076940417
-0.019334968
0.019466024
-0.010857695
-0.0053074379
0.048988171
-0.0094228769
-0.028475191
0.053394958
0.018300725
0.024596384
-0.026441367
0.0392255
0.027346687
-0.015211517
-0.017210061
0.18324257
0.020420421
""
-0.0243946
0.056962695
0.072758973
0.0065744705
0.095807478
-0.0026946617
""
""
-0.12808052
0.12805235
-0.10313962
0.10906529
0.0074419696
0.037591245
0.039296411
""
0.0098973727
-0.019976689
0.032509156
0.043430153
""
""
-0.020652533
-0.012451541
-0.15696859
-0.16098417
""
-0.20772167
-0.090134263
0.056845784
-0.024387106
-0.0070964303
0.0011169919
0.023664717
-0.015014612
-0.0057782992
""
0.014804479
0.0063709207
0.032825522
""
""
""
-0.036899079
-0.00021704313
0.014801311
""
-0.036708206
0.053148739
-0.051090382
""
0.0025842825
0.00073092233
-0.012178723
-0.024338754
0.047857348
0.11308999
0.018687617
-0.067109466
""
0.044721954
-0.03306254
0.14539562
0.018057952
-0.15405813
-0.081717141
""
""
""
""
""
""
""
""
""
""
""
""
""
""
""
""
-0.01971429
""
-0.049247559
0.025512615
-0.037874397
""
""
""
0.13384995
0.073394157
0.062833041
-0.071575277
""
""
""
-0.059384238
-0.0037871681
-0.086416051
0.0614844
-0.044218194
0.015738212
0.0146331
-0.0053884028
0.050410971
0.19690131
-0.18798074
""
""
-0.078355737
0.0192593
-0.070067525
""
0.01796025
0.069775946
""
0.072200567
""
-0.016977131
""
""
""
0.066706493
0.0012185937
0.0085014608
-0.029225858
0.028353805
-0.028504761
-0.040809836
0.083225571
-0.017783931
-0.050781943
0.0073695476
-0.070925415
""
-0.029785613
0.035236135
-0.0166269
""
0.028319135
-0.029787552
-0.0055619334
""
""
""
0.04569526
-0.018881861
-0.0095774615
0.05687841
0.0081957113
-0.032441389
-0.06542594
0.099660695
0.017775699
0.042170767
-0.040508054
0.059403848
-0.068341479
""
0.080985978
-0.056775231
""
""
""
""
0.16309331
0.10409261
""
""
""
""
""
""
""
""
""
""
""
0.10804579
""
-0.022034343
0.029058727
0.00058018498
0.046775833
0.070368052
-0.10081208
0.10976314
0.037664652
-0.12362007
0.15132757
-0.070612215
0.051960655
0.0042433012
0.010326205
0.03322963
0.027316449
0.012494951
0.026089353
0.029756445
0.0026889339
0.0072512892
0.050186355
-0.0064699925
-0.0088327695
0.053594228
0.18052588
-0.040957011
-0.016860334
0.045568794
0.059500273
-0.0020993676
-0.012700157
-0.013467773
0.024216007
-0.0047818921
-0.033622988
0.002107911
0.029012782
-0.010211263
0.02401498
0.015884785
0.06711565
0.0078294259
-0.062865444
-0.0065339725
0.020060731
0.001238347
5.1099105e-05
0.0070853885
0.03401272
0.010376149
0.064627558
-0.016099075
""
0.22256869
""
0.022817867
0.042606264
-0.044210397
0.069010794
0.051356897
0.074300148
-0.055411473
-0.010116506
-0.023746667
0.017707674
""
""
-0.014397004
0.05339022
0.005129985
-0.010568462
0.0021464836
0.03490223
-0.03790715
-0.016263999
-0.028976124
0.023345994
0.00057362398
0.025267884
0.036966357
0.032469466
-0.0037648219
-0.044774421
0.011033333
-0.0015945466
0.025208207
-0.03313531
0.12076297
-0.049969755
0.0088238865
0.019416662
0.013780881
0.02353365
-0.021031786
0.024407074
""
-0.0068560406
0.0090529546
0.062459286
-0.0045394325
-0.02674007
0.13877578
0.04630268
0.088029131
0.010926973
0.038727708
-0.024899434
-0.028072897
0.013803033
0.030551787
0.01902017
0.027369166
0.0039688917
0.026867377
0.0074793412
0.057106175
0.022788029
0.090123966
-0.006378836
0.032603029
0.00087688066
0.034407608
0.054797325
-0.0048401956
0.0002135297
-0.037252426
-0.0050208508
0.082894146
0.02233668
-0.044207152
""
-0.0072361934
0.075019099
0.010281431
""
0.0093306433
""
-0.042698272
""
0.046902426
0.079840191
""
-0.0019090674
-0.0026397263
0.015286135
""
0.02124067
-0.0059390264
-0.020018775
0.049004994
0.066048294
0.040021937
0.0038345843
0.038135272
0.05817458
0.084002867
0.070885263
0.0052511236
-0.0010295754
0.064784534
-0.014275705
0.0078290077
0.055297419
0.080816314
0.031271964
-0.01204583
0.029219916
-0.032874301
0.031939562
0.0075575854
-0.0097341789
-0.0014444104
0.05001485
-0.064109899
0.0220001
0.015276751
0.087633401
0.029675009
-0.0069268444
0.021723112
-0.059632119
0.046582431
0.0099505065
0.0075828359
-0.0011321737
0.02041452
0.059308674
0.0014412609
-0.058423981
0.024641868
0.040065806
0.01004371
""
""
""
""
""
-0.029659888
0.006091692
""
""
""
""
""
-0.12765285
0.01155417
-0.031223547
""
0.35239434
""
""
""
""
""
0.036782056
0.12372861
-0.029549003
-0.0023181154
-0.010340116
-0.027009862
-0.018075958
-0.049518615
-0.016033744
-0.011330527
0.0032213372
-0.001807436
0.013946653
0.048254009
-0.00076243607
0.014877652
0.014353995
0.01358672
0.013079911
-0.03026082
0.0071721226
0.022885025
0.0014672045
0.026474025
0.0051093376
0.013600306
0.0087498398
-0.011222137
-0.035563022
0.056598492
0.041250907
0.0063424455
0.01286003
0.001720816
0.049699824
-0.010217916
0.03555803
0.043139741
0.016443238
-0.025454244
0.0069851982
0.03841975
0.083934866
0.050350577
-0.071261488
-0.17992535
-0.030160122
-0.011666913
-0.010612977
0.0088114087
0.0014319407
-0.028696915
0.075672984
-0.048863459
""
""
""
""
""
""
""
""
""
""
-0.10692934
0.055290964
0.10217281
-0.19899459
""
0.061918031
0.013595105
0.004079164
0.011091718
0.0012691036
-0.00059036142
-0.045639046
0.0043781372
-0.024295701
-0.005773786
0.036886174
0.018415252
0.035995319
0.027057732
0.0057507986
0.083266877
0.077783048
""
0.043328855
0.051564112
0.0042676302
""
-0.13181804
""
""
-0.012653586
""
0.030790597
""
-0.021133639
-0.021798106
-0.021955116
0.039814677
0.019695722
-0.022909952
0.011306697
0.067454673
0.11957936
-0.10026742
-0.011424229
""
-0.0067003281
-0.040849347
-0.042875774
0.032096125
-0.061961874
-0.030315256
-0.019560989
0.015937589
0.022337662
-0.0018460159
-0.034720287
0.00054431264
0.019788841
0.041890685
0.032010742
-0.015175888
-0.0012207084
0.068172432
-0.01093887
-0.0059778988
-0.0043060808
0.016231792
-0.0082206288
0.0040239287
0.013914698
0.024250692
0.018642189
0.031002356
0.014015953
0.04159097
0.33372775
-0.0021964577
0.065548569
-0.028778438
0.047650471
-0.034417503
0.0096377786
-0.1307321
0.047346462
-0.03861203
0.025934646
0.15758066
""
""
-0.058462709
""
0.0062633594
-0.070741035
""
""
0.026487017
""
""
""
-0.021333883
-0.06951189
""
""
""
""
0.025150446
-0.032840323
0.042674098
""
""
""
-0.024033258
-0.05034313
0.0011157759
0.14649867
0.00083694857
0.033043269
-0.079721957
""
""
0.010000977
""
0.12046035
-0.0015860532
0.020907607
-0.0022750082
0.0034744029
0.17760658
-0.037133381
-0.015701579
0.035602257
-0.040964238
0.002592637
0.053089932
0.032987569
0.095782548
-0.031439535
0.00060389645
0.0092150867
0.017957401
0.0027299167
0.029885542
-0.00098042737
-0.02534217
0.022353156
0.05845058
-0.003104096
0.0093889777
-0.043425959
0.037906751
0.061331604
-0.02319134
0.035312004
-0.067095689
-0.0080474224
-0.021524366
""
-0.0069893426
-0.039789967
""
""
""
-0.014603304
""
""
""
0.057002496
0.023292253
""
""
""
-0.0018450486
-0.029049743
""
""
""
""
""
""
0.050949477
""
""
0.001636677
-0.034700524
0.014405504
0.010232745
-0.011289681
-0.015307686
0.011223583
0.019593751
-0.027651163
0.01076807
-0.050562125
0.0079303542
0.03575993
-0.00080244773
0.024593104
-0.062639929
0.025809547
0.022550538
-0.070299998
0.034718256
-0.042219065
-0.0011292053
-0.0034894969
-0.14757329
0.010540415
0.02518048
0.0031446191
""
""
0.0145039
-0.039073549
""
-0.015508788
0.033791292
""
-0.008799619
-0.039890666
0.041896287
-0.076007791
0.10767162
""
0.026667133
0.087526113
-0.0030896573
0.076663397
0.037804507
""
0.028786488
0.042079657
-0.011450836
0.02666907
""
-0.026576051
0.00026720361
-2.7418708e-05
-0.011305469
0.062092185
0.025487922
0.0068393582
-0.0089828335
0.019444542
-0.016947297
-0.011191266
-0.00013375809
0.020524336
0.013593401
-0.0050750016
-0.054986883
0.0031772011
0.022402931
0.055671018
-0.012689291
0.031064238
-0.014449049
-0.022540197
-0.0060594697
-0.016409
0.011990123
-0.002867358
0.04909575
-0.010136748
-0.0055444408
-0.0024321345
""
-0.019634373
""
0.081793554
0.021860106
0.048182882
-0.0039007824
""
-0.034288656
0.1271916
0.036431391
""
-0.048506625
0.0096822847
-0.020789662
-0.024572516
0.0064358632
-0.02816803
-0.0033111772
0.019497374
0.028160401
-0.058626704
-0.012620931
0.13153724
-0.029446658
0.013592053
0.0065759756
0.021881659
0.07992892
0.031380821
0.11888399
-0.014063364
0.030805543
-0.015230468
-0.0095241629
0.057404354
0.040690828
-0.0044620628
-0.016308166
-0.0053355945
0.03411065
-0.0033034903
0.05498438
-0.0059997351
0.02305893
-0.0078027067
0.04118957
-0.0038676746
0.024529798
0.034259483
-0.019681709
-0.021504652
-0.00089692947
0.0247017
-0.0053421957
0.035393275
""
0.0046360833
0.026913133
0.11266104
-0.04819217
-0.033117294
-0.035423938
0.015991608
""
-0.031770945
0.03493816
-0.017232345
-0.037074871
0.016218159
-0.031928297
-0.01729469
-0.036336221
0.060412101
""
0.10949893
-0.02334414
""
-0.003404225
-0.0075838738
0.092825994
-0.011506044
-0.006565385
0.024180759
-0.03041085
-0.04083968
-0.022557881
0.0092391437
""
-0.082070805
0.036103185
-0.16570579
-0.024152888
-0.0069011562
-0.024551962
-0.0041111605
0.013103289
0.015884273
0.026476333
0.00065534253
0.061194014
0.028291853
0.0025264621
-0.067454077
0.023446174
-0.028798901
0.0045620068
0.029640956
0.023286646
0.01227695
0.0037257443
-0.04008317
0.014248732
-0.0078482516
-0.0083424933
0.037186667
""
-0.086631477
0.023474229
0.19268513
0.088879831
0.08886499
0.0021384726
0.02735159
""
0.031572841
0.0042791562
-0.015114572
""
0.0036165474
0.0054737874
0.012636703
0.011005943
0.02249318
-0.0057330756
-0.011090882
0.03609902
0.015311199
0.012150858
0.012565823
-0.0031333591
-0.0018375185
-0.017342426
0.0082407007
0.048907261
""
""
-0.0075393463
0.083978683
-0.023088399
0.038525093
0.096303433
-0.0047208858
0.0060865777
0.030900424
-0.012476484
-0.026734414
0.02138654
-0.045912892
0.021333983
-0.029988732
-0.041193277
-0.0016702656
-0.002586707
-0.0037125375
0.028535731
0.066123389
-0.036986418
0.02183106
0.0046662223
0.031857196
0.059853025
-0.017415911
0.0067142276
0.10482978
0.041911282
""
-0.047149722
0.084026627
0.04063205
0.0060134688
0.030705443
0.0051132995
-0.016046092
0.018429916
""
0.045906782
-0.087037578
0.038184222
-0.053090729
0.063814603
0.041040465
0.023554109
0.034116294
0.035268251
0.058602285
0.037442893
-0.056147709
0.020464085
0.034236774
-0.0016055107
""
0.029154364
0.027694441
0.046951059
""
""
0.0054658549
0.012990016
0.038808331
0.057603087
""
-0.048807587
""
""
0.04960674
0.10549286
0.028372817
-0.0043701548
-0.01702434
0.025225647
0.041069791
""
-0.037623215
0.036331035
0.042978134
""
0.0065888874
""
""
-0.045848716
-0.02767523
0.14514938
0.104064
""
""
0.082499914
""
""
""
""
""
""
""
0.20991877
0.16861336
""
-0.23210333
""
""
""
""
""
""
-0.14458147
""
0.07850223
""
0.0031561111
-0.0028281745
0.03794533
0.02303753
-0.081557564
-0.017630488
0.010928247
0.024410924
""
0.054867871
""
""
""
""
""
0.010113697
-0.009262641
0.015418269
-0.0068038143
0.036404759
-0.056713939
""
0.090046383
-0.083055772
""
""
-0.12413555
""
""
""
""
""
""
""
""
""
""
""
-0.02264238
-0.085534409
""
0.040554635
-0.0013486756
-0.022280941
-0.031908285
0.0095625315
0.034887947
-0.008570835
-0.0041685402
0.0024040421
0.014664101
0.01955054
0.010982545
0.0058145486
0.018695133
0.017191323
-0.0066670198
-0.0068966327
0.049302422
0.0087339282
0.0073880879
0.0058956128
0.0063072648
-0.0024908711
0.0036833428
0.0028488613
-0.0045008194
-0.0029732371
6.5580847e-05
0.002376578
0.010677401
0.0058702747
0.018299161
0.050043475
0.023273418
0.034488868
0.02795873
-0.008337955
0.057518352
0.035670303
0.043078575
-0.00873663
0.010185328
0.019634448
0.061060484
-0.016671102
-0.00033076142
-0.011493624
0.040594447
-0.0079067713
-0.0072501437
0.038945545
0.12345583
-0.0016656325
-0.031809747
0.015425454
-0.022268372
0.029992558
-0.064406797
0.021444757
-0.0013585001
0.011291401
-0.0057816003
0.047191124
0.023551051
0.014735832
0.024673406
-0.013008114
-0.029410571
0.0016853871
0.01561522
-0.00761993
-0.04244151
-0.0064363065
0.031561676
-0.012957506
0.026164986
0.019324908
0.016342266
-0.029994171
""
0.027689287
0.026941024
0.0053429864
-0.02628378
-0.027571704
0.025292147
0.016693924
0.0066463798
-0.0054288656
-0.0012269324
0.0020252988
-0.0087723713
-0.011960076
-0.14744857
0.15835282
0.0083678281
-0.031265985
-0.027873902
-0.0030019928
-0.034752149
0.040554337
-0.034819514
0.071867287
-0.020664645
0.047950502
-0.051617693
-0.10722213
-0.019273885
-0.034017108
0.082862377
0.11902701
0.03692257
-0.038847931
""
""
""
""
""
0.0049876799
0.0061843721
-0.056457009
""
""
""
0.050814342
0.021258272
-0.033669677
-0.012055784
""
""
-0.00076077832
""
0.07414104
""
""
-0.043931343
""
""
""
""
""
""
-0.0093085608
0.062815115
-0.067891106
""
""
0.21633358
""
""
""
""
0.04613173
""
""
""
-0.027756022
""
0.018523565
0.083283916
0.0083171185
-0.019756574
0.10548876
-0.031007543
0.030768307
0.084096417
-0.16613695
""
""
""
0.061476272
""
""
""
-0.046260398
-0.002983565
-0.17161529
""
""
0.012756319
""
""
""
""
""
""
""
""
-0.0042050984
0.02816781
-0.051532611
0.010209518
0.025479587
""
""
""
""
0.024464272
0.0098569412
-0.021223009
""
0.031741649
""
""
""
""
""
""
""
""
""
""
""
""
-0.039400861
""
""
""
""
-0.050028045
""
""
0.061637469
""
""
-0.027888881
-0.06985724
-0.0025035273
""
""
""
-0.013944671
0.050807133
0.11643237
""
""
""
-0.096582256
-0.015123224
""
-0.3090027
0.41653419
-0.012727102
""
""
""
-0.030378886
0.021324169
0.016747335
-0.034267478
0.075291798
""
0.13539882
""
0.015493201
0.060084473
0.09264452
0.02837456
""
0.033566516
-0.017498881
0.040683638
0.023046497
-0.036856726
-0.029038543
0.061104808
0.047244538
0.059121884
""
0.14827609
""
""
""
0.077724412
""
""
-0.066562109
""
""
0.0039273817
0.039331045
-0.0079949442
-0.000763055
0.012523499
-0.0062542767
-0.0096861925
-0.024552906
0.044916991
""
-0.05492362
""
0.044856165
0.096084185
0.019869249
0.041637763
0.016556459
0.13001817
0.0074778437
""
-0.052259967
-0.0089162365
-0.016729038
""
-0.091834731
-4.8815295e-05
0.1379237
0.039375521
-0.040460855
""
0.065680668
""
-0.045742512
-0.007836747
0.31060845
""
-0.0068655224
""
""
0.033591155
0.0059959674
-0.011192565
0.20931223
""
0.0012266637
-0.03666554
""
""
0.014384801
""
""
-0.033885892
0.042642489
0.16119757
""
0.014043026
0.060015596
0.040519577
""
0.070209771
0.014395338
0.14196163
""
0.036052771
-0.01080468
-0.034114748
0.1392789
0.12621158
0.0031679061
0.025315184
0.040684078
""
""
0.02669977
""
-0.025700664
-0.07001213
0.33797967
-0.0077823731
0.076053508
-0.0057166177
-0.12934938
-0.056253273
""
0.0020868576
""
0.14548916
0.00028181175
0.029716874
-0.0050493651
-0.010556487
-0.0084816748
""
0.041846294
""
""
""
""
""
""
""
""
""
""
""
""
-0.019670855
""
""
0.0083995601
0.0074018235
""
-0.061958641
0.10208182
-0.055263136
0.0030092623
-0.019490296
""
""
""
""
0.061136816
-0.10141844
""
""
""
-0.090604983
""
""
""
-0.10641921
""
-0.00058582181
""
""
""
""
-0.057987113
-0.14036122
0.040123004
0.095924787
-0.0035826354
""
0.16361228
""
""
""
""
0.030197525
0.010370973
""
""
0.22596334
""
0.0011233629
0.035554707
0.045528244
-0.096899338
""
""
""
""
""
""
""
0.013593005
0.10002057
0.042905621
0.036023278
0.03679011
-0.04375447
0.13283418
0.026688412
0.026958715
""
0.021490224
-0.1030326
0.10080218
-0.053434443
-0.079688698
0.0066499733
-0.010996598
0.063160531
-0.047466882
""
0.039817661
-0.016975036
-0.010523253
-0.0068842922
-0.030114006
0.016169334
0.11004863
""
0.020258334
-0.026929434
0.052490238
-0.04923752
-0.010313228
-0.027790152
""
-0.040593654
0.045609556
0.039226182
-0.026847802
0.0036172243
-0.00025720103
-0.046452373
0.091600098
-0.055417478
0.024182947
""
-4.9813265e-05
0.0092774881
-0.067134455
""
-0.27200088
0.055358153
-0.040422093
0.065048464
0.01439503
""
0.016186938
""
0.0080561386
0.047188237
0.061421864
-0.018588178
""
""
-0.1400509
0.022738833
-0.024957052
0.40141186
-0.20211335
""
0.029292174
""
""
0.024809735
""
""
0.014600764
0.03246187
-0.0047343946
0.12307666
0.055317968
0.12823482
0.087960586
-0.09576574
0.32095155
-0.1453938
0.034749571
0.010101063
-0.1147415
""
0.077401131
-0.0021764573
-0.03612994
-0.028371412
0.18984604
-0.0068726549
0.007796627
""
0.058628321
-0.054219425
-0.074412495
""
0.0054478869
0.12023135
0.15683852
0.015732706
""
""
""
0.022176677
-0.10464321
-0.039661139
0.10022604
0.018206339
0.10065308
-0.02619049
0.014071168
""
0.16717115
""
""
""
0.037012201
""
""
""
""
0.13242558
""
""
""
""
-0.081920944
0.036471192
""
""
0.010804511
0.061431155
""
0.073298253
0.010893809
""
0.071900763
""
-0.019721288
0.022110842
0.086816773
-0.022447128
0.088332914
-0.0059138048
-0.0024137164
0.022471925
0.080000758
0.056126144
0.014797118
0.017371628
-0.028516054
""
0.050481703
0.010342089
-0.0089828586
-0.014104769
-0.025420589
""
-0.0091386614
0.022207929
0.022377163
-0.033881679
-0.043601241
-0.0021573012
-0.023361932
-0.047654532
-0.0073272558
0.016355339
0.066059224
-0.037981261
0.027717041
-0.039034247
-0.05938822
-0.044079915
0.07163915
0.031357132
-0.0036087953
0.017766919
0.066160545
0.012348973
0.019036688
0.028120799
0.072858453
-0.036404133
""
0.022524986
0.029549824
0.10692263
-0.040273774
""
-0.02371411
""
""
""
0.047063492
0.0068956763
""
""
0.093440257
""
-0.070071459
""
0.033587299
-0.089569449
-0.015440423
""
""
0.036164589
""
0.014239315
""
""
0.00031041336
""
""
0.089656875
0.060598068
-0.070823722
-0.042123195
-0.024161888
0.0040626954
0.024091501
-0.0096949153
""
0.024025971
0.058598135
0.004825335
""
-0.054654799
-0.050935421
0.063575834
-0.043197133
-0.032138899
-0.024981504
0.061594609
-0.016326189
-0.064739347
0.15352455
""
-0.015037362
-0.13447398
0.0061429264
0.031407304
-0.012022517
-0.054548055
0.035350583
-0.062256239
""
-0.017354522
-0.0002011019
-0.011312558
0.036683373
0.047346681
0.00416771
0.06008891
""
-0.053774994
""
""
0.10741119
""
""
0.037601452
0.0070751077
0.10932349
""
""
""
""
""
""
0.071393132
0.035485633
""
""
""
""
7.6807562e-05
-0.024472501
""
-0.00071008393
""
-0.070873894
0.028227998
-0.0015247554
""
0.10076456
""
""
0.061438005
-0.01305142
""
""
""
""
""
""
-0.0098700793
0.021936033
0.010029999
-0.020234404
0.085926339
-0.021439433
0.048176724
-0.00023250798
-0.0094419345
-0.0083859526
-0.016061673
0.043142404
0.013978461
0.017138952
-0.023922471
0.0034917695
-0.016237039
0.00079096708
-0.018730866
-0.0052425293
0.038164109
-0.005553422
-0.0096161971
0.036305606
0.024853412
-0.023252923
-0.0065540592
0.058289532
-0.015457273
-0.009221687
0.017635299
0.0049733245
-0.0060875332
0.034861032
0.049449813
-0.0045701358
0.11978363
-0.028224885
0.031252149
0.005568197
""
0.12134676
0.012944675
0.0085404804
-0.03165498
0.092706986
0.041984569
0.026437581
0.039459113
-0.012980532
-0.0022785112
0.0015113389
-0.00051761576
0.0094485302
-0.0018103704
0.041546721
0.035436276
0.0057278648
0.0040690871
-0.011768074
""
0.027545191
0.031595085
0.018616533
0.02423241
-0.023982031
0.0063656904
0.0022532323
0.0075095627
""
-0.033865359
0.024040548
0.00094692525
0.018786369
0.0029844532
-0.0016062155
0.023108866
0.014405872
-0.0078914352
0.0083593018
0.0034969267
0.014895037
0.022932671
0.015035836
""
""
0.04873411
0.032294162
""
""
""
""
""
""
""
""
""
""
""
""
""
""
""
""
""
0.025386781
""
""
0.0099114003
-0.030939806
""
""
""
0.11503184
""
-0.011340491
0.00017398245
0.0085077994
0.099710077
""
""
""
""
""
""
0.091102667
0.077799276
0.004778604
0.014181526
-0.017313899
0.11215359
0.1455121
""
""
0.066162832
""
0.028046628
""
-0.017513836
-0.11597142
0.051063027
""
-0.016008707
0.068512246
0.0082614413
-0.061293721
0.02026475
0.011116266
0.0094399443
0.026316021
""
0.036693957
""
0.14469384
""
""
""
""
-0.031060329
0.073010519
""
""
""
0.066440351
0.16184446
-0.031506695
0.075631745
0.044786677
0.022476589
0.037512809
0.0072803022
0.028106544
0.20282355
0.12646402
0.0039418908
0.041898824
""
""
""
0.027702218
-0.063865088
0.049121954
0.093750082
0.031328928
0.016901927
-0.035671536
0.0068082921
0.069008127
0.034309421
-0.081510976
-0.12824841
0.093707845
-0.0077111661
""
-0.0089052962
0.030512283
""
""
""
0.0041418266
-0.06468837
""
-0.043144234
-0.028140329
0.018083107
0.18782446
0.11670943
0.0059223594
""
0.088915274
0.0026234766
-0.0046753627
-0.02225763
""
""
""
0.057076164
""
""
-0.05143318
0.11434381
""
0.095109448
-0.057481274
""
""
-0.015102477
0.0007655833
-0.14209354
""
""
""
""
-0.023861393
-0.031320866
-0.0086961323
-0.0055001141
""
-0.021140039
0.039729588
""
""
""
""
""
0.042438328
""
""
0.019475138
0.076064974
0.020302756
0.14141642
""
-0.019912791
""
0.035067171
""
""
0.059709486
""
0.0065577202
-0.035637066
""
-0.027188648
""
""
""
""
""
-0.048435818
""
""
""
""
""
""
""
""
""
""
""
-0.24605757
""
""
0.10619017
0.010710064
-0.066975713
0.047950774
-0.13916112
-0.020000437
-0.0083772605
-0.037160721
-0.024204126
0.025546456
-0.023770604
0.0030917078
-0.0056275423
0.084701397
0.034304611
0.038661037
-0.04910041
0.076729015
0.12801759
0.080157198
""
-0.064460859
-0.014365044
""
""
""
""
-0.037935086
""
""
0.033105124
0.070464611
-0.04129757
0.099498533
0.10449185
0.1034753
0.13201036
-0.076201454
""
0.070699006
-0.15253919
0.10287429
""
""
-0.055955634
""
""
""
""
""
-0.0020097976
""
-0.22274031
0.072376512
0.00029114564
0.0061209919
""
""
""
""
""
""
0.14234564
""
""
0.13179849
""
""
""
""
""
""
""
""
-0.046784226
0.064493686
0.010669846
-0.051358648
0.051890984
-0.048798926
-0.0028657282
-0.055795792
-0.040526107
0.045852032
-0.047741875
-0.0091050575
-0.016554803
-0.002253047
0.047685359
-0.032131951
-0.2814385
""
""
""
0.0065043005
""
-0.0084048845
-0.46597794
0.04623206
0.0086346744
0.0028875289
0.0014473558
0.015858483
0.0023230664
-0.020830331
-0.038494065
""
0.017219827
-0.07169468
-0.01784851
0.021015679
0.069563024
0.056706514
0.056801002
-0.038554788
0.029617177
0.060277455
-0.089448415
-0.0050820252
-0.31912035
0.26588783
0.021758132
0.034502406
""
-0.0053870524
0.013343593
0.17406267
""
0.056827314
-0.021949077
0.018528702
0.062231686
""
-0.01774209
""
""
0.069007337
0.1739646
0.070882298
0.088601463
""
-0.066288173
-0.035384104
0.0039688596
0.035589166
0.030499727
-0.015946556
-0.30408674
0.042337984
0.065030128
0.023368364
-0.059417583
0.10690019
0.0098053534
0.073084705
0.075776696
0.011307168
0.10815232
0.022221318
0.054540806
-0.016504463
""
0.16983916
-0.028557047
0.33592346
0.03776392
-0.022046855
""
""
0.050394308
""
-0.020325493
0.040401921
-0.0022335362
-0.01077099
-0.028235612
0.02050731
0.069569886
-0.03264742
""
0.13252832
0.0087418631
0.12929755
0.030813055
0.076181598
0.013102529
0.047934793
0.026029322
-0.027233396
-0.012139269
0.082681559
-0.2529889
0.19018763
""
0.056242537
""
-0.037466861
""
0.0063422462
""
""
-0.0018071316
0.10596592
-0.019318169
0.018748758
0.26626235
0.040488336
-0.018346714
0.048758209
""
""
-0.11129605
-0.014394995
0.028373962
0.027724687
0.018063586
0.050682474
0.017902054
0.17423879
0.030359462
-0.025669841
0.0099475151
-0.034922365
0.14822276
-0.003909253
-0.054447975
-0.019768732
-0.049984045
0.051680185
""
""
0.057802044
""
0.021587994
0.042794086
""
0.013447741
-0.011538557
0.0024808773
""
0.18540877
0.021213422
0.061053082
""
""
0.025687417
""
0.096331373
-0.037743583
-0.020382762
-0.032499686
""
-0.053929072
-0.05646069
-0.046234608
-0.061574075
0.27487996
""
-0.042735275
""
""
""
""
""
0.024427773
0.053986557
0.03044123
""
""
""
""
-0.073593408
-0.069780961
-0.0032084715
0.0063356366
0.069897406
-0.015697321
0.051750738
-0.0013610066
0.10348754
0.012701232
0.042289097
0.037948634
0.086151667
0.021572225
-0.0035349205
-0.019695198
0.012689986
-0.0052500833
0.025451789
0.0078692278
0.023511676
0.054501131
0.054426275
0.15199199
0.030598173
-0.0036839403
""
0.022005972
0.005479713
""
""
0.10532407
""
""
-0.083589993
""
0.048000488
-0.091223344
0.091603123
""
""
-0.030694524
-0.038543932
0.023747446
-0.016746528
""
0.084625795
-0.050790932
0.0025460175
0.02268653
""
0.050081916
0.15333627
-0.02383334
-0.01190252
-0.050569803
-0.030691249
0.031831544
""
-0.010408289
0.024587262
0.0069620581
0.31735846
-0.019793456
0.058920976
-0.017551856
-0.044781279
0.026445158
0.010582794
0.010579675
-0.0045111198
0.03021415
-0.033546168
-0.0042654551
0.052978348
0.037398811
""
0.029858945
0.023815427
-0.0026137747
""
""
""
-0.070785627
0.076485448
-0.0023538191
-0.086077869
-0.17432119
-0.04866508
""
""
0.050603747
-0.0031943345
""
0.0021208262
0.02456489
""
0.15662324
-0.11019574
-0.015193349
-0.0098835351
""
""
0.054351568
""
0.025069524
0.030758077
-0.037587505
-0.030733356
-0.056076165
0.04013354
""
""
""
""
""
""
""
""
""
-0.054253042
0.067886047
0.020368507
0.04855486
0.00021530149
0.068787739
""
0.013721812
-0.061954882
""
0.0015088272
0.012768168
-0.027660556
""
""
""
0.047373302
0.0093141617
0.059141655
-0.001256984
0.10072273
0.040526792
0.06216925
""
-0.031255797
-0.020184455
""
0.00634374
-0.062587306
0.011321297
0.26190585
-0.05830228
""
0.040582858
0.070342816
""
-0.043564636
0.0037937399
-0.015303086
0.0034346748
0.099484578
0.10088158
-0.061779894
0.0051050643
0.043575715
-0.032856464
-0.030906776
-0.063871168
-0.024512073
-0.01544029
""
0.14554548
-0.0060814414
0.03442559
0.009044189
0.089257449
0.055193231
-0.071040578
0.15604022
""
-0.09468776
0.25085667
0.063119859
""
""
-0.060009342
-0.044027194
-0.00080067955
-0.036428403
-0.0095602311
0.063110083
0.018804895
-0.053604726
0.027105311
-0.04905374
-0.033260722
0.025921244
-0.075146198
0.024522984
0.010065171
0.36377144
""
-0.050878361
-0.032430694
0.026945397
0.035242017
""
0.052570272
-0.059105873
0.029441519
-0.021250708
""
0.01694943
""
0.14723837
0.010510463
0.02822829
-0.17164065
0.04559803
0.12639225
""
""
0.10327086
0.033338733
-0.0078488681
""
""
""
0.069686949
-0.074693218
0.026778365
-0.014189978
-0.0030116253
0.057950884
-0.050125662
-0.039220922
0.031075707
-0.0089192837
-0.0062465272
-0.019525414
-0.030141434
-0.013756475
0.022495218
0.082275495
0.024384374
-0.0030452113
-0.0087177223
0.0081104599
-0.074694492
0.033504091
""
0.073200233
0.0080536865
0.0019295161
0.16328886
-0.0088595515
-0.033740617
0.0054364414
""
""
""
""
""
0.095197305
""
""
-0.1367685
-0.043944843
0.33543426
""
""
-0.022269024
""
""
""
""
""
-0.090210393
0.0527719
0.032529961
-0.27850124
0.13124971
-0.040608894
-0.01405087
0.0045532119
-0.052391484
-0.014212005
-0.026925392
0.041704156
0.016804639
-0.021978771
-0.018399073
-0.073071897
-0.046111684
-0.0049501308
0.012958316
0.011015619
0.015204293
0.049937818
""
""
""
""
""
0.086889461
-0.0066385237
0.019891445
0.0075010057
""
""
""
""
-0.010655828
0.0058522546
-0.023248242
-0.039498948
0.012288693
-0.0031926993
""
0.014988474
-0.076680668
0.026831102
0.006148451
0.028791515
0.015915059
-0.0012149614
""
-0.033136647
""
0.049717326
0.026939977
0.046636026
""
""
""
""
-0.033577248
0.10969795
""
-0.012149793
-0.017890327
""
-0.088184044
""
0.031909138
-0.062827811
0.07547792
0.027545249
""
0.048933804
-0.0019710471
""
-0.035763416
-0.04473874
""
0.08835683
0.14933588
0.00107078
0.00037148441
-0.0069406056
-0.010943954
0.1962928
0.12579376
0.085250333
0.019476809
0.041235529
0.04293628
0.0099252826
-0.048668113
-0.0013697142
0.028348768
""
-0.0087354779
""
0.13979346
-0.0087762633
0.11869491
0.037275884
0.0054464508
0.021078536
0.017165748
0.0034097554
0.11277808
-0.04609153
-0.050920073
-0.027638432
-0.022128096
0.0034767489
""
-0.011857788
0.071083635
0.0088003203
""
0.032940634
-0.010616803
-0.077599794
0.087153576
0.028240547
0.03118333
-0.012754718
-0.035296336
0.092379101
-0.034271631
-0.049353234
-0.031688739
-0.039086692
0.006317284
""
""
0.065428287
""
""
""
""
""
0.0074009905
0.070980884
-0.038820781
0.02809572
-0.019056216
0.046773363
0.035581384
0.0092561692
0.16258934
0.069615707
-0.035961032
0.033472203
0.030034162
0.047475334
0.042803012
-0.011047856
-0.025397822
-0.03124864
-0.033664048
-0.05036154
0.045031019
""
0.13966171
0.02310854
0.062514476
-0.051503323
0.029740168
0.033249494
0.05942383
0.081714071
0.13499278
-0.0052248868
-0.036379889
""
0.026785241
0.0091949152
-0.033173274
0.013588444
0.037081193
0.011826424
0.020532781
0.027195234
0.093940713
-0.0064410651
0.055031389
-0.022800563
0.03895089
""
0.090541109
-0.010918573
-0.033649921
""
0.040379923
0.092293799
0.12993614
-0.015739126
-0.01663634
0.002413518
-0.028438067
0.033430174
""
""
""
""
""
""
""
""
""
""
""
""
""
""
""
""
""
""
-0.058505069
""
-0.10423085
0.010077893
0.067678437
-0.010526641
0.020288635
0.011208423
0.020402841
0.098277442
-0.010468326
0.039727576
0.06029769
0.027817013
0.029798264
0.033657391
""
""
-0.022299578
""
""
-0.088772528
""
""
""
""
""
0.036676221
-0.029140964
0.05300479
0.11080084
-0.020316867
0.012801428
0.064558752
0.050663732
-0.013888127
0.078944869
-0.068795167
""
-0.016202221
-0.0065184562
0.056485821
0.0096898079
0.039593134
0.019953677
0.059912786
0.076603249
-0.0016028208
0.053615667
""
-0.018935155
""
""
-0.014604601
-0.013574608
-0.037608553
0.014579306
0.210384
""
-0.049899172
-0.021900488
-0.027636148
""
0.024839683
-0.0074128113
0.0062783863
-0.06050843
0.054883838
""
-0.09777835
""
0.10358266
""
""
0.016844794
-0.010549994
0.02063445
0.0086323107
0.035714552
0.017023193
-0.012447353
-0.021883925
0.0043507069
-0.0025015911
-0.038383488
0.0076533305
0.0051451526
-0.005374135
-0.0060891742
-0.020722577
-0.0016159185
-0.0073438692
-0.0097547695
-0.053729504
-0.0095289825
0.0023293963
-0.010681939
0.048277076
-0.025211941
-0.0083572874
0.0023185406
-0.026794603
-0.0049187909
0.014508031
0.039536122
0.017475843
-0.0021046514
0.018487189
-0.023110742
-0.017072791
0.015026833
0.027910788
-0.0054419599
0.001977579
-0.045981113
-0.0028165076
0.0044947858
-0.0038380586
0.042462323
0.0031549777
-0.059054617
0.047271103
0.0546249
0.041571449
-0.17644507
0.0081103798
-0.016381046
0.07607089
-0.031017451
0.036308479
0.026529873
-0.034074523
0.012095904
0.0042429329
0.027102925
-0.0022090096
-0.11979008
-0.015491002
-0.043740738
0.0077379369
-0.024184935
0.020395627
0.010437575
0.086657777
""
""
-0.12106163
-0.095582798
0.011869876
0.25119334
-0.071898229
0.016949497
0.1073923
-0.079364277
-0.056752507
-0.026288683
""
""
0.058651689
-0.13428067
-0.0051282407
""
""
-0.091429383
0.065404199
-0.027086109
0.0088491328
0.044383127
0.016219055
-0.097179569
0.067195952
0.025489073
""
0.18927966
-0.085298389
0.0095717041
0.056116972
-0.23236328
0.059280816
0.0081574656
0.047557905
""
""
""
-0.0078597395
0.022096304
0.060935795
0.038426585
0.066388935
0.015162507
-0.040636651
0.019236172
0.064708859
""
""
""
""
""
""
0.16164035
-0.023618443
""
0.019301862
0.052587274
""
""
0.036130462
""
""
""
-0.043792371
""
""
-0.023180624
0.026226269
-0.059035838
""
""
""
0.040593375
-0.017825579
0.039538197
-0.018853081
-0.031711202
""
""
-0.070339695
0.099478871
0.0098118931
0.22066391
-0.022805138
-0.077367447
0.018751826
0.020048868
0.0056327018
-0.099149831
-0.022718223
0.0062154368
-0.04065372
0.011643542
""
0.093578465
""
""
-0.019732973
-0.038467556
-0.024538029
""
0.049894959
""
0.080743171
0.031235956
0.0042040022
""
-0.0012845478
""
0.063341521
""
0.058623623
""
""
-0.029169813
-0.051392216
0.10750861
-0.083080687
-0.047326002
0.082239121
-0.16663481
0.01218027
0.080452375
0.063612871
0.075514928
-0.0088144625
0.038826924
0.070759065
""
0.01934707
""
-0.015737932
0.073647276
-0.011126415
-0.069633394
""
-0.0032032616
""
0.0012266987
0.0084791668
-0.17146654
-0.015400801
-0.0072421376
-0.0023945926
0.029226474
0.11487754
0.13229744
-0.002448943
-0.007395179
""
""
""
-0.059332911
""
0.11503609
-0.11472353
""
0.067761667
0.018535433
""
""
""
""
""
-0.15224013
""
""
""
""
""
0.0075767012
-0.023121126
0.0041849664
0.0021453213
""
0.032632355
-0.048825342
-0.016260024
-0.04452632
-0.013924282
-0.079653427
0.013565099
0.0053448458
0.011920633
""
""
""
""
0.0095321545
""
-0.021476079
0.03874848
""
0.029829774
""
""
""
""
""
0.0041443128
0.03342668
""
""
""
""
""
""
""
""
""
""
0.42574456
-0.12822376
-0.077591009
""
""
""
""
""
""
0.016047819
""
""
""
-0.011745871
0.034806214
0.0058594374
0.04181755
""
""
0.015233952
0.08603818
0.018961895
0.14388029
-0.013981161
-0.038240593
0.0072720624
-0.0073357634
""
-0.011581252
0.06904991
-0.027675919
-0.038569555
""
""
0.038685631
0.093112126
0.019329967
-0.035512343
0.0058237556
""
0.087167293
-0.012875393
0.11140776
""
0.0081322612
-0.0051447162
0.14112973
0.024848968
""
""
""
""
""
""
""
""
""
""
0.018354256
""
-0.007676634
""
""
""
""
""
0.0089765685
0.058643945
""
""
""
""
""
""
""
""
""
""
""
""
""
""
""
""
""
""
-0.072119877
""
""
""
""
""
""
""
""
""
""
""
""
""
""
0.053390179
""
-0.0049006515
-0.0081015602
0.083662666
-0.01880379
-0.00049039099
-0.07023517
""
""
""
""
""
""
""
""
""
0.028332382
""
-0.028650798
""
-0.20135356
""
0.11867373
0.036043972
-0.13986027
0.11687931
0.11362359
-0.057407755
0.14903839
-0.038900256
0.023025502
""
""
""
""
""
""
""
""
""
""
""
""
""
""
-0.030593604
""
""
""
""
""
""
""
""
""
""
""
""
""
""
""
0.020246834
-0.05618491
""
""
""
""
""
""
""
-0.043404508
0.14277896
-0.12236103
-0.038908508
-0.039320532
-0.01308771
""
0.30613488
""
""
-0.038042821
""
-0.026928062
0.0080761071
-0.07698603
-0.010835312
-0.11860987
""
0.0014850501
0.15572348
-0.095815659
-0.0031759311
0.022082472
0.013652322
""
0.0028939806
""
-0.00032939995
-0.029476993
-0.0072582075
""
""
""
""
""
""
""
""
-0.048412215
-0.040272459
""
""
0.11234725
""
""
""
""
""
""
""
""
""
""
0.0063737039
0.011271321
0.12030477
0.00041134356
-0.010020139
0.0089187622
0.0097569404
-0.090935342
-0.0033393032
""
""
""
""
""
""
""
""
""
""
0.045488343
""
""
-0.04355251
""
""
""
""
0.12981519
0.015356997
0.0040870807
0.13866051
0.0015003643
-0.010279821
-0.030639563
-0.043129396
0.036943387
0.0071189436
-0.024132075
0.013951177
""
0.002269903
-0.0044109514
0.026183879
0.037318058
-0.055477858
0.040392958
0.039884459
0.1362308
0.0014817589
0.020412715
0.076500066
0.013769828
-0.025020013
-0.028789058
0.030326014
-0.0067600613
0.080269016
""
0.014026944
""
""
-0.0038076902
0.1179738
-0.033232879
0.00022257573
0.0056424811
0.071990632
-0.10882965
0.0124539
0.0026266128
0.044778652
-0.069347732
0.082685381
0.015622756
0.15766896
0.010428758
""
""
""
0.010278293
0.00027032921
""
-0.0033001155
""
""
""
""
""
""
""
""
""
""
""
""
""
""
""
""
""
""
""
""
""
""
""
""
""
""
""
""
""
""
""
""
""
0.1059887
""
""
0.061406069
""
0.11015098
0.084224992
-0.017068667
""
""
""
""
""
""
""
""
""
""
""
""
""
""
0.10651835
""
""
""
""
""
""
""
""
""
-0.018759931
0.03328928
0.026925646
""
0.062820829
""
""
-0.031451896
0.014637229
-0.0064419364
""
""
""
""
""
""
""
""
0.084567785
""
0.022635844
""
""
-0.018152157
""
""
""
""
""
""
""
""
""
""
""
-0.09488152
0.018682323
""
0.055205818
""
0.091668203
0.031376801
-0.00543543
0.00092197815
0.18135248
""
0.16746368
""
""
0.031859394
""
""
""
""
""
""
""
""
""
""
""
""
""
""
""
""
0.034466229
""
""
""
""
""
""
""
""
""
""
""
""
""
""
""
""
""
""
""
""
""
""
""
""
""
""
""
""
""
""
""
""
""
""
""
""
""
""
""
""
""
""
""
""
""
""
""
""
""
""
0.014924325
""
-0.031987701
-0.035981923
0.14200822
""
""
""
""
""
-0.012788755
""
0.14902624
""
""
""
""
""
""
""
0.011500362
-0.062536098
-0.0057849498
0.22639954
0.17266014
0.039575666
-0.013771527
-0.004254743
-0.019759243
-0.018786415
0.0016714302
-0.0010781947
-0.0061139381
0.22825068
-0.041016437
""
""
-0.15093309
0.0076360535
-0.085104384
0.21380369
""
""
""
""
""
0.11303977
""
""
""
""
""
""
-0.013647123
-0.0077405358
""
0.13947134
0.030709166
0.040882684
0.061472364
-0.0025276521
0.028320752
-0.0010091483
0.0098261246
0.0051128571
-0.0092520677
0.042839132
0.052529287
""
""
""
""
""
""
""
""
""
""
""
""
""
""
""
""
""
""
""
""
""
""
""
""
""
""
""
""
""
""
""
""
""
""
""
""
""
""
""
""
""
""
""
""
""
""
""
""
""
""
""
""
""
""
""
""
""
""
""
""
""
""
""
""
""
""
""
""
""
""
""
""
""
""
""
""
""
""
""
""
""
""
""
""
""
""
""
""
""
""
""
""
""
""
""
""
""
""
""
""
""
""
""
""
""
""
""
""
""
""
""
""
""
""
""
""
""
""
""
""
""
""
""
""
""
""
""
""
""
""
""
""
""
""
""
""
""
""
""
""
""
""
""
""
""
""
""
""
""
""
""
""
""
""
""
""
""
""
""
""
""
""
""
""
""
""
""
""
""
""
""
""
""
""
""
""
""
""
""
""
""
""
""
""
""
""
""
""
""
""
""
""
""
""
""
""
""
""
""
""
""
""
""
""
""
""
""
""
""
""
""
""
""
""
""
""
""
""
""
""
""
""
""
""
""
""
""
""
""
""
""
""
""
""
""
""
""
""
""
""
""
""
""
""
-0.09988264
""
-0.085108198
""
""
-0.062633231
0.069853462
""
""
""
""
-0.028883383
""
""
0.054529816
0.079200111
-0.017647387
0.014236757
""
0.0080488091
0.046956837
""
0.0049831807
0.0015779701
0.0070160916
""
-0.011538331
""
-0.014002777
-0.024976067
0.052127477
0.022436477
-0.0059142578
0.0072871763
-0.031565331
""
""
0.024820972
""
-0.020799028
0.0030318894
0.071650796
""
""
""
""
""
""
""
""
0.068037145
""
""
""
""
""
""
""
""
""
""
""
""
""
""
""
""
""
""
""
""
""
""
""
""
""
""
""
""
""
""
""
""
""
""
""
""
""
""
""
""
""
""
""
""
""
""
""
""
""
""
""
""
""
""
""
""
""
""
""
""
""
""
""
""
""
""
""
""
""
""
""
""
""
""
""
""
""
""
""
""
""
""
""
""
""
""
""
""
""
""
""
""
""
""
-0.016989214
""
""
""
""
""
""
""
""
""
""
""
""
""
""
""
""
""
""
""
""
""
""
""
""
0.10596026
""
""
""
""
""
""
""
""
""
""
""
""
""
""
""
""
""
0.015450784
""
""
""
""
""
""
""
""
""
""
""
""
""
""
""
""
""
""
""
""
""
""
""
""
""
""
""
""
""
""
""
""
""
""
""
""
""
""
""
""
""
""
""
""
""
""
""
""
""
""
""
""
""
""
""
""
-0.0064023365
0.0088582505
""
0.048469383
""
""
""
0.0028123506
0.049799331
""
0.0098438412
""
-0.021740623
""
""
0.062057
-0.0094170589
""
""
-0.024581188
0.0074367388
0.0045844084
0.029359236
-0.057372984
""
0.11095658
0.0070766853
""
-0.0010046847
""
""
-0.026122564
0.0016795342
-0.0084180664
-0.0050252294
0.01043791
-0.020710366
0.0117774
""
0.11039175
0.0052054729
""
""
-0.049322691
0.02096864
""
""
""
0.012885937
-0.079528607
0.059513532
0.014325587
""
0.0022794208
""
-0.029014621
""
-0.042543322
0.043749642
-0.054781299
0.035362918
0.022239052
0.068348877
-0.051866539
0.0077226763
-0.048579894
0.057052489
-0.024285279
-0.064834625
""
-0.0092459442
-0.03383828
""
-0.0082282042
0.035388075
""
-0.050159339
-0.021779122
-0.01425469
""
0.017336436
""
-0.034104079
""
-0.030506158
""
""
""
0.042669073
""
""
""
0.0064059086
-0.0084929727
-0.0019537872
""
0.024041064
0.066347539
0.014014217
""
-0.0046484205
0.028603364
""
-0.032895412
-0.03574121
""
""
0.047606293
0.0022105372
0.018211586
0.025622118
-0.059571002
0.0052920128
0.0092560099
""
0.021549882
-0.044297695
0.077304892
-0.0088625308
0.010018577
-0.0085159317
""
0.032922141
-0.0030337919
0.018550409
0.13498577
""
""
""
""
""
""
0.042646691
""
-0.017882887
""
""
""
""
0.02867227
""
""
0.017310586
0.015657891
0.023404848
0.012677778
""
0.012993809
0.0061799921
-0.12171869
""
""
""
""
""
""
""
""
""
0.01283982
""
-0.042477049
0.017002178
-0.1226225
""
0.0049985549
-0.0074411342
""
""
""
""
""
""
""
""
-0.0030153249
""
""
""
-0.0095230406
0.11534402
0.0013941833
0.04521988
0.020709654
0.0091153653
""
""
""
""
""
""
""
-0.066105425
""
""
""
""
""
-0.033258665
""
""
""
""
""
""
0.0079642544
0.10782075
""
""
""
""
""
""
-0.04464918
""
""
""
""
""
""
""
""
0.0076092295
0.043166418
""
0.08590173
""
0.040424082
""
0.0030065947
""
""
""
""
""
0.0097083617
0.021131568
""
""
""
""
""
""
""
-0.012051748
""
""
""
""
""
0.0042185672
-0.011131605
""
""
""
""
""
""
""
""
""
""
""
""
""
""
""
""
""
""
""
""
""
""
""
""
""
""
""
""
""
""
""
""
""
""
""
""
""
""
""
""
""
""
""
""
""
""
""
""
""
""
""
""
""
""
""
""
""
""
""
""
""
""
""
""
""
""
""
""
""
""
""
""
""
""
""
""
""
""
""
""
""
""
""
""
""
""
""
""
""
""
""
""
""
""
""
""
""
""
""
""
""
""
""
""
""
""
""
""
""
""
""
0.047373328
""
""
""
""
""
""
""
""
""
""
""
""
""
""
""
""
""
""
""
""
""
""
""
""
""
""
""
""
""
""
""
""
""
""
""
""
""
""
""
""
""
""
""
""
""
""
""
""
""
""
""
""
""
""
""
""
""
""
""
""
""
""
""
""
""
""
""
""
""
""
""
""
""
""
""
""
""
""
""
""
""
""
""
""
""
""
""
""
""
""
""
""
""
""
""
""
""
""
""
""
""
""
""
""
""
""
""
""
""
""
""
""
""
""
""
""
""
""
""
""
""
""
""
""
-0.065961383
""
""
""
""
""
""
""
""
""
""
""
""
""
""
""
""
""
""
""
""
""
""
""
""
""
""
""
""
""
""
""
""
""
""
0.022554558
""
-0.016992647
-0.008324964
""
""
""
""
-0.02015537
-0.0020206165
""
-0.072445914
""
-0.023132114
0.015651654
""
""
""
""
""
""
""
""
""
""
""
""
""
""
""
""
""
""
""
""
""
""
""
""
""
""
""
""
""
""
""
""
""
""
""
""
""
""
""
""
""
""
""
""
""
""
""
""
""
""
""
""
""
""
""
""
""
""
""
""
""
""
""
""
""
""
""
""
""
""
""
""
""
""
""
""
""
""
""
""
""
""
""
""
""
""
""
""
""
""
""
""
""
""
""
""
""
""
""
""
""
""
""
""
""
""
-0.0031035533
0.048713263
""
""
""
""
""
0.033816267
-0.033630956
0.0027114099
0.019717526
-0.0015792116
0.070767559
0.0023230189
-0.043696586
-0.011783253
""
-0.006141087
""
0.0081659108
-0.0040987493
-0.0021850029
-0.060904548
0.02375393
-0.0072515216
-0.0063941111
""
0.12303149
""
0.0038859509
-0.019179838
""
""
""
""
-0.040515587
0.027324107
-0.00052543543
0.013938202
0.033391736
""
0.0037193231
-0.02476229
0.013322104
-0.01906847
""
-0.032837305
0.00062598975
0.0079328176
-0.043544017
0.042781334
""
""
""
""
""
""
0.044951476
""
""
""
""
0.034092203
0.083050169
0.075113498
""
""
""
""
""
""
""
""
""
""
""
""
""
""
""
""
""
""
""
-0.004509184
0.077435195
-0.024164457
-0.015502343
""
""
""
""
""
""
""
""
""
""
""
""
""
""
""
""
""
""
""
""
""
""
""
""
""
""
""
""
""
""
""
""
""
""
""
""
""
""
""
""
""
0.24359743
""
""
""
""
""
""
""
""
""
""
""
""
""
""
""
""
""
""
""
""
""
""
""
""
""
""
""
""
""
""
""
""
""
""
""
""
""
""
""
""
""
""
""
""
""
""
""
""
""
""
""
""
""
""
""
""
""
""
""
""
""
""
""
""
""
""
""
""
""
""
""
""
""
""
""
""
""
""
""
""
""
0.0070481733
""
""
-0.015732965
""
""
""
-0.012771597
""
""
""
""
-0.03587335
""
-0.018168565
""
""
""
""
""
""
""
""
""
""
""
""
""
""
""
""
""
""
""
""
""
""
""
""
""
""
""
""
""
""
""
""
""
""
""
""
""
""
""
""
""
""
""
""
""
""
""
""
""
""
""
""
""
""
""
""
""
""
""
""
""
""
""
""
""
""
""
""
""
""
""
""
""
0.016468972
""
""
""
""
""
""
""
""
""
""
""
""
""
-0.048958648
0.075426631
-0.021572247
0.21309949
-0.039648563
""
-0.0036426662
""
0.00053870113
0.020847267
-0.016042305
""
""
-0.010443395
0.0075491727
""
0.0055188127
0.01070834
""
""
""
""
""
""
""
""
0.0098076817
0.035936717
0.031797048
""
0.049512763
""
""
""
""
""
""
""
""
""
""
""
""
""
""
""
""
""
""
""
""
""
""
""
""
""
""
""
""
""
""
""
""
""
""
""
""
""
""
0.012156938
""
""
""
""
""
""
""
""
""
""
""
""
""
""
""
""
""
""
""
""
""
""
""
""
""
""
""
""
""
""
""
""
""
""
""
""
""
""
""
""
""
""
""
""
""
""
""
""
""
""
""
""
-0.0075177485
0.0089256391
-0.073350608
-0.0053479192
""
""
0.0015387122
""
""
""
""
""
""
""
""
""
""
""
""
-0.053885844
-0.013199599
""
0.0050298949
-0.04604185
""
""
""
""
""
-0.069791332
""
""
""
""
""
""
""
""
""
""
""
""
""
""
""
""
""
""
""
""
""
""
""
""
""
""
0.18679281
""
""
""
""
""
""
""
""
""
""
-0.046038695
""
-0.023804216
""
""
""
""
""
""
""
""
""
""
""
""
""
""
""
""
""
""
""
""
""
""
""
0.018148789
-0.0063992906
""
0.046439592
-0.005334829
0.054887895
-0.039559193
0.036781389
""
""
""
""
""
""
""
""
""
""
""
""
""
""
""
""
""
-0.051736206
""
""
""
""
""
""
""
""
""
""
""
-0.00135358
""
""
""
0.052799262
""
""
""
""
""
0.018969456
0.017310377
0.021047618
0.040029161
0.018034728
-0.12782946
0.031044265
""
""
0.043171469
0.052791551
""
""
""
""
""
""
""
""
""
""
0.036440786
""
""
""
""
""
""
""
""
""
""
""
""
""
""
""
""
""
""
""
""
""
""
""
""
""
""
""
""
""
""
""
""
""
""
""
""
""
""
""
""
""
""
""
""
""
""
""
""
""
""
-0.096132301
""
""
""
""
""
""
""
""
""
""
""
""
""
""
""
""
""
""
""
""
""
""
""
""
""
""
""
""
""
""
""
""
""
""
""
""
""
""
""
""
""
""
""
""
""
""
""
""
""
""
""
""
""
""
""
""
""
""
""
""
""
""
""
""
""
""
""
""
""
""
""
""
""
""
""
""
""
""
""
""
""
""
""
""
""
""
""
""
""
""
""
""
""
""
""
""
""
""
""
""
""
""
""
""
""
""
""
""
""
""
""
""
""
""
""
""
""
""
""
""
""
""
""
""
""
""
""
""
-0.014298095
""
""
""
""
""
""
""
""
""
""
""
""
""
""
""
""
""
""
""
""
""
""
""
""
""
""
""
""
""
""
""
""
""
""
""
""
""
""
""
""
""
""
""
""
""
""
""
""
""
""
""
""
""
""
""
""
""
""
""
""
""
""
""
""
""
""
""
0.021910954
-0.056051001
""
0.021025164
0.03587449
-0.020709844
0.02712792
""
-0.030837262
-0.026559057
-0.035766549
""
""
-0.018533582
""
""
""
""
""
""
-0.10356564
""
""
""
""
""
""
""
""
0.050883815
""
""
""
""
0.079685248
""
""
""
-0.025529502
-0.0045461361
""
-0.0075123562
""
-0.020906836
""
-0.043771237
""
-0.022735184
""
""
""
""
""
0.038534112
""
""
0.0076641631
-0.058649004
""
""
""
0.0063702874
""
""
""
-0.01094893
""
""
-0.025039619
""
""
0.043769773
""
""
""
""
0.028071946
""
-0.030090861
-0.0090107657
""
""
-0.10618697
-0.0068088863
""
""
-0.0036476639
-0.027693179
-0.014447045
""
0.0089318603
0.052854221
""
0.047935873
""
0.10302795
0.036619242
""
""
""
""
""
""
""
""
""
""
""
""
""
""
""
0.010234666
""
""
-0.0049773687
0.0031457318
0.012041206
""
""
""
""
""
""
""
""
""
""
""
""
0.006416454
""
""
""
""
""
0.006056366
0.042681765
""
0.01712366
""
""
0.09433642
""
-0.037795804
0.056777496
-0.027633756
-0.011748608
0.021429092
0.080248579
0.074030869
0.057264529
-0.05299468
0.042382371
0.0076432917
-0.068650007
""
0.020033941
-0.010160457
-0.018907757
""
""
-0.057322863
-0.01279294
-0.0071463846
-0.0002943626
""
""
0.03836485
0.026348788
-0.0062215105
-0.096097842
""
-0.041800048
""
""
""
""
""
""
""
""
""
""
""
""
""
""
""
""
""
""
""
""
""
""
""
""
""
""
""
""
""
""
""
""
""
""
""
""
""
""
""
""
""
""
""
""
""
""
""
""
""
""
""
0.014498907
""
-0.021505775
""
""
""
0.0072352756
""
""
""
""
""
""
-0.0026461934
""
""
""
""
""
""
""
""
""
""
""
""
""
""
""
""
""
""
""
""
""
""
-0.099643677
0.00020777731
""
""
""
""
0.046515454
0.11483417
0.0028897265
""
""
0.069924526
""
""
""
""
""
""
""
""
""
""
""
""
-0.056272361
0.067577101
""
""
""
""
""
""
-0.043017488
""
""
""
""
""
0.0022544316
""
""
""
0.064789318
""
""
""
""
""
""
""
""
0.0051812399
""
""
""
""
""
""
""
""
""
""
""
-0.047267377
""
-0.010682601
-0.035855755
0.1469992
-0.022301286
0.031380363
0.05104249
""
""
""
0.0044069183
0.038535886
0.044310059
0.031344078
""
0.018021457
-0.044138342
""
-0.015126983
""
""
0.12853737
""
""
""
""
""
0.047557879
-0.04859275
0.025421947
0.015993452
0.035887606
""
0.018406576
0.00093168643
-0.02552546
-0.0094539225
0.00033422656
""
-0.096104272
""
""
""
""
""
""
""
""
""
""
""
""
""
""
""
""
""
""
0.029092884
""
""
-0.016469395
-0.013038971
""
""
-0.028701587
""
""
""
""
""
""
""
""
""
""
""
""
""
""
""
""
""
""
""
""
""
""
0.01163494
""
""
""
""
""
""
""
""
""
""
""
""
""
""
""
""
""
""
""
""
""
""
""
""
""
""
""
""
""
""
""
""
""
""
""
""
""
""
""
""
""
""
""
""
""
""
""
""
""
""
""
""
""
""
""
""
""
""
""
""
""
""
""
""
""
""
""
""
""
""
""
""
""
""
""
""
""
""
""
""
""
""
""
""
""
""
""
-0.051426291
""
""
""
""
-0.0031026944
""
""
""
""
""
""
""
""
-0.050561991
""
-0.021235753
""
-0.013716189
""
0.0076965387
-0.076969162
""
-0.022848351
""
""
""
""
""
-0.021074269
0.055773474
0.021521799
0.0050211027
0.00019470384
""
""
0.0068370248
-0.049802113
""
""
""
""
0.063698642
""
""
""
""
""
""
""
""
""
""
""
""
""
""
""
""
""
""
""
""
""
""
""
""
""
""
""
""
-0.042856596
""
""
""
""
""
""
""
""
""
""
""
-0.1254537
""
""
""
""
""
""
-0.0011510841
0.092132948
0.059528243
""
""
""
""
""
""
0.055616081
""
""
""
""
""
""
""
""
""
""
""
""
""
""
""
""
""
""
""
""
""
""
""
""
""
0.063972481
""
""
0.057056714
0.1696315
""
""
0.075658239
""
""
""
""
""
-0.024403304
""
0.059145946
""
""
-0.014237722
0.48765075
""
0.056112565
-0.0017640534
0.31970242
-0.025376042
0.12710361
""
0.099297486
0.069332428
-0.048704185
0.075402267
""
""
""
-0.023934921
0.073433876
-0.0083317431
""
""
0.012750174
-0.038183514
""
""
""
0.056355007
0.013311334
""
0.025325604
""
-0.058324207
""
""
0.054806001
""
0.041304544
0.015719604
-0.022250503
""
""
""
""
-0.017337451
-0.0067949952
""
""
-0.020024821
0.0031342292
""
-0.0011246733
""
""
""
""
0.0003286484
-0.093743697
""
""
-0.080239914
-0.01549353
0.064968899
-0.035194576
-0.060932893
0.04658873
0.021908486
""
""
0.0049070111
-0.031056581
-0.044546355
0.0061280727
-0.073973693
0.094639041
""
0.0088239918
""
""
""
""
""
0.16299531
0.071670957
-0.0052861976
0.018898185
""
""
0.025906861
""
-0.0084038861
""
""
""
0.028547628
""
""
""
""
""
""
""
""
""
0.028113928
0.16659759
""
""
""
""
""
""
""
""
""
""
""
-0.037321076
""
""
""
""
""
""
""
""
""
""
""
""
""
""
""
""
""
""
""
""
""
""
""
""
""
""
""
""
""
""
0.003360555
""
""
""
""
""
""
""
""
""
""
""
""
""
""
""
0.067127734
""
""
""
""
""
""
-0.0050865873
""
""
""
-0.042164832
""
""
""
""
""
""
""
""
""
""
""
""
""
""
""
-0.036871262
""
""
-0.042244628
""
""
-0.042313192
0.051087897
""
""
""
""
-0.060667112
""
0.037717957
""
""
""
""
""
""
""
""
""
""
""
""
""
""
""
""
""
""
""
-0.02142065
""
""
""
""
""
-0.0084093735
""
0.11507404
0.12794782
0.024596864
""
""
""
""
""
""
""
""
""
""
""
""
""
""
""
""
""
""
""
""
""
""
""
""
""
-0.046195939
""
""
""
""
""
""
""
""
""
""
""
-0.5442996
""
""
""
""
""
""
""
""
""
""
""
""
""
""
""
""
""
""
""
""
""
""
-0.0045939796
0.076980829
""
""
-0.0045710565
0.0028390086
0.45036238
-0.0051834933
""
""
""
""
""
0.071720511
""
0.087616205
0.090505734
-0.034761835
0.076509297
""
0.023073357
0.071489759
0.039505683
0.010466707
0.081636615
0.01733961
0.04252246
0.10702232
-0.0058491519
-0.012869264
""
""
""
""
""
""
""
""
""
""
""
""
""
""
""
""
""
""
""
""
""
""
0.045210768
0.025173815
-0.0012208282
-0.041123576
""
0.081622541
""
""
""
""
""
""
""
0.0090227937
-0.018558281
0.0013359584
0.043017663
""
0.092090704
-0.098796658
""
0.10556033
""
0.01020929
""
0.12145292
""
""
""
-0.030602107
-0.10939988
0.037738614
-0.017652472
""
0.070100054
0.066399716
0.072638258
""
0.046658803
""
0.044437148
""
-0.060883958
0.015829705
0.072273351
0.062784448
-0.018250138
-0.032306667
""
-0.0046400009
0.0069659115
""
""
""
""
""
""
""
""
""
""
""
""
""
""
""
""
-0.023641646
0.0082603199
0.011724681
""
0.018512733
""
""
""
""
""
""
""
0.10476369
""
""
""
""
""
""
""
""
""
""
0.079361752
""
""
""
""
-0.025278371
""
""
""
""
0.020519275
""
-0.030399216
-0.0093011046
-0.044192716
0.089745529
""
-0.022127448
""
""
""
""
""
""
""
""
""
""
""
""
""
""
""
""
-0.054285757
""
""
""
""
""
""
0.0049368613
0.070069544
0.12636191
-0.02092265
""
-0.085030556
-0.022010788
0.12176605
0.0048976061
-0.023300238
-0.0030660329
0.080211103
-0.086484328
""
""
""
""
""
""
""
-0.015065376
""
""
""
""
""
""
0.083508164
""
""
-0.01390552
-0.0023500789
""
""
-0.075384684
""
0.0058788806
-0.059162859
""
""
""
""
""
""
-0.0028287964
0.032726727
""
0.0097713182
0.036863796
-0.044392813
""
""
0.050612655
-0.013572548
0.17287765
""
""
""
""
""
""
""
""
""
-0.0079316571
""
""
""
""
""
""
0.027174212
-0.13336889
""
-0.049089868
-0.011566771
""
0.03660306
""
""
""
""
""
""
0.061701506
""
""
""
""
""
""
""
""
""
""
""
""
""
""
""
""
""
""
""
""
""
""
""
""
""
""
""
0.0032344144
""
""
""
""
""
""
""
""
""
""
""
""
""
""
""
""
""
""
""
""
""
""
""
""
""
-0.00073666335
0.1567491
""
-0.057595357
""
""
0.022257626
""
""
""
""
""
""
""
""
""
""
""
""
""
-0.014462973
""
""
""
""
""
""
""
""
""
""
""
""
""
""
""
""
""
""
""
""
""
""
-0.025081325
""
""
""
-0.022549612
""
""
""
""
""
""
""
""
""
""
""
""
""
""
""
""
""
""
""
""
""
""
""
""
""
""
""
""
""
""
""
""
""
""
""
""
""
""
""
""
""
""
""
""
""
""
""
""
""
""
""
""
""
""
""
""
""
""
""
""
""
""
""
""
""
""
""
""
""
""
""
""
""
""
""
""
""
""
""
""
""
""
""
""
""
""
""
""
""
""
""
""
""
""
""
""
""
""
""
""
""
""
""
""
0.021149866
0.068235621
""
-0.026454194
0.02284584
""
""
""
""
""
-0.12736988
0.058431249
-0.015158186
0.066839829
0.065067902
-0.027132146
""
0.016220348
""
""
""
""
""
""
""
""
""
0.060887687
0.1133101
""
-0.0093289707
""
-0.042458776
-0.025986739
""
""
""
-0.066209413
""
0.13038087
""
""
0.028803615
""
""
0.077555977
""
0.12424617
-0.0016099741
""
-0.022042491
0.014870185
0.0019576496
0.053019207
0.13911565
""
0.06363187
-0.059179083
0.0024386581
0.01541527
""
-0.023731174
""
""
-0.034368739
""
""
""
""
""
""
""
""
""
""
0.14143004
-0.002332075
-0.048209365
""
""
-0.0030822379
""
""
0.015242368
0.057402037
0.064396009
-0.016855055
0.021495732
""
""
""
""
""
""
""
""
""
""
""
""
""
-0.0058174697
0.02344957
0.079058975
-0.033820752
0.062592998
-0.0048479321
0.0056198677
-0.017041789
-0.051934112
0.014433248
-0.039442319
-0.020340092
0.048206419
0.01831352
-0.045207743
-0.0015199421
0.017567465
-0.073621362
""
-0.028231075
-0.056270625
0.032155287
0.065776326
-0.029671542
-0.011686984
-0.06379886
0.017638531
0.047151882
0.00030444897
-0.016585222
0.0087435832
0.046649076
0.092987277
0.0016276516
""
0.0043044244
0.0076061422
0.042409591
-0.011115773
-0.0025217803
0.092529029
-0.097312815
-0.019530475
0.078643024
-0.018497691
""
""
""
""
""
""
""
""
""
""
""
""
""
""
""
""
""
""
""
""
""
""
""
""
""
""
""
""
""
""
""
""
""
""
""
""
""
""
""
""
""
""
""
""
""
""
""
""
""
""
""
""
""
""
""
""
""
""
""
""
""
""
""
""
""
""
""
""
""
""
""
""
""
""
""
""
""
""
""
""
""
""
""
""
""
""
""
""
""
""
""
""
""
""
""
""
""
""
""
""
""
""
""
""
""
""
""
""
""
""
""
""
""
""
""
""
""
""
""
""
""
""
""
""
""
""
""
""
""
""
""
""
""
""
""
""
""
""
""
""
""
""
""
""
""
""
""
""
""
""
""
""
""
""
""
""
""
""
""
""
""
""
""
""
""
""
""
""
""
""
""
""
""
""
""
""
""
""
""
""
""
""
""
""
""
""
""
""
""
""
""
""
""
""
""
""
""
""
""
""
""
""
""
""
""
""
""
""
""
""
""
""
""
""
""
""
""
""
""
""
""
""
""
""
""
""
""
""
""
""
""
""
""
""
""
""
""
""
""
""
""
""
""
""
""
""
""
""
""
""
""
""
""
""
""
""
""
""
""
""
""
""
""
""
""
""
""
""
""
""
""
""
""
""
""
""
""
""
""
""
""
""
""
""
""
""
""
""
""
""
""
""
""
""
""
""
""
""
""
""
""
""
""
""
""
""
""
""
""
""
""
""
""
""
""
""
""
""
""
""
""
""
""
""
""
""
""
""
""
""
""
""
""
""
""
""
""
""
""
""
""
""
""
""
""
""
""
""
""
""
""
""
""
""
""
""
""
""
""
""
""
""
""
""
""
""
""
""
""
""
""
""
""
""
""
""
""
""
""
""
""
""
""
""
""
""
""
""
""
""
""
""
""
""
""
""
""
""
""
""
""
""
""
""
""
""
""
""
""
""
""
""
""
""
""
""
""
""
""
""
""
""
""
""
""
""
""
""
""
""
""
""
""
""
""
""
""
""
""
""
""
""
""
""
""
""
""
""
""
""
""
""
""
""
""
""
""
""
""
""
""
""
""
""
""
""
""
""
""
""
""
""
""
""
""
""
""
""
""
""
""
""
""
""
""
""
""
""
""
""
""
""
""
""
""
""
""
""
""
""
""
""
""
""
""
""
""
""
""
""
""
""
""
0.030782087
0.054327786
""
""
""
""
""
""
0.053583872
""
0.0080467658
""
""
0.056774028
""
0.068332739
0.056959428
0.0015511265
0.045579389
""
""
-0.024827315
""
""
""
""
""
""
""
""
""
""
""
""
""
""
""
""
""
""
""
""
""
""
""
""
""
""
""
""
""
""
""
""
""
""
""
""
""
""
""
""
""
""
""
""
""
""
""
""
""
""
""
""
""
""
""
""
""
""
""
""
""
""
""
""
""
""
""
""
""
""
""
""
""
""
""
""
""
""
""
""
""
""
""
""
""
""
""
""
""
""
""
""
""
0.021625919
""
""
""
""
""
""
0.0038036371
""
""
""
""
0.0094399815
""
""
""
""
""
""
""
""
""
-0.024660755
""
""
""
""
""
""
""
""
""
""
""
""
""
""
0.056937065
""
""
""
""
""
""
""
""
""
""
""
""
""
""
""
""
""
""
""
""
""
""
""
""
""
""
""
""
""
""
""
""
""
""
""
""
""
""
""
-0.074452341
""
""
""
""
""
""
""
""
""
""
""
""
""
""
""
""
""
""
""
""
""
""
""
""
""
""
""
""
""
""
""
""
""
""
""
""
""
""
""
""
""
""
0.012847848
""
""
""
""
""
""
""
""
""
""
""
""
""
""
""
""
""
""
""
""
""
""
""
""
""
""
""
""
""
""
""
""
""
""
""
""
""
""
""
""
""
""
""
""
""
""
""
""
""
""
""
""
""
""
""
0.081566781
""
""
""
""
""
""
""
""
""
""
""
""
""
""
""
""
""
""
""
""
""
""
""
""
""
""
""
""
""
""
""
""
""
""
""
""
""
""
""
""
""
""
""
""
""
""
""
""
""
""
""
""
""
""
""
""
""
""
""
""
""
""
""
""
""
0.071692646
""
""
""
""
""
""
""
""
""
""
""
""
""
0.045428861
""
""
""
""
""
""
""
""
""
0.028647073
0.011203171
""
""
""
0.012778359
0.020235598
-0.0071605095
0.10815043
""
0.0072643193
-0.022210035
0.0040726508
0.018600952
0.0086104246
-0.015621758
-0.013968979
-0.023314878
""
-0.05437851
0.017173002
""
-0.049516078
""
""
0.0098869726
-0.025125122
""
""
""
""
""
""
""
""
""
""
""
""
""
""
""
""
""
""
""
""
""
""
""
""
""
""
""
""
""
""
""
""
""
""
""
""
""
""
""
""
""
""
""
""
""
""
""
""
""
""
""
""
""
""
""
""
""
""
""
""
""
""
""
""
""
""
""
""
""
""
""
""
""
""
""
""
""
""
""
""
""
""
""
""
""
""
""
""
""
""
""
""
""
""
""
""
""
""
""
""
""
""
""
""
""
""
""
""
""
""
""
""
""
""
""
""
""
""
""
""
""
""
""
""
""
""
-0.027053393
-0.0023848054
""
""
""
""
""
""
""
""
""
""
""
""
""
""
""
""
""
""
""
""
""
""
""
""
""
""
""
""
""
""
""
""
""
""
-0.042018112
""
""
""
""
""
""
""
""
""
""
""
""
""
""
""
""
""
""
""
""
""
""
""
""
""
""
""
""
""
""
""
""
""
""
""
0.76894253
""
-0.045656003
0.012022635
""
""
""
""
""
""
""
-0.016599158
-0.3279289
""
""
""
""
""
""
""
""
""
""
""
""
""
""
""
""
""
-0.067154542
""
""
""
""
""
""
0.040532526
""
""
""
""
""
""
""
""
""
0.14508718
""
""
""
""
""
""
""
""
""
""
-0.019935353
0.0079298792
-0.026382413
0.017798224
-0.0078060008
-0.048802335
0.020333987
0.057776976
-0.0046017515
-0.0053992164
0.0048437016
0.023384893
-0.02914506
0.0038804389
-0.020355223
-0.0088677146
-0.0067101787
0.0039529982
-0.018503176
-0.0031264473
0.017210959
-0.057043232
""
""
0.029714964
""
""
0.078006037
-0.035455607
-0.0054941266
""
-0.060818445
0.030921886
-0.051950563
""
""
""
""
0.010822379
0.047300484
0.11550025
0.022031678
0.068994798
""
0.10715391
0.021360852
0.014445946
-0.041725833
""
""
""
""
""
""
""
0.021249644
""
0.00011258613
0.035789814
-0.01296407
""
""
""
""
""
""
""
""
""
""
""
""
""
""
""
""
""
""
""
""
""
""
""
""
""
""
""
""
""
""
""
""
""
""
""
""
""
-0.0019215035
""
""
""
""
-0.059556484
-0.042905048
""
""
0.027061105
""
""
""
""
""
""
0.069619909
""
""
""
""
""
""
0.030330308
-0.022505693
""
""
""
-0.00077495433
0.01276513
-0.0020485208
""
0.047666591
""
""
""
""
""
""
""
""
""
0.018666215
""
""
""
""
""
""
""
""
""
""
""
""
""
""
""
""
-0.0045363773
-0.08231055
0.06140836
""
""
""
""
""
""
""
""
""
""
""
""
""
""
""
""
""
""
""
""
""
""
""
""
""
""
""
""
""
""
""
""
""
""
""
""
""
""
""
""
""
""
""
""
""
""
""
-0.1354523
""
""
""
""
""
""
""
""
""
""
""
""
""
""
""
""
""
""
""
""
""
""
""
""
""
""
""
""
""
""
""
""
""
""
""
""
""
""
""
""
""
""
""
""
""
""
""
""
""
""
""
""
""
""
""
""
""
""
""
""
""
""
""
""
""
""
""
""
""
""
""
""
""
""
""
""
""
""
""
""
""
""
""
""
""
""
""
""
""
-0.016646935
-0.076199658
-0.018025637
0.026368802
-0.017421134
0.0058508455
-0.025137344
0.017785016
0.03819127
-0.014255025
""
0.0058388249
-0.022845093
0.010559154
0.014601062
0.012323525
""
0.014867606
-0.011265389
""
-0.0068370532
""
-0.070693225
""
""
""
""
""
""
""
""
""
""
""
""
""
""
""
""
""
""
""
""
""
""
""
""
""
""
""
""
""
""
""
""
""
""
""
""
""
""
""
""
""
""
""
-0.0027100167
0.12077524
-0.015204597
""
-0.28166687
""
""
""
""
""
""
""
""
""
""
""
""
""
""
""
""
""
""
""
""
""
""
""
""
""
""
""
""
""
""
""
""
""
""
""
""
""
""
""
""
""
""
""
""
""
""
""
""
""
""
""
""
""
""
""
""
""
""
""
""
""
""
""
""
""
-0.099110261
""
""
""
-0.0099772327
-0.021065671
-0.016418668
""
""
""
""
""
""
""
""
""
""
""
""
""
""
""
""
""
-0.019228393
""
""
""
""
""
""
""
""
""
""
""
""
""
""
""
""
""
""
""
""
""
""
""
""
""
""
""
""
""
""
""
-0.04803665
""
""
""
-0.052106414
0.15107132
""
""
""
""
""
0.19617626
""
""
""
""
""
""
""
""
""
""
""
""
""
""
""
""
""
""
""
""
""
""
""
""
-0.020715212
""
""
""
""
""
""
""
""
""
""
""
""
""
""
""
""
""
""
""
""
""
""
""
""
""
""
""
""
""
""
""
""
""
""
""
""
""
""
""
""
""
""
""
""
""
""
""
""
""
""
""
""
""
""
-0.011511487
""
-0.0046989266
0.018120857
0.018345309
0.052071661
""
-0.030018138
0.0076675676
""
""
""
0.0042753806
-0.029205207
""
""
""
""
""
""
""
""
""
""
""
""
""
""
""
""
""
""
""
""
""
""
""
""
""
""
""
""
""
""
""
""
""
""
""
""
""
""
""
""
""
""
""
""
""
""
""
""
""
""
""
""
""
""
""
""
""
""
""
""
""
""
""
""
""
""
""
""
""
""
""
""
""
""
""
""
-0.020142432
""
""
""
-0.026931789
""
""
""
""
""
""
""
""
""
""
""
""
""
""
""
""
""
""
""
""
""
""
""
""
""
""
""
""
0.012592127
-0.02886037
""
""
""
""
""
0.014534025
""
""
""
0.010599651
""
""
""
""
""
0.0086228913
""
""
-0.012960286
0.012381842
""
""
""
""
""
""
""
""
""
""
""
""
""
""
""
-0.044660054
0.0060759764
""
""
-0.0076182657
""
0.0010739898
""
""
""
""
0.0085197147
0.084534511
0.0038421641
-0.069757238
0.013287746
0.058711767
-0.025094576
""
""
0.017634457
""
0.018199351
0.032038357
-0.039274037
""
0.009806497
-0.067182839
0.032833461
""
""
""
""
""
""
""
0.012285707
""
0.074343547
""
""
0.026566969
""
-0.054167707
""
""
""
""
""
""
""
""
""
""
""
0.0025563168
-0.017113632
""
""
""
""
0.035588469
""
""
""
""
""
""
""
""
0.11985298
0.038149077
0.0067540058
0.021902159
0.122752
-0.0060273986
0.079952143
""
0.058868252
-0.010671979
-0.0183738
""
""
""
""
""
""
0.010288192
-0.0033601366
""
-0.00035439763
""
""
""
""
""
""
""
""
""
""
""
""
""
""
""
""
""
""
""
""
""
""
""
""
""
""
""
""
""
""
""
""
""
""
""
""
""
""
""
""
""
""
""
""
""
""
""
""
""
""
""
""
""
""
""
""
""
""
""
""
""
""
""
""
""
""
""
""
""
""
""
""
""
""
""
""
""
""
""
""
""
""
""
""
""
""
""
""
""
""
""
""
""
""
""
""
""
""
""
""
""
""
""
""
""
""
""
""
""
""
""
""
""
""
""
""
""
""
""
""
""
""
""
""
""
""
""
""
""
""
""
""
""
""
""
""
""
""
""
""
""
""
""
""
""
""
""
""
""
""
""
""
""
""
""
""
""
""
""
""
""
""
""
""
""
""
""
""
""
""
""
""
""
""
""
""
""
""
""
""
""
""
""
""
""
""
""
""
""
""
""
""
""
""
""
""
""
""
""
""
""
""
""
""
""
""
""
""
""
""
""
""
""
""
""
""
""
""
""
""
""
""
""
""
""
""
""
""
""
""
""
""
""
""
""
""
""
""
""
""
""
""
""
""
""
""
""
""
""
""
""
""
""
""
""
""
""
""
""
""
""
""
""
""
""
""
""
""
""
""
""
""
""
""
""
""
""
""
""
""
""
""
""
""
""
""
""
""
""
""
""
""
""
""
""
""
""
""
""
""
""
""
""
""
""
""
""
""
""
""
""
""
""
""
""
""
""
""
""
""
""
""
""
""
""
""
""
""
""
""
""
""
""
""
""
""
""
""
""
""
""
""
""
""
""
""
""
""
""
""
""
""
""
""
""
""
""
""
""
""
""
""
""
""
""
""
""
""
""
""
""
""
""
""
""
""
""
""
""
""
""
""
""
""
""
""
""
""
""
""
""
""
""
""
""
""
""
""
""
""
""
""
""
""
""
""
""
""
""
""
""
""
""
""
""
""
""
""
""
""
""
""
""
""
""
""
""
""
""
""
""
""
""
""
""
""
""
""
""
""
""
""
""
""
""
""
""
""
""
""
""
""
""
""
""
""
""
""
""
""
""
""
""
""
""
""
""
""
""
""
""
""
""
""
""
""
""
""
""
""
""
""
""
""
""
""
""
""
""
""
""
""
""
""
""
""
""
""
""
""
""
""
""
""
""
""
""
""
""
""
""
""
""
""
""
""
""
""
""
""
""
""
""
""
""
""
""
""
""
""
""
""
""
""
""
""
""
""
""
""
""
""
""
""
""
""
""
""
""
""
""
""
""
""
""
""
""
""
""
""
""
""
""
""
""
""
""
""
""
""
""
""
""
""
""
""
""
""
""
""
""
""
""
""
""
""
""
""
""
""
""
""
""
""
""
""
""
""
""
""
""
""
""
""
""
""
""
""
""
""
""
""
""
""
""
""
""
""
""
""
""
""
""
""
""
""
""
""
""
""
""
""
""
""
""
""
""
""
""
""
""
""
""
""
""
""
""
""
""
""
""
""
""
""
""
""
""
""
""
""
""
""
""
""
""
""
""
""
""
""
""
""
""
""
""
""
""
""
""
""
""
""
""
""
""
""
""
""
""
""
""
""
""
""
""
""
""
""
""
""
""
""
""
""
""
""
""
""
""
""
""
""
""
""
""
""
""
""
""
""
""
""
""
""
""
""
""
""
