married_white_female_p1
0.34531999
0.36504617
0.37799922
0.35670388
0.46436244
0.74180073
0.33340445
0.33601508
0.15457243
0.35261571
0.36786893
0.5687508
0.35696888
0.41663629
0.53232384
0.37200838
0.38134897
0.42940059
0.10002929
0.38042706
0.44977269
0.407552
0.44505021
0.48748231
0.38018668
0.38234234
0.31848261
0.33572778
0.50256199
0.40956894
0.40859613
0.25048488
0.44966152
0.332719
0.34224248
0.40123898
0.37548879
0.35691723
0.43454611
0.36771455
0.34436989
0.4130497
0.44326088
0.1621349
0.37076962
0.40430152
0.43150157
0.34368673
0.33207566
0.24222089
0.34731489
0.38681111
0.2898902
0.41724163
0.37403953
0.42579958
0.26165459
0.40370479
0.38813612
0.067368992
0.32491526
0.32329053
0.40882424
0.34926364
0.49507946
0.21693824
0.42922944
""
""
0.30120543
0.52953905
""
-0.086982414
""
0.39441347
0.17962605
-0.2082386
0.25450715
0.37139648
0.4943749
0.43197674
""
""
0.36505312
0.27409148
0.26541731
""
0.5744881
-0.020895319
0.43618879
""
0.39603767
0.18090707
0.17037776
""
0.53861809
0.47111014
0.35026333
0.37208623
0.3123793
0.31692272
0.42329964
0.41831198
0.34935454
0.34632263
0.40574273
0.32388034
0.35636595
0.39334577
0.41886422
0.40673691
0.31547955
0.33372846
0.4315232
0.44574273
0.43854606
0.38339499
0.58225983
0.46623936
0.4014242
0.36689556
0.30225325
0.48964784
0.34919861
0.36473331
0.41994575
0.43543905
0.35782534
0.34402424
0.39043209
0.3304897
0.41545954
0.29838035
0.42662045
0.49191883
0.46782979
0.37056056
0.41707867
0.37591404
0.31662476
0.33708882
0.42254207
0.42357031
0.40415671
0.23321514
0.28167135
0.40540424
0.19001445
0.36861777
0.2788901
0.43181217
0.44959852
0.30643773
0.34891427
0.60151458
0.43444255
0.32965139
0.32877794
0.26183492
0.51181668
0.53045595
0.62163591
0.3555164
0.49481782
0.26757613
0.54230386
0.33988443
0.46011469
0.37795493
0.58537412
0.33824772
0.38060215
0.38057628
0.31128433
0.48851204
0.61928451
0.3341715
0.46393254
0.4653343
0.57341367
0.30457512
0.48720953
0.41642597
0.46330339
0.31066453
0.35715455
0.35166031
0.56924295
0.49710211
0.37790585
0.37865219
0.34068319
0.32855216
0.35900766
0.45022991
0.37627965
0.32489532
0.32134247
0.38067061
0.29148826
0.36492252
0.36781827
0.36292383
0.4863742
0.41779527
0.39019868
0.3216323
0.58394217
0.36341184
0.36996281
0.46030217
0.67004639
0.34606862
0.40199837
0.46701643
0.39719465
0.44340008
0.40538937
0.39233384
0.37222102
0.52920753
0.38042706
0.40445662
0.35852468
0.35186303
0.37190229
0.33556408
0.37754169
0.3398307
0.39201802
0.40510041
0.097487159
0.44223124
0.32666731
0.35982665
0.35334748
0.36525616
0.39117473
0.59633768
0.35414353
0.42691857
0.37456566
0.39056796
0.38161933
0.33138165
0.46791551
0.36728188
0.45749414
0.78522563
0.59890598
0.39934492
0.45413318
0.43808496
1.1654329
0.56945604
0.66956288
""
0.35275808
0.45044893
0.54250604
0.28764227
0.72074693
0.40843421
0.47735372
0.46801749
0.3945331
0.47847587
0.4003571
0.4377386
0.39251947
0.45193362
""
0.5035308
0.90967226
0.38103211
0.41884121
0.53229785
0.43985957
0.49678385
0.39605683
0.55697298
0.55571932
0.53719622
0.44317001
""
0.30324495
0.39223298
0.44201103
0.51692784
0.46464205
0.37231198
0.45913991
0.73802131
0.4703207
0.44794834
0.39164811
0.45868045
0.48002183
0.35375628
0.56921202
0.13684359
0.27977833
0.42801476
0.43320671
0.40650597
0.59569967
0.38736495
0.57387614
0.34963271
0.27396664
0.28544244
0.29763183
0.3254908
0.30681702
0.25049123
0.24662608
0.27607566
0.1920145
0.27777743
0.25283387
0.38037509
0.29118958
0.34325454
0.25790206
0.33593455
0.32959476
0.29721704
0.33246759
0.37126362
0.30354458
0.37290537
0.27457955
0.43438572
0.27060553
0.2795721
0.35557157
0.34391195
0.26761445
0.41514176
0.38676482
0.32797393
0.2492858
0.43015534
0.45078573
0.24987379
0.34415823
0.32887369
0.27721044
0.37419248
0.31282651
0.32570216
0.42334014
0.3198241
0.34109887
0.3078571
0.3616378
0.38044232
0.33019748
0.34845492
0.2894806
0.35751638
0.35255229
0.29187754
0.34863994
0.32733375
0.38209623
0.31573445
0.30601141
0.32534504
0.3204774
0.28897291
0.30156904
0.29532209
0.30513915
0.32406253
0.31671232
0.37870443
0.36240071
0.37089011
0.34000805
0.35921121
0.40801072
0.33055925
0.32408816
0.38666806
0.37805882
0.41134477
0.31123331
0.40216762
0.34190366
0.7039907
0.32377118
0.36746985
0.34735164
0.3417263
0.32329345
0.270706
0.28635612
0.36141026
0.39305902
0.44731382
0.37362048
0.43418384
0.28285882
0.29186425
-0.090786308
0.4049809
0.33207393
0.36550459
0.35188979
0.51757908
0.33558339
0.30910337
0.34310055
0.39838544
0.38361812
0.54958147
0.31638548
0.42269641
0.32992411
0.3540327
0.40156692
0.38297069
0.4344739
0.32138655
0.27040416
0.25477245
0.44671473
0.36220121
0.34005442
0.36256579
0.38708231
0.17050597
0.28248841
0.37119418
0.31333831
0.40499792
0.3608579
0.43120298
0.39972764
0.20393339
0.45222768
0.43912908
0.31844532
0.34081334
0.40444422
0.36302459
0.26816359
0.26698935
0.28387922
0.37709814
0.47593567
0.25379685
0.38582414
0.42820781
0.3822782
0.17175899
0.39121976
0.28713757
0.45205888
0.38769376
0.28704926
0.28153029
0.41420376
0.40260532
0.41481313
0.26052457
0.36101267
0.2735917
0.23933731
0.43906847
0.3442443
0.2262186
0.35036424
0.30550244
0.41199094
0.31546563
0.49074051
0.37515959
0.48455262
0.28706998
0.11491098
0.19805685
0.30750668
0.45971793
0.20381971
0.44666931
0.34079576
0.32360679
0.15709022
0.22445668
0.26397502
0.25560418
0.39731193
0.52227324
0.44695592
0.34875906
0.28024197
0.42294803
0.35082555
0.44487631
0.36393562
0.20251556
0.37870055
0.29014012
0.4010821
0.50559127
0.29200828
0.40138477
0.49265948
0.29593745
0.21689297
0.33730492
0.38045314
0.39274079
0.36231872
0.17150907
0.26490936
0.41892028
0.48579687
0.27201402
0.098026246
0.36492133
0.37204361
0.31985477
0.65561646
0.43643537
0.28175738
0.33326861
0.44225681
0.39198363
0.2898123
0.3378427
0.34871274
0.41776025
0.15363629
0.20857747
0.32824141
0.47618851
0.34494215
0.46025869
0.31144804
0.3095772
0.40292811
0.38478541
0.39790183
0.42884743
0.41051689
0.41157582
0.36492077
0.41626328
0.63682908
0.45171028
0.58359885
0.45662653
0.51021218
0.53969973
0.31809938
0.46197441
0.49137539
0.48669529
0.74154615
""
0.42345729
0.56497884
0.49900562
0.67965251
0.4673602
0.51270252
0.41138402
0.69183964
0.60570234
0.42780226
0.48742762
0.5388661
0.60665888
0.39719531
0.44683009
0.41612938
0.44883901
0.50222981
0.5536108
0.63127518
0.47692046
0.40987489
0.71503443
0.53019303
0.4581126
0.51131523
0.44635421
0.60312486
0.46621174
0.34372911
0.45931548
0.35382104
0.35224885
0.36826572
0.32918382
0.3245714
0.29619676
0.64398164
0.45056528
0.25425649
0.30838034
0.35228601
0.60993934
0.36122784
0.45168227
0.39583713
0.41451374
0.38375184
0.40174061
0.28907248
0.36246112
0.55555052
0.40032163
0.40731505
0.40757388
0.42458293
0.37216166
0.49870202
0.39776528
0.39204571
0.39005619
0.35218164
0.28180304
0.43815154
0.47003117
0.42510349
0.36518219
0.37013096
0.46381363
0.40059066
0.43311399
0.35399202
0.33769163
0.51706958
0.43631494
0.30169204
0.33911204
0.44817081
0.27560583
0.34683868
0.32666558
0.33666885
0.35143015
0.3566654
0.32255802
0.4550398
0.37779751
0.32412755
0.26180375
0.34747258
0.33820245
0.30684584
0.34563422
0.29675743
0.25742772
0.38676438
0.43037212
0.42934185
0.33336547
0.33086392
0.4604024
0.36443159
0.24538164
0.33279574
0.33044493
0.45058146
0.35943255
0.48192441
0.34790617
0.4082779
0.40460736
0.29962698
0.34038097
0.38779342
0.28301123
0.31516671
0.48774621
0.40090728
0.21486525
0.35334319
0.30606222
0.41804516
0.31771743
0.53872228
0.31960741
0.31095633
0.42149124
0.41122454
0.32984701
0.32081965
0.38307416
0.28336927
0.38623989
0.56317174
0.37256286
0.29823172
0.35779539
0.34911716
0.35180762
0.41034725
0.36499432
0.27770501
0.28255671
0.32034793
0.41979611
0.44333687
0.64423102
0.27798471
0.30881515
0.33876786
0.28032422
0.41973543
0.36716998
0.27509102
0.20125069
0.33925185
0.45509031
0.35408673
0.44216537
0.2526944
0.46384779
0.37810361
0.33247289
0.34974369
0.30454943
0.25011042
0.32210475
0.33080047
0.29303941
0.53831893
0.45381036
0.36793774
0.39835167
0.30329028
0.39215145
0.39912841
0.75067234
0.3496722
0.29413131
0.35218859
0.26987475
0.215323
0.36015856
0.39404842
0.35529196
0.30300358
0.24684648
0.36433041
0.33267787
0.4536798
0.35534766
0.40504825
0.30958289
0.48994544
0.39478695
0.28535104
0.38981357
0.35603115
0.39353746
0.40590793
0.36260238
0.4064545
0.44632733
0.308685
0.30651638
0.36743712
0.44292855
0.43382227
0.3239809
0.38931319
0.50249892
0.34387931
0.29676366
0.35864788
0.29075295
0.40313268
0.31200278
0.28424177
0.39002642
0.4117741
0.4155992
0.26296553
0.40223506
0.51860875
0.47917917
0.5728991
0.67130059
0.50586784
0.34977299
0.63790751
0.5444333
0.35403079
0.46247417
0.52449471
0.59018415
0.52692264
0.60188931
0.46128222
0.656353
0.51922166
0.49366102
0.44223967
0.60774493
0.59472841
0.42168999
0.4919374
0.53757209
0.36904797
0.58365023
0.44882417
0.5903756
0.51052618
0.59527779
0.31629559
0.38142315
0.44764796
0.59160846
0.52262831
0.50688684
0.42236552
0.3322567
0.55926448
0.34805569
0.49756488
0.41843072
0.609945
0.43163303
0.47494814
0.49570698
0.55860901
0.37280801
0.64782715
0.55909836
0.49579686
0.34904683
0.48368049
0.42200404
0.55086118
0.65333551
0.59548438
0.36158159
0.3347719
0.61226523
0.4945879
0.62384546
0.49222052
0.53262669
0.45947266
0.39209732
0.53925657
0.51920539
0.47067744
0.4121955
0.51338702
0.39523754
0.52306116
0.47481453
0.42878428
0.47280842
0.52767706
0.53240204
0.28200349
0.29840705
0.39582703
0.64720279
0.63259172
0.28647679
0.47697604
0.64496827
0.4660691
0.46356064
0.49548334
0.44851676
0.59313053
0.40720677
0.3735553
0.4768151
0.61058563
0.3753266
0.43366519
0.64948958
0.38322547
0.51249331
0.37682909
0.27876464
0.55009145
0.41034019
0.5081594
0.4735128
0.39188179
0.45297357
0.39425462
0.42124099
0.34141126
0.44020495
0.664258
0.76864296
0.48534274
0.5217461
0.44292015
0.40187982
0.36547971
0.37337935
0.64461792
0.5082314
0.25239453
0.39444506
0.30733347
0.75858116
0.47250676
0.62803012
0.44423124
0.41932577
0.39472073
0.38935238
0.7243284
0.50842786
0.46788383
0.48108536
1.0104414
0.55061483
0.047510333
0.37388998
0.38090616
1.1584442
0.71332383
0.51266807
0.4935233
0.55661821
0.39909357
0.4429374
0.50790036
0.50817138
0.45920736
0.056587424
0.31692442
0.59411591
0.29764324
0.44087473
0.40819478
0.42152396
0.38968155
0.57142895
0.47359425
0.45091736
0.50407094
0.39118958
0.40433878
0.80145067
0.60569978
0.32192242
0.4260034
0.43091974
0.4402869
0.60857582
0.51058441
0.27470565
0.63141865
0.48244861
0.38188282
0.38555256
0.4049108
0.5842914
0.39988643
0.36491674
0.44601366
0.54920709
0.49801132
0.3614409
0.53227371
0.34728831
0.38698733
0.32877302
0.8450731
0.67199504
0.80422902
0.38856316
0.10229709
0.53674942
0.39169466
0.46589071
0.70706391
0.49208292
0.73890239
0.52374411
0.4784466
0.33569553
0.47536057
0.27077943
0.48164514
0.29678679
0.39555147
0.48019898
0.41938469
0.47240195
0.38061219
0.25616476
0.2949475
0.4002848
0.33690965
0.18939006
0.4221316
0.43493995
0.38503802
0.49235424
0.4632751
0.42941374
0.21832773
0.45420998
0.30013949
0.41104469
0.51705176
0.35141912
0.27996424
0.41523573
0.55750185
0.44109944
0.58959067
0.37857637
0.45602736
0.50971305
0.36351556
0.24416676
0.42430043
0.44163719
0.2446
0.4928582
0.67601889
0.3203223
0.31059021
0.37050575
0.47561738
0.45420057
0.4386456
0.45634538
0.37817401
0.40556276
0.32699841
0.50234294
0.24487066
0.30550978
0.21238433
0.38361993
0.47221324
0.23041366
0.22456275
0.44877523
0.21740906
0.44626096
0.42914897
0.29550451
0.38066569
0.49840489
0.31786484
0.41829425
0.46487883
0.64074999
0.35352975
0.66172171
0.39474881
0.52698421
0.32448861
0.43143556
0.54250348
0.34307215
0.41878584
0.3865515
0.38050479
0.60192633
0.35499817
0.386076
0.34233618
0.30852824
0.48200467
0.53400475
0.25647631
0.59765416
0.45689642
0.36855304
0.41357356
0.45844409
0.37904799
0.32110578
0.42138657
0.33862969
0.36689532
0.4124015
0.31714755
0.42126852
0.36087599
0.4684163
0.30737606
0.46782652
0.24843763
0.29974893
0.34229857
0.39770499
0.4099099
0.49671185
0.41631117
0.30255172
0.50064164
0.37528384
0.39985207
0.4661949
0.45893243
0.35562754
0.384065
0.24021415
0.34113309
0.35271245
0.36151579
0.45027125
0.34991807
0.48017716
0.16494106
0.33309796
0.33656973
0.36968693
0.30725059
0.44333771
0.3751933
0.31952453
0.42219254
0.3796033
0.3558946
0.26627511
0.35428858
0.53455269
0.4463332
0.39757049
0.27732
0.25033665
0.38389748
0.28880507
0.35119212
0.377749
0.43698227
0.53284508
0.44024128
0.34443212
0.39183128
0.35272679
0.393594
0.31837377
0.40122625
0.38062927
0.31154892
0.35184595
0.52141362
0.40080142
0.51071906
0.2927255
0.36740705
0.25215495
0.29891285
0.25574082
0.42856789
0.4220148
0.34890699
0.34795693
0.36091039
0.4336583
0.41234675
0.42330453
0.43102297
0.48570853
0.2878876
0.39763725
0.28965005
0.549725
0.25282642
0.47669527
0.36417177
0.35719824
0.29906538
0.51257223
0.3637597
0.37754422
0.37174103
0.34450987
0.31551918
0.36189893
0.45316285
0.40583587
0.32658508
0.36461437
0.37095413
0.39406124
0.3794935
0.29686296
0.29660946
0.3545869
0.29000461
0.37509194
0.25166288
0.33276454
0.396061
0.36550298
0.46969774
0.31195119
0.33278868
0.25071591
0.346533
0.33838168
0.31370452
0.38290635
0.45300919
0.3599351
0.31059855
0.33889392
0.29121888
0.21466225
0.32249013
0.28664109
0.28283706
0.37974888
0.32226688
0.33069497
0.2705965
0.36229187
0.3342236
0.53502846
0.33856636
0.30687547
0.3131617
0.3181763
0.50262088
0.56322026
0.36147171
0.41497377
0.37101462
0.5324434
0.50850469
0.37595084
0.33314717
0.40701595
0.33115017
0.3379283
0.2796863
0.33747715
0.33472878
0.42241225
0.39118552
0.42376134
0.33655956
0.45146528
0.43998399
0.3720502
0.3848345
0.45264503
0.32644618
0.32824504
0.47313225
0.37056249
0.37155026
0.44622681
0.38385406
0.57114756
0.29020476
0.3425568
0.43592662
0.28891549
0.44307461
0.3002418
0.31385607
0.4473983
0.34857512
0.6604777
0.44654137
0.42426881
0.25915292
0.43786636
0.3881194
0.39250359
0.29946482
0.3667489
0.34835783
0.36209193
0.43621212
0.32996422
0.4013299
0.3430903
0.37477398
0.3388527
0.37512398
0.46149066
0.33708704
0.41141197
0.36269709
0.41632289
0.31692389
0.21399985
0.45320153
0.37778467
0.3503156
0.43496451
0.54265767
0.4167853
0.40354469
0.35340983
0.39253426
0.42378297
0.47667962
0.33863032
0.47895038
0.30658677
0.37956193
0.34298065
0.35719436
0.40839988
0.30381957
0.50754964
0.44573426
0.47279751
0.65836912
0.44375405
0.47146183
0.31789097
0.40899017
0.47323245
0.42201716
0.39743438
0.41849074
0.62685019
0.66354066
0.4599247
0.37802643
0.31484175
0.39850497
0.5399065
0.45839137
0.53072625
0.44533119
0.36119947
0.63671947
0.30764091
0.5780279
0.41198915
0.36149585
0.47845641
0.47608337
0.48128644
0.50861746
0.65035683
0.38248152
0.58610165
0.36107218
0.53252512
0.4610765
0.6125437
0.39015555
0.58209562
0.77011138
0.56034315
0.3934668
0.59178263
0.33458623
0.46424934
0.26547623
0.61605555
0.52470201
0.47807336
0.4369674
0.43492678
0.4636876
0.52926135
0.43220368
0.59207392
0.47100401
0.58097082
0.27695915
0.60122341
0.59401459
0.55898464
0.33953503
0.52294761
0.48672199
0.3618888
0.37938371
0.39349341
0.52842551
0.54359961
0.33807543
0.42190117
0.52154607
0.66392678
0.86059141
0.46396127
0.56276917
0.36214754
0.35002035
0.51022547
0.5748173
0.50047433
0.45395914
0.63503236
0.37605554
0.41173884
0.58259869
0.43379095
0.51040417
0.31260967
0.49736592
0.46755341
0.38760093
0.30674949
0.36226708
0.4166615
0.45577386
0.29732525
0.43790251
0.3933259
0.36705008
0.38199133
0.44907236
0.55796099
0.56537551
0.36829251
0.38843781
0.3307777
0.3864111
0.43902865
0.4316552
0.40746677
0.41815034
0.34971195
0.42091408
0.72741246
0.5073784
0.38467818
0.48920879
0.30591702
0.43231884
0.3289634
0.43380639
0.3928766
0.38024744
0.2372351
0.47203994
0.41893312
0.4175415
0.48586303
0.3032687
0.34215385
0.26276419
0.31452164
0.53543007
0.48413056
0.48594236
0.31677502
0.39535734
0.43326363
0.42753786
0.3648774
0.25398099
0.22441159
0.36305821
0.40714809
0.28112313
0.55865401
0.49129364
0.34734359
0.44597331
0.36377773
0.32542813
0.28395662
0.45748132
0.44281486
0.32935491
0.45969054
0.32146403
0.3627637
0.43853751
0.32706457
0.68095249
0.2330551
0.29051623
0.37190396
0.44219816
0.39048371
0.41301101
0.33592245
0.50051677
0.53346241
0.39218828
0.50813043
0.45046747
0.33367324
0.25738612
0.36202735
0.37932429
0.30565509
0.38495857
0.36785012
0.36507741
0.54584616
0.40321115
0.48898068
0.52370328
0.48692027
0.42728704
0.34672943
0.40524688
0.38147473
0.49793416
0.38040802
0.38189739
0.46686023
0.50201941
0.44475177
0.36438787
0.5372293
0.31574902
0.36719465
0.36787146
0.54907507
0.38794398
0.40581989
0.49316129
0.41209763
0.50899863
0.42082411
0.49666452
0.42709726
0.49197122
0.31979585
0.39336613
0.35586661
0.41322929
0.67271805
0.46120656
0.37228537
0.40902787
0.40804777
0.38278127
0.35222107
0.30994439
0.48057097
0.47074315
0.45850447
0.31284699
0.37842962
0.21709597
0.40676525
0.30896154
0.44853371
0.55454504
0.36559194
0.46867478
0.32272187
0.48240003
0.59796423
0.43526053
0.59943271
0.54380429
0.18334408
0.37928697
0.33445072
0.40014198
0.43830359
0.32524958
0.43004856
0.42226702
0.51673132
0.44733596
0.41719767
0.40389439
0.51932752
0.4005923
0.36482912
0.51459503
0.33377951
0.33914658
0.34940895
0.35682413
0.69499379
0.5087024
0.2965852
0.45656908
0.65621424
0.39904386
0.4575901
0.49776655
0.44484195
0.47624004
0.34049088
0.36162865
0.37483454
0.46742624
0.50214446
0.15927085
0.4763341
0.2822786
0.46933752
0.6991446
0.58673143
0.70006442
0.5680328
0.771761
0.43804976
0.53263217
0.46701044
0.027726322
0.52822024
0.3406682
0.37760827
0.54585612
0.5120858
0.44571656
""
0.66094506
""
0.41743553
0.46417218
0.54493088
0.72181624
0.54281622
0.41010138
0.82406163
0.49041
0.49914008
0.54687762
0.62274426
0.13673468
0.39248931
0.40202215
0.44741857
""
0.76956964
0.49051863
0.76485878
0.38326174
""
0.45166808
0.51159525
0.36845875
0.51238436
0.46415934
0.69742507
0.4112384
0.52045143
1.0058486
0.61384243
0.4300347
""
0.40011111
""
0.74408287
0.40544903
0.38801494
0.67460656
""
0.54062879
0.78724909
0.61659616
0.53484887
0.87661922
0.6546728
0.54200464
0.50961828
0.63456434
0.5462411
0.66707754
0.63338286
0.4216857
0.42014807
0.69852406
0.47718918
0.68752801
0.71227628
0.33414185
0.54584152
0.44831392
0.70152169
0.7654016
0.34653822
0.30422828
0.2703681
0.5414235
0.67223102
0.94352716
0.47027564
0.44421199
0.45517457
0.55315965
0.42317024
""
0.51793575
0.41517502
0.4936108
0.70981014
0.5916962
0.62765276
0.67850637
""
0.56552333
0.41814989
0.50935394
0.57634586
0.57873338
1.0197371
0.24440841
0.73365396
0.35482627
0.38238093
0.61099166
0.79213595
1.3428283
0.48273078
0.47827116
0.6651473
0.63055849
0.56163251
0.66064042
0.42782897
0.51687986
0.61280692
0.58190423
0.49022904
0.51245832
0.66748375
0.54005837
0.64424217
1.0515063
0.46333051
0.38543421
0.41874894
0.42556977
0.55260026
0.6402936
0.60605878
0.7696346
0.56837249
0.52279258
""
0.83349884
0.46505526
0.49977621
0.53530157
0.54387891
0.75320643
0.35118678
0.3877013
0.30918404
0.35205346
0.3827247
""
0.011956034
0.37858844
0.53858411
0.72321469
0.29309961
0.60949165
0.46300185
0.3834497
0.52040517
0.33098102
0.38643065
0.31785849
0.27825671
0.36863431
0.27379671
0.36778384
0.3724184
0.30247104
0.3049258
0.33225128
0.25061125
0.26281053
0.28235823
0.41760182
0.30042407
0.33493948
0.3080655
0.27463618
0.38833791
0.35251182
0.38851896
0.35503885
0.27711079
0.35745692
0.33053339
0.41104823
0.37769505
0.41862604
0.28888169
0.3421039
0.34682092
0.43069062
0.34045804
0.33860111
0.60500997
0.34744933
0.42427862
0.32857034
0.4194515
0.34611708
0.37459281
0.42357951
0.40701184
0.60076565
""
0.61963981
0.39317706
0.20195496
0.46970573
0.29243463
0.33869717
0.25416073
0.3933239
0.29805964
0.26158527
0.45349199
0.35231215
0.41702759
0.37699008
0.30716053
0.31180492
0.42143002
0.39760259
0.41625738
0.53695005
0.26620451
0.33943596
0.37663004
0.33399785
0.32885456
0.35914961
0.33820432
0.34948227
0.32855359
0.33241487
0.34379008
0.30492651
0.39224204
0.37806794
0.32533664
0.36138591
0.46243355
0.33803943
0.27533594
0.35518473
0.40093544
0.21567674
0.39321607
0.42290297
0.58986723
0.50941485
0.39420924
0.33213916
0.3144871
0.35820591
0.42030755
0.36157885
0.30631161
0.35905936
0.31146231
0.34546748
0.51783246
0.37772742
0.3811751
0.42062381
0.43725148
0.47616261
0.24570784
0.41868839
0.64288503
0.44394508
0.3695344
0.22678718
0.37616009
0.42881864
0.36385816
0.41278344
0.38727704
0.33679953
0.33231211
0.34282777
0.28546193
0.31134176
0.40675747
0.35919854
0.39005348
0.49873078
0.43077752
0.2470295
0.42832923
0.52727765
0.19218585
0.43678263
0.47934821
0.3789922
0.27201709
0.3351872
0.3409594
0.35237241
0.33029023
0.31861049
0.27976075
0.49751246
0.38297108
0.45592254
0.34200907
0.34002975
0.48318145
0.43700063
0.36170334
0.30740514
0.37913224
0.35674754
0.33752444
0.46883729
0.45592257
0.28702679
0.29528856
0.52399015
0.30483305
0.3644757
0.32999811
0.49422795
0.27899361
0.35652411
0.35702121
0.39089313
0.41733235
0.31940857
0.31837648
0.38068175
0.38220596
0.419112
0.38712388
0.3057918
0.62383729
0.36281624
0.39653727
0.33577839
0.39462355
0.28905016
0.34398922
0.3060706
0.38227409
0.38491693
0.49367863
0.42030722
0.36224517
0.44813433
0.33487964
0.39180368
0.38111687
0.34667951
0.3329815
0.44663286
0.36177352
0.45719412
0.40675682
0.41397923
0.51881111
0.2903153
0.38679585
0.55722195
0.32086867
0.26658279
0.23897356
0.29551917
0.3234401
0.34917375
0.33767021
0.24130693
0.32836565
0.32676727
0.36753651
0.57617205
0.43377
0.57044059
0.43663344
0.2547074
0.40426713
0.23620373
0.4152939
0.49846205
0.37879819
0.41835496
0.35239983
0.36906704
0.43498653
0.43126673
0.62379593
0.49766836
0.46305087
0.64970618
0.91412151
0.68588144
0.48327363
0.42007008
0.81569219
0.46270272
0.70040643
0.60277337
0.64114261
0.59982246
0.44489962
0.45688927
0.40232575
0.65662348
0.64900613
0.79662895
0.67285854
0.66394854
0.76742798
0.51287419
0.80310506
0.34781894
0.44012526
0.68819284
0.55630422
0.79628515
0.5973022
0.65227306
0.5054785
0.3534981
0.44675794
0.6716724
0.53185737
0.48654336
0.39213639
0.76313984
0.61503661
0.66260535
1.1009421
0.56860799
0.70252323
0.43869287
0.76858324
0.28840801
0.50237036
0.41221875
0.51716721
0.52765894
0.40684301
0.32731616
0.33599254
0.3274363
0.35454014
0.39902398
0.40332046
0.3614468
0.2455295
0.44700402
0.30676016
0.19285515
0.26243204
0.33998817
0.37888643
0.42074308
0.27237239
0.31825072
0.41586256
0.37965816
0.27662611
0.3403323
0.3469083
0.31673297
0.24310727
0.3783074
0.36925232
0.50096399
0.28589141
0.35036555
0.25397265
0.2863389
0.36624482
0.50117195
0.3890135
0.35819688
0.40000799
0.65146923
0.37898418
0.36066461
0.32541814
0.42757365
0.36026421
0.37514511
0.31490526
0.27824765
0.26401818
0.26605013
0.33620086
0.34368849
0.22989312
0.3663353
0.40857261
0.54726607
0.29559758
0.51381725
0.2626287
0.4741244
0.37298948
0.35328874
0.50342691
0.36359695
0.38617527
0.38269341
0.29573539
0.36434788
0.39344019
0.4142558
0.48652312
0.34585273
0.3191362
0.33364269
0.33233303
0.3177349
0.3011272
0.31644174
0.29337406
0.34916827
0.39431798
0.38655496
0.32495883
0.36862937
0.34114197
0.3832092
0.41629592
0.29815421
0.35608512
0.34815064
0.38690805
0.61696833
0.48688957
0.28782251
0.48059875
0.54882485
0.43474522
0.53133458
0.41893291
0.37871057
0.43528596
0.50317484
0.55468541
0.42837137
0.55902666
0.42086175
0.44912833
0.36420694
0.39108601
0.56093454
0.44283819
0.8743816
0.52762967
0.38578567
0.3734422
0.38676858
0.53584415
0.43134516
0.53951991
0.41596669
0.46551812
0.41123611
0.43080983
0.5108493
0.48435667
0.40474299
0.42935428
0.36865112
0.39801499
0.46571153
0.28681168
0.36745077
0.40513009
0.45613796
0.41066214
0.23132834
0.64772218
0.40386391
0.41509646
0.38930535
0.33107111
0.40992013
0.4452301
0.33807328
0.32746556
0.387999
0.44096732
0.39754
0.49051556
0.42470461
0.29276553
0.40819722
0.32526883
0.31254956
0.43488079
0.40467647
0.34408095
0.35464925
0.42824596
0.40301439
0.39516428
0.36061719
0.35896024
0.41974586
0.40626305
0.37628049
0.36660105
0.49569571
0.39266977
0.38658717
0.39485064
0.33119276
0.36560798
0.40285748
0.31856799
0.43700776
0.34427565
0.34168991
0.66733921
0.41855755
0.50173664
0.38969696
0.39214417
0.38544956
0.36110777
0.50395077
0.33699599
0.3338072
0.38572118
0.45727915
0.35758069
0.43941975
0.32508776
0.32023275
0.2582601
0.3560423
0.31684431
0.43449688
0.49932685
0.34949279
0.35363451
0.35288683
0.38246131
0.45331097
0.35693836
0.43625435
0.34762084
0.48860916
0.30977577
0.37017462
0.46357515
0.34614164
0.41967779
0.41138738
0.49983105
0.3675018
0.43969357
0.37930077
0.46201423
0.42179656
0.36094528
0.33478981
0.43472293
0.37091717
0.3756761
0.31788486
0.39819381
0.32407135
0.34759086
0.32344541
0.41570842
0.53699934
0.39801872
0.51270032
0.49475399
0.41315207
0.54243189
0.35923591
0.47275671
0.39510643
0.4355236
0.36952284
0.32574147
0.39653707
0.42268258
0.34196526
0.51115102
0.39959306
0.35979873
0.40939671
0.33923304
0.38551319
0.35339209
0.29571706
0.41932181
0.54122627
0.38879943
0.49390805
0.51166487
0.72660589
0.41328895
0.53013092
0.52895874
0.3838408
0.44022036
0.40058634
0.5067091
0.40294862
0.44027045
0.36324459
0.37086925
0.30143133
0.25892133
0.25984502
0.34948432
0.30574831
0.38854674
0.36746556
0.38113928
0.35400513
0.40535834
0.34317631
0.37366429
0.35981819
0.38091615
0.24963284
0.28429276
0.40505049
0.43269104
0.36302361
0.34866408
0.36698401
0.38175961
0.31844983
0.12961011
0.39867017
0.34959766
0.36943838
0.32515058
0.39302674
0.35364071
0.5760389
0.33988708
0.31011686
0.30116048
0.34836411
0.32526731
0.72696465
0.26557472
0.42319801
0.32040793
0.33704782
0.24580292
0.35599992
0.34214348
0.39369661
0.29821646
0.43936852
0.29739207
0.49138939
0.328343
0.60149521
0.45145956
0.062335059
0.58300138
0.62512875
0.5150547
0.73551625
""
0.47032884
0.68522507
0.72433704
0.50024962
0.54679626
0.55259192
0.58384544
0.61688668
0.50849915
0.62906152
0.73576081
0.66276592
0.78807336
0.52790946
0.3668825
0.73293179
0.49165836
0.60043263
0.78626227
0.609712
0.45447329
0.7528789
1.4234601
0.30014142
0.72245818
0.54235816
0.42992479
0.72570813
0.36895266
0.78389937
0.59951258
0.47586346
0.56140459
0.59863013
0.62463802
0.71907628
0.38639331
0.49076399
""
0.55831552
0.38627201
0.79530632
""
0.41057989
0.74158609
0.59111756
0.61885136
0.62093627
0.52806979
0.33214998
0.30914888
0.98599321
0.69168353
0.72865117
0.49905178
0.53242809
0.40969551
""
0.35630044
0.39346334
0.34455171
0.40941691
0.34499487
0.34641653
0.3642146
0.33338159
0.39171878
0.36379018
0.39413598
0.36126471
0.37239879
0.52305049
0.27578351
0.42380238
0.26364043
0.41474986
0.29502991
0.39417335
0.41205961
0.39829943
0.31722423
0.43531302
0.48861682
0.34871376
0.35667217
0.35613233
0.44673505
0.31910428
0.45128986
0.32746392
0.33995718
0.47545746
0.32914311
0.38225845
0.35353807
0.33642501
0.28479925
0.34959152
0.37702295
0.4427034
0.33943143
0.32017288
0.32811752
0.39630902
0.31346542
0.31776261
0.32350051
0.3664299
0.46644583
0.39538574
0.38933271
0.35127965
0.41349959
0.45508766
0.34391603
0.40329596
0.37166235
0.33882123
0.36771578
0.39745286
0.36791623
0.41967422
0.32183057
0.41860026
0.40044019
0.34365413
0.33482412
0.42373231
0.42430836
0.29530641
0.34081244
0.36326033
0.32471377
0.3733944
0.32726017
0.31449625
0.34872946
0.3309916
0.44536531
0.34914583
0.34530088
0.37881315
0.37977225
0.26491308
0.36370683
0.39303815
0.36032754
0.34382576
0.47690514
0.32652435
0.40319121
0.49426365
0.38102448
0.34406096
0.53538585
0.40525693
0.36412281
0.33512214
0.50229019
0.21834326
0.42127746
0.28436196
0.37683755
0.40029749
0.41527367
0.40910563
0.3640615
0.33730716
0.29451707
0.4290722
0.39607251
0.37132329
0.35687259
0.40823111
0.49038425
0.50456536
0.026417131
0.28895974
0.50657904
0.39459527
0.38896734
0.27667829
0.45290861
0.288513
0.41887599
0.4184342
0.42438912
0.56001425
0.44017801
0.46273679
0.32424557
0.34493119
0.70787865
0.22817171
0.33336946
0.43108782
0.3883507
0.34194005
0.39953974
0.3602365
0.51102221
0.45066172
0.25488544
0.25329137
0.0030644869
0.5406903
0.85904038
""
0.47385547
0.34306291
0.41416293
0.32358369
0.35549816
0.38212082
0.41524512
0.53007036
0.16345617
0.47582904
0.3729907
0.47021872
0.3520205
0.49136376
0.41101143
0.37617245
0.48460457
0.40820327
0.35363954
0.47393069
0.65685958
0.59151417
0.64757901
0.37366045
0.48952183
0.40849891
0.25764412
0.61973923
0.31491536
0.26245663
0.57733065
0.84270912
0.45794046
0.40885809
0.37317932
0.34335148
0.39460567
0.29086542
0.3876372
0.39875451
0.48264286
0.43047196
0.57962954
0.37983277
0.44143054
0.35309684
0.36717916
0.55551082
0.48781779
0.38034579
0.61984313
0.41655552
0.29483461
0.32634142
0.3118735
0.37527931
0.43472356
0.31733787
0.31583011
0.20225883
0.34585705
0.33770654
0.62673074
0.31786942
0.35661471
0.48817086
""
0.39405036
0.70910221
0.33553323
0.37456885
0.33332881
0.5416379
0.36638662
0.50590897
""
""
0.35768929
0.18972602
""
""
0.2643221
0.56757689
0.40534949
0.42384097
0.38365006
0.29652295
0.47499803
0.26462507
0.45903334
0.40286723
0.40985808
0.57591152
0.26985425
0.34400937
""
0.37430122
0.5624879
0.51387781
0.36325771
""
0.37088943
0.41488126
0.69142944
0.53273571
0.31899408
0.50287586
0.3970522
0.092354983
0.41025901
0.4072181
0.51419574
0.43042952
0.474727
0.38495311
0.3485696
0.34949675
""
0.40164796
0.34658706
0.46506986
0.35046363
0.31773737
0.46568063
0.58884001
0.42556757
0.40852198
0.49371642
0.41054046
0.5617981
0.2132421
0.3441321
0.33107382
""
0.26696917
0.39493537
0.53082448
0.4353537
0.34337282
0.30143255
0.41386697
0.93250161
0.37183514
0.42541051
0.46271053
0.47727665
0.58030707
0.4134059
0.34515232
0.35983318
0.47362813
0.21618292
0.37782359
0.23362033
0.49332774
0.73962677
0.41818348
0.43646735
0.26326266
0.4387264
""
0.41332081
0.63507909
0.45677999
0.34984037
0.39434966
""
0.4099783
0.50017834
0.44757274
0.40804267
0.33322805
0.43729988
0.50878888
0.44180784
0.95167303
0.41489017
0.46000212
0.47049385
0.4090395
0.3818045
0.41506863
0.3336221
0.45557603
0.36569351
0.41009086
0.28014937
0.40082592
0.34578747
0.21857943
0.39011374
0.44533637
0.24207595
0.42793646
0.47793058
0.67361683
0.44905955
0.61095589
0.2576499
0.82417983
0.54735005
0.59569937
0.39270437
0.23641264
0.45423153
0.53573561
0.49645856
0.61362964
0.33877957
0.54466522
0.49334079
0.38634068
0.61228734
0.55659944
0.75797731
0.72713715
0.42984214
0.65816879
0.48209351
0.55643129
0.584382
0.36440021
0.61606669
0.55225348
0.57952261
0.53539532
0.84122598
0.38183299
0.32432023
0.25140426
0.27640033
0.28448507
0.448506
0.39002529
0.32732326
0.3338339
0.35126504
0.42539558
0.32221976
0.43904614
0.31681627
0.3526969
0.37411484
0.36828071
0.32926354
0.37139666
0.38201222
0.30965561
0.28766704
0.38057089
0.5380792
0.30068168
0.45527384
0.47389373
0.23637876
0.63816178
0.39744577
0.39140058
0.41336051
0.49541527
0.20594878
0.41717264
0.33015314
0.33465031
0.16038354
0.39785281
0.46192336
0.46839935
0.30644447
0.39023632
0.37297344
0.38075399
0.46247196
0.2165205
0.43856204
0.3446252
0.39227784
0.42013085
0.47093007
0.4320057
0.22837843
0.43918842
0.40609115
0.39121056
0.33883074
0.32153669
0.3993879
0.33898014
0.34203541
0.1151323
0.4359417
0.26591179
0.65835065
0.30823109
0.40763116
0.39772791
0.25043389
0.55797064
0.46569872
0.34079707
0.37565979
0.35219339
0.33166251
0.57387173
0.46272653
0.32981312
0.306835
0.45140681
0.35980672
0.3510552
0.31747454
0.39299157
0.28957546
0.40225905
0.30113026
0.26374853
0.41193408
0.49156576
0.34189954
0.3047379
0.3838996
0.51795024
0.35601199
0.41011304
0.37850815
0.39679509
0.33951172
0.3528454
0.48517364
0.46093121
0.4850556
0.3912425
0.41251752
0.35505733
0.46066573
0.48397088
0.38038427
0.35415682
0.38373291
0.33154896
0.32968244
0.38427508
0.26061431
0.24500951
0.2960465
0.50736433
0.4695487
0.38534513
0.45313185
0.43836725
0.40889066
0.31469694
0.4007965
0.36325288
0.40764272
0.37815532
0.2910389
0.28766263
0.28637892
0.33823141
0.34305957
0.35297111
0.24731284
0.41705039
0.37581396
0.34159669
0.25656483
0.28204432
0.35843182
0.27469286
0.25125813
0.37275031
0.23328112
0.21052204
0.32661945
0.43775436
0.24919055
0.40294769
0.33656755
0.37015828
0.40201086
0.48254788
0.30681887
0.35345587
0.45106304
0.48031667
0.61266947
0.36514214
0.3642427
0.41298082
0.35644796
0.34970951
0.37539187
0.46478879
0.36854243
0.3327176
0.36236542
0.34972331
0.43555123
0.43452922
0.48762679
0.3312895
0.34551266
0.41581067
0.44306684
0.34650281
0.38104433
0.50672233
0.35015059
0.53189516
0.36427945
0.39329088
0.40463281
0.35375005
0.62234914
0.33180475
0.48179361
0.53287286
0.34473357
0.2989468
0.40102115
0.46925491
0.43130353
0.43386698
0.46469426
0.38356021
0.46319705
0.40799013
0.34655556
0.56914413
0.37555319
0.40603879
0.3289111
0.36117637
0.34284142
0.47751707
0.47519979
0.47567415
0.39729679
0.45007107
0.49802324
0.42713973
0.42115316
0.48546699
0.33962357
0.58416885
0.42022952
0.44248915
0.30859351
0.6051017
0.60997695
0.44281012
0.43874782
0.38744029
0.35182452
0.31876421
0.29897627
0.51475811
0.33478627
0.42526323
0.42006391
0.43561444
0.46887919
0.40056989
0.42239654
0.40163565
0.57224017
0.36102194
0.51065236
0.22839968
0.35029134
0.49781546
0.43236148
0.34515706
0.48805371
0.46630359
0.41832155
0.49031922
0.51517457
0.44209859
0.45001051
0.29829672
0.37388337
0.48454776
0.31762928
0.41118997
0.34279239
0.4731321
0.37340093
0.53504574
0.50627285
0.42701444
0.39048922
0.39617193
0.4289391
0.36649632
0.43296537
0.46254185
0.27308008
0.45263752
0.38210282
0.49416566
0.4574185
0.39106476
0.37550491
0.47387648
0.3814629
0.2995654
""
0.26520827
0.43714398
0.40420157
0.42833385
0.37180868
0.39715844
0.56573766
0.47928238
0.41235557
0.41594192
0.46255898
0.2965112
0.53890222
0.30804572
0.47664902
0.4733974
0.33664304
0.43445674
0.39263391
0.3898142
0.60956883
0.45959368
0.45943666
0.49603298
0.37693918
0.34105679
0.34888244
0.32033226
0.42670715
0.34721845
0.35754248
0.43117309
0.33793798
0.52217078
0.36932829
0.28375149
0.61461562
0.66548461
0.42715809
0.5454365
0.5160116
0.42457503
0.34668943
0.58377707
0.3817181
0.048401501
0.49731094
0.62940258
0.44814169
0.47398609
0.44655883
0.68495542
0.42301482
0.48561466
0.44376415
""
""
""
""
""
""
""
""
""
""
""
""
""
""
""
""
""
""
""
""
""
""
""
""
""
""
""
""
""
""
""
""
""
""
""
""
""
""
""
""
""
""
""
""
""
""
""
""
""
""
""
""
""
""
""
""
""
""
""
""
""
""
""
""
""
""
""
""
""
""
""
""
""
""
""
""
""
""
